0;0;0;0;5.32520389243e-05;5.32520389243e-05
0;0;1;0;3.79181765311e-05;3.79181765311e-05
0;0;2;0;6.24113226877e-06;6.23922460363e-06
0;0;3;0;8.22593483463e-06;8.22593483463e-06
0;0;4;0;1.52851487201e-06;1.39814119393e-06
0;0;5;0;2.16068856389e-05;2.16068856389e-05
0;0;6;0;2.67479081231e-05;2.67471914412e-05
0;0;7;0;7.37716118238e-06;7.37716118238e-06
0;0;8;0;2.11838255382e-06;1.77517927114e-06
0;0;9;0;6.50412584946e-06;6.50408674119e-06
0;0;10;0;3.4875597521e-06;3.4875597521e-06
0;0;11;0;3.22083747051e-06;3.22083747051e-06
0;0;12;0;6.14971759205e-06;6.14713007963e-06
0;0;13;0;3.95675988329e-06;3.95675988329e-06
0;0;14;0;9.98595623969e-08;6.5773505753e-08
0;0;15;0;1.31371973566e-06;1.30669025111e-06
0;0;16;0;2.68168514594e-06;2.67740301751e-06
0;0;17;0;1.22501461419e-07;7.6551899042e-08
0;1;0;0;4.15383510699e-05;4.15383510699e-05
0;1;1;0;5.20091489307e-05;5.20090543432e-05
0;1;2;0;1.80487204489e-05;1.80487204489e-05
0;1;3;0;1.92916431843e-05;1.92916431843e-05
0;1;4;0;4.01301585953e-05;4.01301585953e-05
0;1;5;0;3.93857808376e-05;3.93857808376e-05
0;1;6;0;2.86511567538e-05;2.86511385639e-05
0;1;7;0;1.77741731022e-05;1.77741731022e-05
0;1;8;0;3.77526266675e-05;3.77526266675e-05
0;1;9;0;3.34534051945e-05;3.34534051945e-05
0;1;10;0;1.30227035697e-05;1.30227035697e-05
0;1;11;0;1.17157333079e-05;1.17157269415e-05
0;1;12;0;1.66609825101e-05;1.66609825101e-05
0;1;13;0;4.73640693599e-06;4.73640102427e-06
0;1;14;0;3.96681898565e-05;3.96681753045e-05
0;1;15;0;1.80056831596e-05;1.80056467798e-05
0;1;16;0;1.46898300954e-05;1.46898300954e-05
0;1;17;0;8.37321204017e-06;8.37321204017e-06
0;2;0;0;9.13742624107e-05;9.13742260309e-05
0;2;1;0;0.000110808708996;0.000110808708996
0;2;2;0;3.51001872332e-05;3.50983827957e-05
0;2;3;0;3.27290581481e-05;3.27290581481e-05
0;2;4;0;9.32070906856e-05;9.32069815462e-05
0;2;5;0;6.31715811323e-05;6.31715593045e-05
0;2;6;0;4.33782624896e-05;4.33781133324e-05
0;2;7;0;3.2348845707e-05;3.23487074638e-05
0;2;8;0;9.65330837062e-05;9.65330837062e-05
0;2;9;0;5.2980336477e-05;5.2980336477e-05
0;2;10;0;2.25588319154e-05;2.25588082685e-05
0;2;11;0;1.69832910615e-05;1.69832801475e-05
0;2;12;0;2.39805467572e-05;2.3980248443e-05
0;2;13;0;2.00992926693e-05;2.00992926693e-05
0;2;14;0;3.53382238245e-05;3.53382238245e-05
0;2;15;0;4.21420882049e-05;4.21420045313e-05
0;2;16;0;3.33303141815e-05;3.33303141815e-05
0;2;17;0;1.87207951967e-05;1.87207951967e-05
0;3;0;0;9.59903118201e-05;9.59902754403e-05
0;3;1;0;0.000147431448568;0.000102116697235
0;3;2;0;0.000179573427886;6.77944117342e-05
0;3;3;0;0.000175114881131;0.000100808501884
0;3;4;0;9.45887368289e-05;9.45887368289e-05
0;3;5;0;6.4074236434e-05;6.4074236434e-05
0;3;6;0;6.30842478131e-05;4.4470285502e-05
0;3;7;0;7.098903734e-05;5.81307613174e-05
0;3;8;0;9.2255519121e-05;9.22551553231e-05
0;3;9;0;7.66064185882e-05;7.66064040363e-05
0;3;10;0;5.15989304404e-05;4.40261610493e-05
0;3;11;0;4.08148043789e-05;4.08140367654e-05
0;3;12;0;0.000113598667667;0.000113598667667
0;3;13;0;3.15719989885e-05;3.15713914461e-05
0;3;14;0;9.1479443654e-05;9.1479443654e-05
0;3;15;0;5.71033306187e-05;5.71024465899e-05
0;3;16;0;4.70485138067e-05;4.70477534691e-05
0;3;17;0;3.14768294629e-05;3.14767748932e-05
0;4;0;0;0.000101834681118;9.7980038845e-05
0;4;1;0;0.000132015047711;0.000130677188281
0;4;2;0;0.000126944840304;0.000122710785945
0;4;3;0;0.000111325432954;0.00010634346836
0;4;4;0;0.000108392909169;9.17551733437e-05
0;4;5;0;0.000102502548543;0.000102341589809
0;4;6;0;0.000123207879369;0.00012102668552
0;4;7;0;0.000160957468324;0.000147876475239
0;4;8;0;0.000165518911672;9.30752794375e-05
0;4;9;0;0.00274655153044;0.00132668507285
0;4;10;0;0.000308341754135;0.000308341666823
0;4;11;0;0.000905034365132;0.000533676939085
0;4;12;0;0.000298203609418;0.00026523086126
0;4;13;0;0.000744382850826;0.000309512281092
0;4;14;0;0.000125804290292;9.47629669099e-05
0;4;15;0;0.0164771266282;0.0147525779903
0;4;16;0;0.000906954868697;0.000313708733302
0;4;17;0;0.000456502981251;0.000304538931232
0;5;0;0;0.0368763841689;0.0368763841689
0;5;1;0;0.00383447948843;0.00217936956324
0;5;2;0;0.00236302404664;0.00110695522744
0;5;3;0;0.00108413398266;0.00033228340908
0;5;4;0;0.00231460249051;0.00203487789258
0;5;5;0;0.00423954287544;0.00325213000178
0;5;6;0;0.00268307258375;0.00123304501176
0;5;7;0;0.00111291278154;0.000772451108787
0;5;8;0;0.000358169199899;9.92848945316e-05
0;5;9;0;0.000392330286559;0.000311268900987
0;5;10;0;0.00106623512693;0.000268997973762
0;5;11;0;0.000397788651753;0.000191969884327
0;5;12;0;0.000730385654606;0.000461688119685
0;5;13;0;0.000277628161712;0.000277628161712
0;5;14;0;9.95776645141e-05;9.92799105006e-05
0;5;15;0;0.000144529549289;0.000144491219544
0;5;16;0;0.000221588081331;0.000217595239519
0;5;17;0;0.000114198330266;8.21575740702e-05
0;6;0;0;0.000207768622204;0.000207768622204
0;6;1;0;0.000135503418278;0.000135466034408
0;6;2;0;2.73584792012e-05;1.99846945179e-05
0;6;3;0;9.16009230423e-05;9.16008939384e-05
0;6;4;0;0.000570925534703;0.000482363277115
0;6;5;0;6.55523836031e-05;6.55516196275e-05
0;6;6;0;0.000101707155409;8.19633569336e-05
0;6;7;0;0.00020644722099;4.72299616376e-05
0;6;8;0;0.000594236364122;0.000482044386445
0;6;9;0;0.000497614557389;0.000497614440974
0;6;10;0;0.000178616144694;0.000178612142918
0;6;11;0;0.000160594761837;7.99666013336e-05
0;6;12;0;0.000327311863657;0.000143314377056
0;6;13;0;0.000431332242442;0.000115091686894
0;6;14;0;0.0011299806647;0.000482889212435
0;6;15;0;0.000574655306991;0.000253226637142
0;6;16;0;0.000565007154364;0.000393953872845
0;6;17;0;0.000631002534647;0.000147839513374
0;7;0;0;2.74720036941e-07;2.68630884648e-07
0;7;1;0;1.55119380452e-06;1.54570523136e-06
0;7;2;0;1.22660344459e-06;1.144716407e-06
0;7;3;0;2.3876641535e-06;2.30636419474e-06
0;7;4;0;3.56818077307e-06;2.7275609682e-07
0;7;5;0;1.23998381696e-06;1.1454237665e-06
0;7;6;0;1.02875355878e-06;9.44998362229e-07
0;7;7;0;1.31548551963e-06;6.9203105113e-07
0;7;8;0;3.74194655706e-06;1.24226545495e-07
0;7;9;0;9.39263031796e-07;9.39253141041e-07
0;7;10;0;1.68197027506e-06;1.29552563521e-06
0;7;11;0;2.00471822609e-06;1.6454201841e-06
0;7;12;0;8.82039512362e-06;8.82039512362e-06
0;7;13;0;5.38721906196e-05;4.57401729363e-05
0;7;14;0;1.73679200088e-05;1.73673179233e-05
0;7;15;0;6.51790833217e-06;6.44940155325e-06
0;7;16;0;6.10990127825e-06;6.10990127825e-06
0;7;17;0;8.12480429886e-05;7.41166586522e-05
0;8;0;0;7.55274314201e-08;7.22760589156e-08
0;8;1;0;1.48584518911e-07;1.48565106883e-07
0;8;2;0;2.98213905126e-07;2.98209187122e-07
0;8;3;0;8.22272312462e-08;8.22064052386e-08
0;8;4;0;1.37479830187e-07;1.37275151246e-07
0;8;5;0;2.58967418176e-07;2.50444344374e-07
0;8;6;0;1.61863084713e-07;1.61635782092e-07
0;8;7;0;1.34109797045e-07;1.33882437581e-07
0;8;8;0;8.93592613238e-08;4.90526161911e-08
0;8;9;0;1.41045020996e-07;1.40780244351e-07
0;8;10;0;1.07718484799e-07;1.00477905107e-07
0;8;11;0;7.6908769131e-08;6.4016525414e-08
0;8;12;0;4.46905545459e-07;4.46904920182e-07
0;8;13;0;8.7304937324e-07;8.17775742235e-07
0;8;14;0;1.33415184678e-07;9.09469477506e-08
0;8;15;0;3.47931177203e-07;1.81215625616e-07
0;8;16;0;4.72808267205e-07;4.54269326156e-07
0;8;17;0;1.40979341268e-06;1.31677063564e-06
0;9;0;0;7.83460194498e-08;7.81721354315e-08
0;9;1;0;8.78820458183e-07;8.7826657591e-07
0;9;2;0;8.13405804934e-08;8.12516276483e-08
0;9;3;0;5.48779404141e-08;5.42854401431e-08
0;9;4;0;7.18668147215e-08;7.11699215117e-08
0;9;5;0;2.95556162655e-07;2.95539138051e-07
0;9;6;0;1.11890251731e-07;1.11411011972e-07
0;9;7;0;2.91304388611e-07;2.91267980401e-07
0;9;8;0;1.47416088225e-07;1.46537757928e-07
0;9;9;0;2.92098718546e-07;2.92056739681e-07
0;9;10;0;1.35159353931e-07;1.34435950372e-07
0;9;11;0;1.46032391513e-07;1.45848233046e-07
0;9;12;0;4.89099818424e-08;4.83393627349e-08
0;9;13;0;1.04946821011e-07;1.04932986744e-07
0;9;14;0;1.09783940161e-07;9.97381945922e-08
0;9;15;0;1.33029914196e-07;1.32040256062e-07
0;9;16;0;1.49984103359e-07;1.49976202124e-07
0;9;17;0;1.64978558814e-07;1.64856871265e-07
1;0;0;0;8.53431447467e-06;8.53431447467e-06
1;0;1;0;7.04739704815e-06;7.04739341018e-06
1;0;2;0;7.12173869033e-06;7.12173732609e-06
1;0;3;0;6.89958596922e-06;6.89955913913e-06
1;0;4;0;6.42413624519e-06;6.42413624519e-06
1;0;5;0;6.21193476036e-06;6.21193476036e-06
1;0;6;0;6.51053233014e-06;6.51053233014e-06
1;0;7;0;6.16845545665e-06;6.16845545665e-06
1;0;8;0;3.08931385007e-06;3.08931385007e-06
1;0;9;0;5.892065019e-06;5.89203455093e-06
1;0;10;0;2.21619689e-06;2.21619689e-06
1;0;11;0;2.01130364985e-06;2.01095372176e-06
1;0;12;0;5.91291609453e-06;5.91281741436e-06
1;0;13;0;5.20656749359e-06;5.20656749359e-06
1;0;14;0;1.15540785828e-07;1.02108415945e-07
1;0;15;0;2.72669672086e-06;2.72669672086e-06
1;0;16;0;2.28151134252e-06;2.28122462431e-06
1;0;17;0;1.24456008166e-07;1.18532135218e-07
1;1;0;0;1.47751316035e-05;1.4775128875e-05
1;1;1;0;1.55376801558e-05;1.55376801558e-05
1;1;2;0;1.3094669157e-05;1.30946646095e-05
1;1;3;0;1.40319025377e-05;1.40319025377e-05
1;1;4;0;1.4432246644e-05;1.4432246644e-05
1;1;5;0;1.30771968543e-05;1.30771950353e-05
1;1;6;0;1.47227947309e-05;1.47227947309e-05
1;1;7;0;1.32227714857e-05;1.32227678478e-05
1;1;8;0;7.95375035523e-06;7.95375035523e-06
1;1;9;0;1.32824934553e-05;1.32824934553e-05
1;1;10;0;9.78614843916e-06;9.78614843916e-06
1;1;11;0;9.12515679374e-06;9.12515679374e-06
1;1;12;0;1.28459623738e-05;1.28459623738e-05
1;1;13;0;4.16442981077e-06;4.16442981077e-06
1;1;14;0;8.64310095494e-06;8.64310095494e-06
1;1;15;0;9.14591237233e-06;9.14591237233e-06
1;1;16;0;9.33114097279e-06;9.33114097279e-06
1;1;17;0;7.40037148717e-06;7.40037148717e-06
1;2;0;0;2.59477219515e-05;2.59477219515e-05
1;2;1;0;3.41455706803e-05;3.41438317264e-05
1;2;2;0;2.15247491724e-05;2.15245090658e-05
1;2;3;0;2.50395405601e-05;2.50395405601e-05
1;2;4;0;2.40300742007e-05;2.40299377765e-05
1;2;5;0;3.48170833604e-05;3.48170833604e-05
1;2;6;0;3.02576518152e-05;3.02575845126e-05
1;2;7;0;2.46201507252e-05;2.46201270784e-05
1;2;8;0;2.01335424208e-05;2.01335424208e-05
1;2;9;0;2.55427858065e-05;2.55427858065e-05
1;2;10;0;1.83266874956e-05;1.83266874956e-05
1;2;11;0;1.74862816493e-05;1.74862816493e-05
1;2;12;0;1.81048817467e-05;1.81048817467e-05
1;2;13;0;1.50013156599e-05;1.50012601807e-05
1;2;14;0;1.45473450175e-05;1.45473450175e-05
1;2;15;0;1.82094627235e-05;1.82094572665e-05
1;2;16;0;1.73353473656e-05;1.73353255377e-05
1;2;17;0;1.40818692671e-05;1.40818692671e-05
1;3;0;0;0.00013397114526;8.56795813888e-05
1;3;1;0;0.000604528118856;0.000173174979864
1;3;2;0;0.000391214824049;0.000117291099741
1;3;3;0;0.000208162295166;4.24213685619e-05
1;3;4;0;0.000126177881612;0.000126177881612
1;3;5;0;0.000128451982164;2.74839148915e-05
1;3;6;0;0.000157851667609;7.24536948837e-05
1;3;7;0;8.79846920725e-05;4.70670966024e-05
1;3;8;0;2.10356138268e-05;2.07648063224e-05
1;3;9;0;7.47004378354e-05;7.47003869037e-05
1;3;10;0;5.16464242537e-05;3.32049785357e-05
1;3;11;0;4.26223596151e-05;2.88972096314e-05
1;3;12;0;0.000121294164273;0.000121294164273
1;3;13;0;2.97931565001e-05;2.97927581414e-05
1;3;14;0;2.67779741989e-05;2.67778723355e-05
1;3;15;0;5.54959588044e-05;5.54953876417e-05
1;3;16;0;3.66598469554e-05;3.66598469554e-05
1;3;17;0;2.3023758331e-05;2.30234654737e-05
1;4;0;0;0.000108130698209;0.000104390674096
1;4;1;0;0.000120078831969;0.000119048381748
1;4;2;0;0.000128310974105;0.000119025862659
1;4;3;0;0.00012695613259;0.00012695613259
1;4;4;0;9.60520992521e-05;8.41174842208e-05
1;4;5;0;0.000113741443784;0.000113741443784
1;4;6;0;0.000176871049916;0.000176871035364
1;4;7;0;0.000172321801074;0.000172321801074
1;4;8;0;0.0113121615723;0.00382509105839
1;4;9;0;0.0129027068615;0.00701083615422
1;4;10;0;0.000293132441584;0.000293132441584
1;4;11;0;0.0108964284882;0.00420419964939
1;4;12;0;0.000272601813776;0.000272158213193
1;4;13;0;0.0018862405559;0.00131111242808
1;4;14;0;0.0169843286276;0.011622547172
1;4;15;0;0.0210445802659;0.0150390285999
1;4;16;0;0.00254700193182;0.000839619606268
1;4;17;0;0.00127350632101;0.000810109544545
1;5;0;0;0.0162473600358;0.00238603539765
1;5;1;0;0.0191677715629;0.0100676566362
1;5;2;0;0.0021224480588;0.000993338879198
1;5;3;0;0.000982851022854;0.000412754481658
1;5;4;0;0.0169201996177;0.0018252133159
1;5;5;0;0.0169552806765;0.00200494332239
1;5;6;0;0.00267236144282;0.000939360179473
1;5;7;0;0.000798977678642;0.000598174810875
1;5;8;0;0.000238215507125;0.000238112013903
1;5;9;0;0.000409225234762;0.000301214080537
1;5;10;0;0.000476991088362;0.000139266703627
1;5;11;0;0.000334917480359;0.000130947257276
1;5;12;0;0.000488064601086;0.000412361841882
1;5;13;0;0.00014248584921;0.000134075598908
1;5;14;0;0.000107236111944;0.000103629063233
1;5;15;0;0.000178705944563;0.000178033791599
1;5;16;0;0.000214446365135;0.000214446365135
1;5;17;0;0.000132136876346;0.000130295637064
1;6;0;0;0.000102571284515;6.26693145023e-05
1;6;1;0;7.85131269367e-05;7.12137771188e-05
1;6;2;0;3.55914016836e-05;3.55913907697e-05
1;6;3;0;1.80010374606e-05;8.94261393114e-06
1;6;4;0;0.000224800474825;4.21306904173e-05
1;6;5;0;0.000159243456437;9.80734766927e-05
1;6;6;0;0.00012088559015;9.73320929916e-05
1;6;7;0;0.000179963855771;0.000110887551273
1;6;8;0;0.000189661441254;0.00018845438899
1;6;9;0;0.000295941892546;0.000295941892546
1;6;10;0;0.000202277355129;0.000200507973204
1;6;11;0;0.000196778302779;0.000154525012476
1;6;12;0;0.000370157911675;0.000291304953862
1;6;13;0;0.000436814530985;0.000217085398617
1;6;14;0;0.00111333781388;0.00084194727242
1;6;15;0;0.000897177902516;0.000733692373615
1;6;16;0;0.000637096643914;0.000559226900805
1;6;17;0;0.000559778651223;4.33210880146e-05
1;7;0;0;1.71801525539e-06;1.32852903789e-06
1;7;1;0;5.38675294592e-06;5.38629728908e-06
1;7;2;0;1.9532276383e-06;1.89059483091e-06
1;7;3;0;1.36059247779e-06;1.29005252347e-06
1;7;4;0;3.13384298352e-05;3.03413526126e-05
1;7;5;0;1.38163886731e-05;1.19774413179e-05
1;7;6;0;5.31670593773e-07;4.38361098531e-07
1;7;7;0;1.27310147491e-06;1.14761269288e-06
1;7;8;0;5.30811339559e-05;5.24887473148e-05
1;7;9;0;2.67032191914e-07;2.62064844492e-07
1;7;10;0;2.01469310923e-06;2.01464422389e-06
1;7;11;0;1.57465069606e-06;1.22837889194e-06
1;7;12;0;2.40669101004e-06;2.4066896458e-06
1;7;13;0;1.21386492538e-05;1.19012047435e-05
1;7;14;0;2.1962554456e-05;1.53749460878e-05
1;7;15;0;3.56262899004e-05;3.53069772245e-05
1;7;16;0;1.58621405717e-05;1.58618731803e-05
1;7;17;0;1.47030650623e-05;4.6761606427e-06
1;8;0;0;1.04328201189e-07;1.00692957972e-07
1;8;1;0;1.19959096878e-07;1.19810408705e-07
1;8;2;0;2.96491350582e-07;2.96305046277e-07
1;8;3;0;7.32673370862e-08;7.32340339482e-08
1;8;4;0;8.15776900254e-07;8.15563737433e-07
1;8;5;0;2.38611391978e-07;2.37660174207e-07
1;8;6;0;4.62808493751e-08;4.55580178027e-08
1;8;7;0;5.66429214643e-08;5.6446939567e-08
1;8;8;0;1.32100569772e-06;1.26315273974e-06
1;8;9;0;1.55546942437e-07;1.54189791601e-07
1;8;10;0;8.99007162047e-08;8.61347899672e-08
1;8;11;0;1.52735637471e-07;1.38669321359e-07
1;8;12;0;8.87223308155e-08;8.87223308155e-08
1;8;13;0;3.3589759596e-07;3.34343241093e-07
1;8;14;0;1.21994366964e-06;1.08714357339e-06
1;8;15;0;2.7070123565e-07;2.70615402087e-07
1;8;16;0;5.48552236523e-07;5.44686315607e-07
1;8;17;0;7.67347046349e-07;7.47699004933e-07
1;9;0;0;9.2350092018e-08;9.21331633208e-08
1;9;1;0;9.21024820855e-07;9.20677052818e-07
1;9;2;0;7.54239337653e-08;7.49577111492e-08
1;9;3;0;6.28922691703e-08;6.22873059797e-08
1;9;4;0;7.60318528137e-08;7.60043192827e-08
1;9;5;0;2.95487609492e-07;2.95476297651e-07
1;9;6;0;1.24901884391e-08;1.23322694279e-08
1;9;7;0;2.91304417033e-07;2.91274147912e-07
1;9;8;0;1.51476953647e-07;1.51467233422e-07
1;9;9;0;2.92803633783e-07;2.92652174494e-07
1;9;10;0;1.32631043925e-07;1.32403528141e-07
1;9;11;0;1.46269314882e-07;1.46185513472e-07
1;9;12;0;4.62733673601e-08;4.60157778548e-08
1;9;13;0;1.00440168183e-07;1.00405358694e-07
1;9;14;0;1.82301320706e-07;1.82293490525e-07
1;9;15;0;1.09465887022e-07;1.0881643675e-07
1;9;16;0;1.45570339782e-07;1.4555001826e-07
1;9;17;0;1.5960033295e-07;1.59545663792e-07
2;0;0;0;7.39673805583e-06;7.39671258998e-06
2;0;1;0;6.46727539788e-06;6.46727539788e-06
2;0;2;0;6.3631255216e-06;6.3631255216e-06
2;0;3;0;6.10365441389e-06;6.10365441389e-06
2;0;4;0;5.8902191995e-06;5.89021556152e-06
2;0;5;0;5.88556349612e-06;5.88556349612e-06
2;0;6;0;7.84883468441e-06;7.84883377491e-06
2;0;7;0;5.29579483555e-06;5.2957943808e-06
2;0;8;0;2.95467975775e-06;2.95467975775e-06
2;0;9;0;6.23083406026e-06;6.23083360551e-06
2;0;10;0;2.19157050196e-06;2.19156777348e-06
2;0;11;0;2.09319318856e-06;2.09319273381e-06
2;0;12;0;4.66795927423e-06;4.66795927423e-06
2;0;13;0;2.90157890959e-06;2.90157095151e-06
2;0;14;0;1.15826409797e-07;7.32290104111e-08
2;0;15;0;2.7848125228e-06;2.78481138594e-06
2;0;16;0;1.9722469915e-06;1.9722469915e-06
2;0;17;0;1.09965192507e-07;8.43104643877e-08
2;1;0;0;1.24975513245e-05;1.2497550415e-05
2;1;1;0;1.4709989955e-05;1.4709989955e-05
2;1;2;0;9.76557839749e-06;9.76557839749e-06
2;1;3;0;1.03969105112e-05;1.03968914118e-05
2;1;4;0;1.1739159163e-05;1.1739159163e-05
2;1;5;0;1.16684814202e-05;1.16684814202e-05
2;1;6;0;1.59292994795e-05;1.59292776516e-05
2;1;7;0;9.91405522655e-06;9.91399883787e-06
2;1;8;0;6.7300156843e-06;6.73001295581e-06
2;1;9;0;1.13482228699e-05;1.13482192319e-05
2;1;10;0;8.3350287241e-06;8.3350287241e-06
2;1;11;0;7.15766009307e-06;7.15720625521e-06
2;1;12;0;9.25626318349e-06;9.25620770431e-06
2;1;13;0;7.3285345934e-06;7.3285345934e-06
2;1;14;0;7.44161934563e-06;7.44161934563e-06
2;1;15;0;9.54059760261e-06;9.54059032665e-06
2;1;16;0;8.25960887596e-06;8.25950974104e-06
2;1;17;0;6.90399610903e-06;6.90399474479e-06
2;2;0;0;1.9493381842e-05;1.9493381842e-05
2;2;1;0;2.96684538625e-05;2.9668372008e-05
2;2;2;0;1.30281787278e-05;1.30281314341e-05
2;2;3;0;1.38841969601e-05;1.38841905937e-05
2;2;4;0;1.8932396415e-05;1.8932396415e-05
2;2;5;0;2.63591409748e-05;2.63591409748e-05
2;2;6;0;2.74868980341e-05;2.74868980341e-05
2;2;7;0;1.35705467983e-05;1.35705231514e-05
2;2;8;0;1.50708947331e-05;1.50708947331e-05
2;2;9;0;2.09554527828e-05;2.09554418689e-05
2;2;10;0;1.30196949613e-05;1.30196922328e-05
2;2;11;0;1.03763422885e-05;9.37598360906e-06
2;2;12;0;1.30174648802e-05;1.30174648802e-05
2;2;13;0;1.13679925562e-05;1.13679498099e-05
2;2;14;0;1.21791917991e-05;1.21791917991e-05
2;2;15;0;1.53328855959e-05;1.53328855959e-05
2;2;16;0;1.43142106026e-05;1.43142106026e-05
2;2;17;0;1.11380368253e-05;1.11380340968e-05
2;3;0;0;0.000133795067086;6.15761236986e-05
2;3;1;0;0.000268445292022;9.48358210735e-05
2;3;2;0;0.00021163612837;2.7156649594e-05
2;3;3;0;0.000121065066196;1.63051536219e-05
2;3;4;0;8.3582890511e-05;8.35827886476e-05
2;3;5;0;7.52666092012e-05;4.82101531816e-05
2;3;6;0;5.7202498283e-05;1.70804487425e-05
2;3;7;0;7.39636452636e-05;1.73513017216e-05
2;3;8;0;1.71142000909e-05;4.52310314358e-06
2;3;9;0;7.27724400349e-05;7.27724400349e-05
2;3;10;0;2.56728635577e-05;1.57164031407e-05
2;3;11;0;2.03532599699e-05;6.06865660302e-06
2;3;12;0;4.0293791244e-05;1.57066206157e-05
2;3;13;0;1.45901822179e-05;1.45749290823e-05
2;3;14;0;1.93645482796e-05;1.93644955289e-05
2;3;15;0;3.89144297515e-05;3.89144297515e-05
2;3;16;0;2.60814449575e-05;2.60812048509e-05
2;3;17;0;1.44799614645e-05;1.44302593981e-05
2;4;0;0;9.05292836251e-05;8.36711697048e-05
2;4;1;0;0.0;0.0
2;4;2;0;4.91505888931e-05;4.19758580392e-05
2;4;3;0;1.93042687897e-05;1.75169661816e-05
2;4;4;0;0.000155167130288;0.000155167130288
2;4;5;0;0.000101419645944;0.000101419631392
2;4;6;0;0.000218370230868;0.000218370099901
2;4;7;0;3.2981413824e-05;1.6883461285e-05
2;4;8;0;0.0666828975081;0.00479554571211
2;4;9;0;0.00782501231879;0.00432218518108
2;4;10;0;0.000184623146197;0.000184623146197
2;4;11;0;0.0372573323548;0.0080754859373
2;4;12;0;5.88352231716e-05;1.60232066264e-05
2;4;13;0;0.000168675891473;1.56682053785e-05
2;4;14;0;0.00245326478034;0.00136315089185
2;4;15;0;0.00371044850908;0.00178025488276
2;4;16;0;0.0033644111827;0.00263942801394
2;4;17;0;0.000151090018335;1.6108586351e-05
2;5;0;0;0.00296598742716;0.000902451341972
2;5;1;0;0.00321622146294;0.00155126454774
2;5;2;0;0.000490261707455;0.000206224663998
2;5;3;0;0.00018539125449;1.75098230102e-05
2;5;4;0;0.00270026898943;0.000835462764371
2;5;5;0;0.00282431463711;0.00191646593157
2;5;6;0;0.00144329119939;0.000540037581231
2;5;7;0;0.000136176138767;1.74952074303e-05
2;5;8;0;0.000146599777509;0.000106295512524
2;5;9;0;0.000319081998896;0.000319081998896
2;5;10;0;0.00114530499559;3.07623922708e-05
2;5;11;0;5.21001056768e-05;7.27415545043e-06
2;5;12;0;0.00010480502533;1.71987194335e-05
2;5;13;0;2.91120941256e-05;1.74065862666e-05
2;5;14;0;8.65033362061e-05;4.88200421387e-05
2;5;15;0;0.000226779229706;0.000226779229706
2;5;16;0;7.536396879e-05;7.536396879e-05
2;5;17;0;1.95424599951e-05;1.74445995071e-05
2;6;0;0;3.59012483386e-05;3.41543886861e-06
2;6;1;0;5.41030567547e-06;4.39193627244e-06
2;6;2;0;4.86141107103e-06;2.45660498877e-06
2;6;3;0;1.30496628117e-05;1.5242947029e-06
2;6;4;0;0.000226146308705;0.000146689752
2;6;5;0;0.000132268833113;8.29436030472e-05
2;6;6;0;1.90322934941e-05;1.51806289068e-05
2;6;7;0;4.17386836489e-05;5.18319666298e-06
2;6;8;0;0.00015667383559;0.000141290976899
2;6;9;0;0.000209267818718;0.000209267818718
2;6;10;0;3.40037404385e-05;1.06836350824e-05
2;6;11;0;7.48075835872e-05;7.36044457881e-05
2;6;12;0;6.50200672681e-05;1.2085220078e-05
2;6;13;0;0.000107717707579;1.48485514728e-05
2;6;14;0;0.000587812101003;0.000232779013459
2;6;15;0;0.000583623943385;0.000498885463458
2;6;16;0;0.000388035434298;0.000387650739867
2;6;17;0;0.000155064219143;1.74462293216e-05
2;7;0;0;1.16903947855e-06;1.16847650133e-06
2;7;1;0;2.04656817004e-06;2.04647926694e-06
2;7;2;0;3.6559870864e-07;2.96019692314e-07
2;7;3;0;7.25086920284e-07;4.71016846859e-07
2;7;4;0;1.4645876945e-05;1.42346352732e-05
2;7;5;0;8.34280126583e-06;7.95658979769e-06
2;7;6;0;5.69867495415e-07;5.69335441014e-07
2;7;7;0;9.61260866461e-07;5.41684869404e-07
2;7;8;0;1.60544786922e-05;1.44795576489e-05
2;7;9;0;7.28961765617e-07;7.27564099634e-07
2;7;10;0;1.60244974268e-06;1.09598920517e-06
2;7;11;0;2.09965105569e-06;1.51462245412e-06
2;7;12;0;1.21779726214e-06;4.94919959237e-07
2;7;13;0;1.37327106131e-06;6.43718806259e-07
2;7;14;0;7.76913657319e-06;7.76913657319e-06
2;7;15;0;5.0570320127e-06;4.71580187877e-06
2;7;16;0;2.18656691686e-06;2.1865562303e-06
2;7;17;0;3.92922220271e-06;3.41258328262e-07
2;8;0;0;9.51003826799e-08;9.09878181687e-08
2;8;1;0;1.13965207049e-07;1.13826565951e-07
2;8;2;0;2.9532347412e-07;2.95106616477e-07
2;8;3;0;6.69572983725e-08;5.60810704542e-08
2;8;4;0;2.17933120439e-07;2.17889194687e-07
2;8;5;0;1.86762374454e-08;1.10899689432e-08
2;8;6;0;2.69197055758e-08;2.6822460697e-08
2;8;7;0;3.88187011424e-08;2.8054055079e-08
2;8;8;0;4.79923983221e-07;4.75029764857e-07
2;8;9;0;1.37692921953e-07;1.37659043276e-07
2;8;10;0;6.84782861526e-08;6.15807280724e-08
2;8;11;0;9.71065858835e-08;8.23334431743e-08
2;8;12;0;1.19246010399e-07;1.04743556051e-07
2;8;13;0;4.99166333157e-07;4.42974510406e-07
2;8;14;0;6.72987084727e-07;6.38291851374e-07
2;8;15;0;1.45334524859e-07;1.33106240696e-07
2;8;16;0;4.38402850023e-07;4.35051475733e-07
2;8;17;0;5.16034106113e-07;4.22106097631e-07
2;9;0;0;8.95573322168e-08;8.95216842878e-08
2;9;1;0;9.11665210879e-07;9.11631275358e-07
2;9;2;0;7.26134032902e-08;7.20577162383e-08
2;9;3;0;5.52247136909e-08;5.4902844937e-08
2;9;4;0;7.48174855403e-08;7.47783630572e-08
2;9;5;0;2.95416469953e-07;2.9541459412e-07
2;9;6;0;1.06539168598e-07;1.06495740226e-07
2;9;7;0;2.90355529842e-07;2.9014250913e-07
2;9;8;0;1.50471748839e-07;1.50464941839e-07
2;9;9;0;2.92906605637e-07;2.92878638675e-07
2;9;10;0;1.36449997967e-07;1.35613774432e-07
2;9;11;0;1.48299733382e-07;1.48272832234e-07
2;9;12;0;2.23188152404e-08;2.20587352828e-08
2;9;13;0;8.35102866859e-08;8.22374275344e-08
2;9;14;0;1.75668219526e-07;1.75625416432e-07
2;9;15;0;1.09709098695e-07;1.09385169367e-07
2;9;16;0;1.46425932712e-07;1.46121010403e-07
2;9;17;0;1.41175561907e-07;1.39774243735e-07
