0;0;0;0;0.000822105153929;1.1062554222e-05
0;0;1;0;0.00134790677112;4.988548244e-05
0;0;2;0;0.00153771159239;0.000368993467418
0;0;3;0;0.00131158903241;0.000422085402533
0;0;4;0;0.000449300772743;8.81730102265e-06
0;0;5;0;0.000592029129621;4.86820790684e-05
0;0;6;0;0.000650600239169;7.01021854184e-05
0;0;7;0;0.000756175199058;0.000267229828751
0;0;8;0;0.000305569614284;5.77657147005e-06
0;0;9;0;0.00025237351656;5.90658528381e-05
0;0;10;0;0.000425138743594;7.12174296496e-05
0;0;11;0;0.000436091620941;6.39573627268e-05
0;0;12;0;0.00057365745306;0.000120708886243
0;0;13;0;0.000221946655074;5.38693311682e-05
0;0;14;0;4.94136802445e-05;7.46699379306e-06
0;0;15;0;0.000200674025109;6.6861562118e-06
0;0;16;0;0.000206563388929;6.34291645838e-05
0;0;17;0;6.37666526018e-05;6.31315124338e-05
0;1;0;0;0.00176048837602;1.12359530249e-05
0;1;1;0;0.00203375867568;0.000712047738489
0;1;2;0;0.00188979832456;0.000476021115901
0;1;3;0;0.00211899657734;0.000607199792285
0;1;4;0;0.00184783595614;1.43131028381e-05
0;1;5;0;0.00297868088819;0.000328940601321
0;1;6;0;0.00238952203654;0.000577200902626
0;1;7;0;0.00258004595526;0.00103894004133
0;1;8;0;0.00177388626616;1.23631580209e-05
0;1;9;0;0.00193776481319;0.000356380012818
0;1;10;0;0.00227599148639;2.20368910959e-05
0;1;11;0;0.00328179378994;0.000288043054752
0;1;12;0;0.00221851468086;0.000520919216797
0;1;13;0;0.00194462086074;0.000386854429962
0;1;14;0;0.00136490201112;1.11734761958e-05
0;1;15;0;0.00184798764531;0.000151152125909
0;1;16;0;0.00258899689652;0.000303856068058
0;1;17;0;0.00166661338881;0.000134377827635
0;2;0;0;0.000195740911295;2.31505637203e-05
0;2;1;0;0.000398852396756;0.000398852396756
0;2;2;0;0.000408762949519;0.000408762949519
0;2;3;0;0.000690115208272;0.000690115208272
0;2;4;0;0.000468803860713;2.03873314604e-05
0;2;5;0;0.000482211500639;0.000397558091208
0;2;6;0;0.000300253217574;0.000300253217574
0;2;7;0;0.000817273801658;0.000817273801658
0;2;8;0;0.000666061532684;1.75963086804e-05
0;2;9;0;0.000697809038684;0.000568733958062
0;2;10;0;0.000596641330048;0.000439040828496
0;2;11;0;0.000823646725621;0.000439615483629
0;2;12;0;0.000752019346692;0.000589450413827
0;2;13;0;0.00139363366179;0.000719088071492
0;2;14;0;0.00129450217355;1.05173994598e-05
0;2;15;0;0.000885546964128;0.000312356103677
0;2;16;0;0.00103444536217;0.000475003122119
0;2;17;0;0.0016547649866;0.000219418623601
0;3;0;0;0.00338694266975;2.82962500933e-05
0;3;1;0;0.00818941369653;0.00188594835345
0;3;2;0;0.00920134969056;0.00203567999415
0;3;3;0;0.00638884445652;0.00115849357098
0;3;4;0;0.00208424567245;2.70143591479e-05
0;3;5;0;0.00366832688451;0.00199649436399
0;3;6;0;0.00495524797589;0.000751967541873
0;3;7;0;0.00413462985307;0.00106751301792
0;3;8;0;0.00158171739895;2.44700531766e-05
0;3;9;0;0.00177672854625;0.00177672854625
0;3;10;0;0.00148179614916;0.000506027427036
0;3;11;0;0.00201592012309;0.000107132145786
0;3;12;0;0.00270631443709;0.00148198404349
0;3;13;0;0.00093801622279;0.00072328542592
0;3;14;0;0.000447288563009;2.35877760133e-05
0;3;15;0;0.000503607443534;0.000503607443534
0;3;16;0;0.000847086310387;0.000847086310387
0;3;17;0;0.000631068600342;0.000532879785169
0;4;0;0;0.0087925773114;2.94225101243e-05
0;4;1;0;0.0331679992378;0.00292852451093
0;4;2;0;0.0260834190995;0.00541923614219
0;4;3;0;0.0118075665087;0.000527944590431
0;4;4;0;0.00798968784511;2.93441389658e-05
0;4;5;0;0.0365304239094;0.0188655331731
0;4;6;0;0.0359570756555;0.0168061479926
0;4;7;0;0.0136008635163;0.00288086547516
0;4;8;0;0.00745148677379;2.80202821159e-05
0;4;9;0;0.038240917027;0.0190748032182
0;4;10;0;0.023839039728;0.00470141461119
0;4;11;0;0.0228035952896;0.00395781267434
0;4;12;0;0.0121340239421;0.00337940314785
0;4;13;0;0.0109451850876;0.00238069496118
0;4;14;0;0.00551520567387;2.76844693872e-05
0;4;15;0;0.0506966561079;0.0340187624097
0;4;16;0;0.0276160165668;0.0118714086711
0;4;17;0;0.0089052664116;0.00148453377187
0;5;0;0;0.00624769832939;2.99538533e-05
0;5;1;0;0.00387853453867;0.00193721568212
0;5;2;0;0.00373853929341;0.00122268323321
0;5;3;0;0.00502077583224;0.000657101045363
0;5;4;0;0.00745115475729;2.99029852613e-05
0;5;5;0;0.00623419508338;0.00249189697206
0;5;6;0;0.00510196154937;0.000167960024555
0;5;7;0;0.00668630702421;0.000699290540069
0;5;8;0;0.00796243455261;2.95602840197e-05
0;5;9;0;0.00664358166978;0.00316967954859
0;5;10;0;0.00752372574061;0.00114913855214
0;5;11;0;0.00788979325444;0.000413029221818
0;5;12;0;0.00764635717496;0.00108157063369
0;5;13;0;0.00965102668852;0.000864488247316
0;5;14;0;0.0092446366325;2.93958491966e-05
0;5;15;0;0.00845528580248;0.00341254030354
0;5;16;0;0.00877769198269;0.00266294321045
0;5;17;0;0.0107524292544;0.000596378115006
0;6;0;0;0.00134847674053;4.64698445057e-07
0;6;1;0;0.000745378551073;0.000406722887419
0;6;2;0;0.000571046955884;0.000149413855979
0;6;3;0;0.00085973815294;0.000226382995606
0;6;4;0;0.00220441026613;4.32566184827e-06
0;6;5;0;0.0017721184995;0.000363461353118
0;6;6;0;0.00159455253743;0.000127861596411
0;6;7;0;0.00158183951862;0.000303704495309
0;6;8;0;0.00272653857246;1.47161899804e-05
0;6;9;0;0.00187992118299;0.000884566805325
0;6;10;0;0.00220203725621;0.000788013858255
0;6;11;0;0.00236030854285;0.000213494116906
0;6;12;0;0.0020750160329;0.000787063327152
0;6;13;0;0.00291388249025;0.000702467921656
0;6;14;0;0.00448998296633;2.23086790356e-05
0;6;15;0;0.00297049502842;0.00098156509921
0;6;16;0;0.00302901072428;0.000989671447314
0;6;17;0;0.0040174908936;0.000313020485919
0;7;0;0;0.0001238824334;1.55337274919e-05
0;7;1;0;0.000111340115836;3.27082416334e-05
0;7;2;0;0.000165081655723;7.29367748136e-05
0;7;3;0;0.000169860766619;7.70600017859e-05
0;7;4;0;0.000119156124128;1.59317514772e-05
0;7;5;0;0.000209064091905;0.000134886926389
0;7;6;0;0.000104162805656;3.08229209622e-05
0;7;7;0;0.000143557044794;5.80941268709e-05
0;7;8;0;0.000155294765136;1.40381362144e-05
0;7;9;0;0.000183638418093;0.000120968667034
0;7;10;0;0.000188146950677;6.4830048359e-05
0;7;11;0;0.000165589779499;7.42647680454e-05
0;7;12;0;0.000135782247526;3.44699110428e-05
0;7;13;0;0.000278219464235;9.54232309596e-05
0;7;14;0;0.000590195239056;7.67878646002e-06
0;7;15;0;0.000220737914788;3.02734260913e-05
0;7;16;0;0.000231951256865;0.000155909408932
0;7;17;0;0.000531477387995;0.000167060221429
0;8;0;0;0.000106090876216;1.41904311022e-05
0;8;1;0;0.000102228397736;1.93575870071e-05
0;8;2;0;0.000123777106637;3.93455193262e-05
0;8;3;0;0.00012371444609;4.71978419228e-05
0;8;4;0;0.000111723522423;1.50388395923e-05
0;8;5;0;0.000166949699633;8.91553572728e-05
0;8;6;0;8.41938453959e-05;5.44022532267e-06
0;8;7;0;0.000108167805593;2.80342446786e-05
0;8;8;0;0.000124047612189;1.52102693391e-05
0;8;9;0;0.000138245537528;4.67433528684e-05
0;8;10;0;0.000126285289298;3.66526001017e-05
0;8;11;0;0.000129485240905;3.75805830117e-05
0;8;12;0;0.000107623236545;3.66450076399e-05
0;8;13;0;0.0001605325524;6.72039750498e-05
0;8;14;0;0.000127474486362;1.53678120114e-05
0;8;15;0;0.000149860497913;6.08227164776e-05
0;8;16;0;0.000125421589473;3.49708570866e-05
0;8;17;0;0.000163224380231;6.87585852575e-05
0;9;0;0;0.000103636950371;1.38284458444e-05
0;9;1;0;7.0293652243e-05;4.25460821134e-05
0;9;2;0;0.000134625137434;8.51532677189e-05
0;9;3;0;8.46428811201e-05;2.51751462201e-05
0;9;4;0;0.000123462450574;1.54264271259e-05
0;9;5;0;0.000138541843626;0.000108823180199
0;9;6;0;8.86903217179e-05;1.70690873347e-05
0;9;7;0;9.87841776805e-05;1.66640966199e-05
0;9;8;0;0.000126792641822;1.56420810526e-05
0;9;9;0;0.000131778404466;5.734446313e-05
0;9;10;0;0.000105623206764;2.48172145803e-05
0;9;11;0;0.00011476171494;2.73021905741e-05
0;9;12;0;9.35847056098e-05;2.53190555668e-05
0;9;13;0;0.000136342627229;6.81134843035e-05
0;9;14;0;0.000111779278086;1.42754051922e-05
0;9;15;0;0.000128806219436;4.34212124674e-05
0;9;16;0;0.000109313557914;2.17047036131e-05
0;9;17;0;0.000123503719806;5.81786443945e-05
1;0;0;0;0.00113103876356;0.000363065686543
1;0;1;0;0.00198074546643;0.00132229016162
1;0;2;0;0.00248776096851;0.00134823995177
1;0;3;0;0.00212451443076;0.00128489139024
1;0;4;0;0.000612443254795;8.7878870545e-05
1;0;5;0;0.000951537222136;0.000515480642207
1;0;6;0;0.0013101779623;0.0013101779623
1;0;7;0;0.00113531353418;0.000504566822201
1;0;8;0;0.000415604066802;0.000323589309119
1;0;9;0;0.00060451484751;0.000418868236011
1;0;10;0;0.000662096543238;0.000361178797903
1;0;11;0;0.000885816058144;0.000642487138975
1;0;12;0;0.000913049443625;0.000721638032701
1;0;13;0;0.000470051192679;0.000365886662621
1;0;14;0;0.000101162921055;0.000101162921055
1;0;15;0;0.000289989839075;0.000231699174037
1;0;16;0;0.000300545420032;0.000300378713291
1;0;17;0;0.000184877673746;0.000184877673746
1;1;0;0;0.00392331974581;0.000204581738217
1;1;1;0;0.00364011409692;0.000617700978182
1;1;2;0;0.00419274065644;0.00207194266841
1;1;3;0;0.00389020913281;0.00113689224236
1;1;4;0;0.0107125919312;0.00114433618728
1;1;5;0;0.0339081436396;0.00254883663729
1;1;6;0;0.0430779419839;0.00819009635597
1;1;7;0;0.0046004448086;0.00152960803825
1;1;8;0;0.0284357741475;0.00890835188329
1;1;9;0;0.035366397351;0.0213272497058
1;1;10;0;0.0262788813561;0.00379499234259
1;1;11;0;0.0307659525424;0.0083251465112
1;1;12;0;0.00392270646989;0.00153415976092
1;1;13;0;0.00326710683294;0.000847418035846
1;1;14;0;0.00745247723535;0.00318128569052
1;1;15;0;0.0;0.0
1;1;16;0;0.0187899507582;0.0165480356663
1;1;17;0;0.00255565694533;0.0011621164158
1;2;0;0;0.000554765691049;0.000554765691049
1;2;1;0;0.000872618111316;0.000872618111316
1;2;2;0;0.00116289849393;0.00116289849393
1;2;3;0;0.00152048328891;0.00152048328891
1;2;4;0;0.000601126928814;0.000336116325343
1;2;5;0;0.00060364685487;0.00060364685487
1;2;6;0;0.00153181632049;0.00153181632049
1;2;7;0;0.00212959293276;0.00212959293276
1;2;8;0;0.00070398702519;0.000297460093861
1;2;9;0;0.000733792432584;0.000733792432584
1;2;10;0;0.00205839937553;0.00205839937553
1;2;11;0;0.00230769487098;0.00230769487098
1;2;12;0;0.00162995234132;0.00162995234132
1;2;13;0;0.00200379639864;0.00138873409014
1;2;14;0;0.00163805508055;0.000479230773635
1;2;15;0;0.00141664117109;0.00111356202979
1;2;16;0;0.00255163572729;0.00255163572729
1;2;17;0;0.00225738016888;0.00103556585964
1;3;0;0;0.00572721054778;0.00182995945215
1;3;1;0;0.0167820192873;0.00416945200413
1;3;2;0;0.0158559586853;0.00325349764898
1;3;3;0;0.00819620955735;0.00201439671218
1;3;4;0;0.00268623628654;0.00268623628654
1;3;5;0;0.0072734686546;0.000368488050299
1;3;6;0;0.0078509002924;0.00228786584921
1;3;7;0;0.00559616228566;0.00223958468996
1;3;8;0;0.00127329898532;0.00111097435001
1;3;9;0;0.00150875130203;0.00150875130203
1;3;10;0;0.00172579754144;0.00172579754144
1;3;11;0;0.00215259892866;0.00215259892866
1;3;12;0;0.00330710737035;0.00214291643351
1;3;13;0;0.00208573974669;0.00208573974669
1;3;14;0;0.00271170819178;0.000407123297919
1;3;15;0;0.00104795326479;0.00104795326479
1;3;16;0;0.00210901745595;0.00210901745595
1;3;17;0;0.00169847428333;0.00169847428333
1;4;0;0;0.0142406728119;0.000912160088774
1;4;1;0;0.0122217824683;0.0017330480041
1;4;2;0;0.0130083188415;0.0047216406092
1;4;3;0;0.012986744754;0.00112375128083
1;4;4;0;0.0527798049152;0.00838550459594
1;4;5;0;0.0528590232134;0.00774372788146
1;4;6;0;0.0274760890752;0.00754401553422
1;4;7;0;0.0153593104333;0.00114283245057
1;4;8;1;0.3;0.3
1;4;9;0;0.213959336281;0.0367798469961
1;4;10;0;0.0281692743301;0.00179711775854
1;4;11;0;0.0419177822769;0.010244069621
1;4;12;0;0.0143907889724;0.00614291802049
1;4;13;0;0.0139311952516;0.00402568466961
1;4;14;0;0.0368217602372;0.00710977287963
1;4;15;0;0.0639704242349;0.0212127473205
1;4;16;0;0.0625928789377;0.0341678597033
1;4;17;0;0.0126024680212;0.00533475866541
1;5;0;0;0.00518072303385;0.00150098965969
1;5;1;0;0.0037009739317;0.00107903045136
1;5;2;0;0.00367822963744;0.000770363141783
1;5;3;0;0.00490446668118;0.000363259139704
1;5;4;0;0.00713234394789;0.00140599976294
1;5;5;0;0.00645317928866;0.000983073725365
1;5;6;0;0.00675478158519;0.00124664604664
1;5;7;0;0.00681257527322;0.00149831338786
1;5;8;0;0.00674514332786;0.000453283428214
1;5;9;0;0.00829196721315;0.00142253341619
1;5;10;0;0.00613167043775;0.0014659462031
1;5;11;0;0.00712350057438;0.000805287039839
1;5;12;0;0.00779657019302;0.00127708679065
1;5;13;0;0.00996097177267;0.000404429127229
1;5;14;0;0.0107978451997;0.00100527086761
1;5;15;0;0.00913245789707;0.00211244635284
1;5;16;0;0.00915330648422;0.00279427948408
1;5;17;0;0.0113879060373;0.000904606888071
1;6;0;0;0.00114145455882;7.13724730304e-05
1;6;1;0;0.000413713714806;8.59809588292e-05
1;6;2;0;0.000399152864702;0.000374418596039
1;6;3;0;0.000668443622999;0.000439673749497
1;6;4;0;0.00186033616774;7.87946191849e-05
1;6;5;0;0.00144980230834;0.000114341870358
1;6;6;0;0.0012754391646;0.000334534764988
1;6;7;0;0.00136269989889;8.57017294038e-05
1;6;8;0;0.00169520382769;0.000753909524065
1;6;9;0;0.00246404996142;0.000434439920355
1;6;10;0;0.00145275169052;0.000325638276991
1;6;11;0;0.00178707367741;0.000356633885531
1;6;12;0;0.00185893336311;0.000126765997265
1;6;13;0;0.00274263950996;3.18910060741e-05
1;6;14;0;0.00387090281583;0.000570302945562
1;6;15;0;0.00258176075295;0.000786857621279
1;6;16;0;0.00276402942836;0.00143495399971
1;6;17;0;0.00391816627234;0.000346905493643
1;7;0;0;0.000163192904438;8.06154712336e-05
1;7;1;0;0.000188548539882;8.28932315926e-05
1;7;2;0;0.000165100136655;8.24273738544e-05
1;7;3;0;0.00018485741748;0.000101000412542
1;7;4;0;0.000167571022757;9.01257008081e-05
1;7;5;0;0.000177651949343;0.000100985751487
1;7;6;0;0.000137113776873;4.85706877953e-05
1;7;7;0;0.000161757896421;7.61078699725e-05
1;7;8;0;0.000343588966643;0.000298023311188
1;7;9;0;0.000171905805473;9.95820664684e-05
1;7;10;0;0.000222349059186;8.49884672789e-05
1;7;11;0;0.000191283848835;8.62064916873e-05
1;7;12;0;0.000147575658048;3.18979182339e-05
1;7;13;0;0.000257526437053;0.000140362841194
1;7;14;0;0.000460726150777;0.000147582672071
1;7;15;0;0.000191448576516;0.000147602433572
1;7;16;0;0.000194408392417;0.000124142839923
1;7;17;0;0.000401661585784;0.000263376219664
1;8;0;0;0.000114067479444;4.61362833448e-05
1;8;1;0;0.000113684036478;5.73236538912e-05
1;8;2;0;0.000122923767776;3.29867580149e-05
1;8;3;0;0.000131956505356;4.61272575194e-05
1;8;4;0;0.000127221006551;5.44968424947e-05
1;8;5;0;0.000129432606627;5.63147950743e-05
1;8;6;0;0.000119303862448;2.60966044152e-05
1;8;7;0;0.000117972347653;3.16420118907e-05
1;8;8;0;0.000186631543329;0.000112270296086
1;8;9;0;0.00012739560043;3.84447012038e-05
1;8;10;0;0.000142093354953;4.61713716504e-05
1;8;11;0;0.000141979791806;4.76614004583e-05
1;8;12;0;0.000127745806822;3.62189966836e-05
1;8;13;0;0.000168144892086;7.08654988557e-05
1;8;14;0;0.000168735597981;8.22622168926e-05
1;8;15;0;0.000142886507092;5.09121418872e-05
1;8;16;0;0.000144038946019;4.8730387789e-05
1;8;17;0;0.000176435627509;7.76180168032e-05
1;9;0;0;8.0241188698e-05;1.14797394417e-05
1;9;1;0;8.40284556034e-05;5.0501923397e-05
1;9;2;0;0.000130490429001;7.47159429011e-05
1;9;3;0;0.000101885081676;4.33899040218e-05
1;9;4;0;0.000110425360617;7.32212356525e-05
1;9;5;0;0.000109444474219;6.65576662868e-05
1;9;6;0;0.000110047636554;4.64124095743e-05
1;9;7;0;0.000121532182675;2.36397263507e-05
1;9;8;0;0.000147082013427;7.26781072444e-05
1;9;9;0;9.47881708271e-05;4.48872160632e-05
1;9;10;0;0.000122413548524;2.44059792749e-05
1;9;11;0;0.000136606147862;2.63921101578e-05
1;9;12;0;0.000116283081297;4.87297074869e-05
1;9;13;0;0.000148993116454;6.80430312059e-05
1;9;14;0;0.000110649591079;4.28766143159e-05
1;9;15;0;0.000111460372864;3.82751131838e-05
1;9;16;0;0.00012207137479;2.52293721132e-05
1;9;17;0;0.000136546877911;5.49083379155e-05
2;0;0;0;0.00143838510849;0.00133576127701
2;0;1;0;0.00227715121582;0.00173759006429
2;0;2;0;0.00227462756447;0.000293636869173
2;0;3;0;0.00183245085645;1.75682509962e-06
2;0;4;0;0.00169472338166;0.00169472338166
2;0;5;0;0.00127340201288;0.00127122562844
2;0;6;0;0.00122641085181;0.000154965702677
2;0;7;0;0.00115701998584;2.61763398157e-06
2;0;8;0;0.000534527411219;0.000523169990629
2;0;9;0;0.000642612925731;0.000642400817014
2;0;10;0;0.000696627947036;3.25338623952e-05
2;0;11;0;0.000707423023414;0.000153313114424
2;0;12;0;0.000868060917128;3.70658381144e-05
2;0;13;0;0.000317933328915;5.51281373191e-05
2;0;14;0;0.000245987786911;0.000245987786911
2;0;15;0;0.000406339793699;0.000335143617122
2;0;16;0;0.000404428777983;0.000151272441144
2;0;17;0;0.000172099971678;3.78105005439e-06
2;1;0;0;0.0100861378014;0.00371081545018
2;1;1;1;0.3;0.3
2;1;2;0;0.00836318079382;0.000344440311892
2;1;3;0;0.00248035509139;4.1250630602e-05
2;1;4;0;0.0078531075269;0.00113830529153
2;1;5;0;0.00779142556712;0.000880737439729
2;1;6;0;0.00791482441127;0.00208045775071
2;1;7;0;0.00275735952891;3.1770489386e-06
2;1;8;0;0.00708283949643;0.0028092218563
2;1;9;0;0.0160830561072;0.00162759178784
2;1;10;0;0.00879027321935;0.000631729781162
2;1;11;0;0.0078513706103;0.000458394904854
2;1;12;0;0.00275809457526;3.05305138681e-06
2;1;13;0;0.00262777600437;2.58800560005e-06
2;1;14;0;0.00249715428799;0.00105254212394
2;1;15;0;0.00320829963312;0.00134830398019
2;1;16;0;0.00305756786838;0.00064331543399
2;1;17;0;0.00221968512051;1.60066349508e-06
2;2;0;0;0.00184127071407;0.00184127071407
2;2;1;0;0.00200116727501;0.00200116727501
2;2;2;0;0.000419565447373;0.000415897404309
2;2;3;0;0.000167474587215;2.48727246799e-06
2;2;4;0;0.00103053625207;0.000775212189183
2;2;5;0;0.00129474909045;0.00129474909045
2;2;6;0;0.000282092718408;0.000210539015825
2;2;7;0;0.000555009697564;3.36297694048e-06
2;2;8;0;0.00232728617266;0.00157645798754
2;2;9;0;0.0024843798019;0.00236846273765
2;2;10;0;0.000604145578109;0.000567770388443
2;2;11;0;0.00189868535381;0.000834458624013
2;2;12;0;0.000648457091302;3.69887425222e-06
2;2;13;0;0.00164570577908;2.94506571663e-06
2;2;14;0;0.0029422743246;0.000353356561391
2;2;15;0;0.00350602786057;0.00284280022606
2;2;16;0;0.00229056365788;0.00152846635319
2;2;17;0;0.00210903654806;8.71965676197e-05
2;3;0;0;0.00473644398153;0.00305855460465
2;3;1;0;0.00765585713089;0.00432786159217
2;3;2;0;0.00909108109772;0.00250362441875
2;3;3;0;0.00501465145499;7.62890977057e-06
2;3;4;0;0.00282727042213;0.00267402431928
2;3;5;0;0.00291586131789;0.00209417566657
2;3;6;0;0.00366675062105;0.00053966359701
2;3;7;0;0.00450015673414;1.80067740985e-06
2;3;8;0;0.0020059554372;0.0020059554372
2;3;9;0;0.00157105678227;0.00157105678227
2;3;10;0;0.000862015469465;0.000263408990577
2;3;11;0;0.00109147839248;0.000235803527175
2;3;12;0;0.00237760832533;2.87619832307e-06
2;3;13;0;0.000991548062302;2.68040298579e-06
2;3;14;0;0.00129627017304;0.00129627017304
2;3;15;0;0.00116917653941;0.00116917653941
2;3;16;0;0.000570716685615;0.000570716685615
2;3;17;0;0.000445511133876;2.67783366326e-06
2;4;0;0;0.0144278174266;0.00186457880773
2;4;1;0;0.0114050302655;0.00504497392103
2;4;2;0;0.0103760305792;0.00318984338082
2;4;3;0;0.00963789224625;5.9661710111e-05
2;4;4;0;0.0799545124173;0.0435591675341
2;4;5;0;0.0842286273837;0.0446635819972
2;4;6;0;0.0896634161472;0.0271390210837
2;4;7;0;0.00959214847535;5.95447854721e-05
2;4;8;1;0.3;0.3
2;4;9;1;0.3;0.3
2;4;10;0;0.0903612300754;0.0484332740307
2;4;11;0;0.104010045528;0.0808029919863
2;4;12;0;0.00903929024935;1.4597389054e-05
2;4;13;0;0.0074474955909;1.50011856022e-05
2;4;14;0;0.0176658928394;0.0028311451897
2;4;15;0;0.0380938015878;0.00974303018302
2;4;16;0;0.0342694558203;0.0128945661709
2;4;17;0;0.00631737615913;1.47270347952e-05
2;5;0;0;0.00420987932011;0.00166220776737
2;5;1;0;0.00298770540394;0.00144899473526
2;5;2;0;0.00315996538848;0.000729003979359
2;5;3;0;0.00555245950818;5.9867703385e-05
2;5;4;0;0.00583218457177;0.00173732242547
2;5;5;0;0.00496406434104;0.000870636606123
2;5;6;0;0.00460924534127;0.000370107154595
2;5;7;0;0.00698436610401;5.99577433604e-05
2;5;8;0;0.00462474720553;0.000752722960897
2;5;9;0;0.00652716448531;0.00179043854587
2;5;10;0;0.00581627478823;0.00169101147912
2;5;11;0;0.00576106738299;0.00266534625553
2;5;12;0;0.00757536804304;5.99081031396e-05
2;5;13;0;0.00884833279997;5.98765109316e-05
2;5;14;0;0.011076239869;0.000647424429189
2;5;15;0;0.00767030892894;0.00323466397822
2;5;16;0;0.00807642564178;0.00307991006412
2;5;17;0;0.00932488404214;5.97204270889e-05
2;6;0;0;0.00107472506352;0.00044578264351
2;6;1;0;0.00042112369556;0.000258609798038
2;6;2;0;0.000559379637707;0.000533775310032
2;6;3;0;0.00102240324486;6.00527346251e-05
2;6;4;0;0.00179961859249;0.000346395390807
2;6;5;0;0.00152960128617;0.000367866276065
2;6;6;0;0.00157888105605;0.000417740782723
2;6;7;0;0.0018690401921;6.01290121267e-05
2;6;8;0;0.00214678817429;0.000476243090816
2;6;9;0;0.0018682325026;0.000228869146667
2;6;10;0;0.00230336352251;0.000301176274661
2;6;11;0;0.00248875608668;0.000355789379682
2;6;12;0;0.00236800941639;6.01412102696e-05
2;6;13;0;0.00335679319687;6.00964376645e-05
2;6;14;0;0.00392502825707;0.000860286934767
2;6;15;0;0.00294882827438;0.000744010205381
2;6;16;0;0.00308045581914;0.000916586897802
2;6;17;0;0.00463283341378;5.99368067924e-05
2;7;0;0;0.000218007306103;0.000110776396468
2;7;1;0;0.000269132811809;0.000137527516927
2;7;2;0;0.000319976505125;0.000162221680512
2;7;3;0;0.000288067880319;5.98928236286e-05
2;7;4;0;0.000227974669542;0.000116792478366
2;7;5;0;0.000262325775111;0.000134620684548
2;7;6;0;0.000283559726086;9.6776871942e-05
2;7;7;0;0.000276394654065;6.01616739004e-05
2;7;8;0;0.000458619382698;0.000417988718254
2;7;9;0;0.000243566188146;0.000139930882142
2;7;10;0;0.000289695657557;5.85263296671e-05
2;7;11;0;0.000283395784209;6.23399901087e-05
2;7;12;0;0.000253309408436;6.01771134825e-05
2;7;13;0;0.000368620589143;6.03082698944e-05
2;7;14;0;0.000570070347749;0.000460705079604
2;7;15;0;0.000360906444257;0.000264982780209
2;7;16;0;0.000258094485616;0.000216469343286
2;7;17;0;0.000643813749775;6.01961946813e-05
2;8;0;0;0.000137126233312;6.69202345307e-05
2;8;1;0;0.000181604467798;9.54722709139e-05
2;8;2;0;0.000283162808046;9.52699047048e-05
2;8;3;0;0.000300889601931;7.35576686566e-05
2;8;4;0;0.000157888774993;6.53340321151e-05
2;8;5;0;0.000164124139701;6.43512175884e-05
2;8;6;0;0.000213005056139;5.23498820257e-05
2;8;7;0;0.000283043307718;6.63738173898e-05
2;8;8;0;0.000230603298405;0.000142847464303
2;8;9;0;0.00016487108951;2.88159662887e-05
2;8;10;0;0.00025715897209;4.92285216751e-05
2;8;11;0;0.000294156430755;8.4357605374e-05
2;8;12;0;0.000276396778645;6.10956049059e-05
2;8;13;0;0.000284833542537;6.00132007094e-05
2;8;14;0;0.000229995755944;0.000149933373905
2;8;15;0;0.000269094016403;0.000125244856463
2;8;16;0;0.000215531981667;3.8650316128e-05
2;8;17;0;0.000286762689939;5.95932360739e-05
2;9;0;0;0.000109430635348;2.39928813244e-05
2;9;1;0;0.000189521349967;0.000177737398189
2;9;2;0;0.000300464074826;0.000284098117845
2;9;3;0;0.000248992699198;7.27634323994e-05
2;9;4;0;0.000156137190061;0.000144079051097
2;9;5;0;0.00021388521418;0.000182571209734
2;9;6;0;0.000301501684589;0.000263392139459
2;9;7;0;0.000354240939487;9.7747950349e-05
2;9;8;0;0.000182593255886;0.000119292002637
2;9;9;0;0.000125314589241;8.1992984633e-05
2;9;10;0;0.000288326235022;0.000148208884639
2;9;11;0;0.000346175511368;0.000210985919693
2;9;12;0;0.000367650354747;9.70467008301e-05
2;9;13;0;0.00034353742376;8.80038132891e-05
2;9;14;0;0.000139501004014;7.1684269642e-05
2;9;15;0;0.00019779917784;0.000122424855363
2;9;16;0;0.000240341367316;8.96239216672e-05
2;9;17;0;0.000321766390698;8.10391793493e-05
