0;0;0;0;1.0679289062e-06;1.0679289062e-06
0;0;1;0;8.54953611906e-07;8.54953270846e-07
0;0;2;0;3.36893748454e-07;3.36893748454e-07
0;0;3;0;5.48519437871e-07;5.48519381027e-07
0;0;4;0;1.14741808943e-07;1.13103695298e-07
0;0;5;0;1.44542028124e-07;1.44539683333e-07
0;0;6;0;4.61093577542e-07;4.6109272489e-07
0;0;7;0;4.14405946003e-07;4.14405548099e-07
0;0;8;0;6.2284634339e-08;6.22841014319e-08
0;0;9;0;1.70322124404e-07;1.70320646475e-07
0;0;10;0;1.59937641797e-07;1.59916780262e-07
0;0;11;0;1.75170285388e-07;1.75168594296e-07
0;0;12;0;4.44583918124e-07;4.44577636927e-07
0;0;13;0;1.0176359666e-07;1.01763376392e-07
0;0;14;0;1.22837249705e-07;1.22827003679e-07
0;0;15;0;1.5481890614e-07;1.54789233875e-07
0;0;16;0;8.63509797e-07;8.63509740157e-07
0;0;17;0;1.28300840174e-07;1.28249865838e-07
0;1;0;0;2.01646093956e-06;2.01646093956e-06
0;1;1;0;1.908946615e-06;1.90889318219e-06
0;1;2;0;1.851762363e-06;1.85159888133e-06
0;1;3;0;2.35413472183e-06;2.35413131122e-06
0;1;4;0;1.62742469456e-06;1.62742446719e-06
0;1;5;0;1.00316071894e-06;1.00316060525e-06
0;1;6;0;1.6650658381e-06;1.66506436017e-06
0;1;7;0;2.00455951926e-06;2.00455883714e-06
0;1;8;0;1.05892559077e-06;1.05892547708e-06
0;1;9;0;9.29354541768e-07;9.29354428081e-07
0;1;10;0;1.00132024272e-06;1.00132012903e-06
0;1;11;0;4.44388462029e-07;4.4437135216e-07
0;1;12;0;2.46394915848e-06;2.46390004577e-06
0;1;13;0;1.34914330374e-07;1.02514249534e-07
0;1;14;0;9.46561556248e-07;9.46561556248e-07
0;1;15;0;6.36318816305e-07;6.36315121483e-07
0;1;16;0;5.38965423402e-07;5.38965082342e-07
0;1;17;0;6.25145844424e-07;6.25145673894e-07
0;2;0;0;9.13193707675e-06;9.13192252483e-06
0;2;1;0;1.97221397684e-05;1.4318691683e-05
0;2;2;0;1.17088584375e-05;9.82007168204e-06
0;2;3;0;2.02137234737e-05;1.86503348232e-05
0;2;4;0;8.36751860334e-06;8.36751860334e-06
0;2;5;0;6.91697505317e-06;6.91697505317e-06
0;2;6;0;8.79097751749e-06;8.79020171851e-06
0;2;7;0;5.2900186347e-06;5.28941836819e-06
0;2;8;0;6.91201739755e-06;6.9120092121e-06
0;2;9;0;6.91767718308e-06;6.91763307259e-06
0;2;10;0;3.2184009342e-06;3.2183966141e-06
0;2;11;0;2.53587381849e-06;2.53587381849e-06
0;2;12;0;4.02613432016e-06;4.02576188208e-06
0;2;13;0;2.55777740676e-06;2.55777717939e-06
0;2;14;0;2.11285691876e-06;2.11284987017e-06
0;2;15;0;3.41574627782e-06;3.41574514096e-06
0;2;16;0;3.10469113174e-06;3.10468999487e-06
0;2;17;0;2.67567315859e-06;2.6756713396e-06
0;3;0;0;1.18896523418e-05;1.17458866953e-05
0;3;1;0;1.4395333892e-05;1.43120350913e-05
0;3;2;0;1.05962808448e-05;1.05438530227e-05
0;3;3;0;1.04156060843e-05;1.04153177745e-05
0;3;4;0;1.13559890451e-05;1.12650568553e-05
0;3;5;0;9.09732807486e-06;9.07936100702e-06
0;3;6;0;1.30011449073e-05;1.30007756525e-05
0;3;7;0;1.05670869743e-05;1.05647231976e-05
0;3;8;0;1.00670085885e-05;1.00670085885e-05
0;3;9;0;1.03414213299e-05;1.0330591067e-05
0;3;10;0;8.64908543008e-06;8.60551881487e-06
0;3;11;0;8.66897335072e-06;8.66897335072e-06
0;3;12;0;1.11058461698e-05;1.11008766908e-05
0;3;13;0;6.20191440248e-06;6.20135460849e-06
0;3;14;0;8.56885344547e-06;7.70124552218e-06
0;3;15;0;1.19614942378e-05;1.17035133371e-05
0;3;16;0;8.36070830701e-06;8.34181264509e-06
0;3;17;0;6.03455964665e-06;5.12536689712e-06
0;4;0;0;7.37906302675e-05;1.17396257338e-05
0;4;1;0;0.000332724244799;0.000168673926964
0;4;2;0;0.000309477589326;0.000113642301585
0;4;3;0;0.000212001483305;6.7817622039e-05
0;4;4;0;3.01616910292e-05;1.1787477888e-05
0;4;5;0;8.01154383225e-05;2.48048272624e-05
0;4;6;0;0.000214649480768;0.000142892880831
0;4;7;0;0.000107603977085;6.97743962519e-05
0;4;8;0;1.73626576725e-05;1.18253692563e-05
0;4;9;0;3.35380973411e-05;3.35346921929e-05
0;4;10;0;5.86278583796e-05;1.8197002646e-05
0;4;11;0;6.64424733259e-05;2.0307095383e-06
0;4;12;0;0.000120525844977;0.000120519645861
0;4;13;0;1.45910180436e-05;1.43710130942e-05
0;4;14;0;1.19546120914e-05;1.1712977539e-05
0;4;15;0;2.20409856411e-05;2.19302492042e-05
0;4;16;0;1.26352269945e-05;1.25698406919e-05
0;4;17;0;1.0325787116e-05;1.01231908047e-05
0;5;0;0;1.08070878468e-07;1.08039543534e-07
0;5;1;0;2.6509465556e-07;2.65064983296e-07
0;5;2;0;4.46210805194e-07;4.46202221838e-07
0;5;3;0;1.21497279792e-07;1.21496995575e-07
0;5;4;0;7.66627124449e-07;7.66423909226e-07
0;5;5;0;3.85600714026e-07;3.85560070981e-07
0;5;6;0;8.4591704308e-07;8.45674833272e-07
0;5;7;0;4.52959312724e-07;4.52940241757e-07
0;5;8;0;2.26564543482e-06;8.23553307328e-07
0;5;9;0;1.34549338782e-06;7.65047900586e-07
0;5;10;0;9.90210651253e-07;9.74227077677e-07
0;5;11;0;1.99220903596e-06;1.99214082386e-06
0;5;12;0;1.69791019289e-05;1.6979076463e-05
0;5;13;0;2.78890311165e-05;2.15858544834e-05
0;5;14;0;9.09617301659e-06;5.75410069814e-07
0;5;15;0;3.64204242942e-05;3.62319078704e-05
0;5;16;0;2.62009252765e-05;2.49820641329e-05
0;5;17;0;9.02410465642e-05;9.01837629499e-05
0;6;0;0;1.1607527739e-07;1.15901066522e-07
0;6;1;0;9.03459991264e-08;9.03280508169e-08
0;6;2;0;1.16001594108e-07;1.15706370707e-07
0;6;3;0;4.31218509789e-08;4.31009254953e-08
0;6;4;0;1.0752988544e-07;1.07338017585e-07
0;6;5;0;7.45455039919e-08;7.45215018583e-08
0;6;6;0;1.04858827399e-07;1.04791809008e-07
0;6;7;0;1.12974213096e-07;1.12974056776e-07
0;6;8;0;4.48742270009e-08;4.48596182423e-08
0;6;9;0;2.58754766946e-07;2.5866171427e-07
0;6;10;0;8.6103511876e-08;8.59529833974e-08
0;6;11;0;1.16219645463e-07;1.16144313722e-07
0;6;12;0;1.14513788674e-07;1.14468271306e-07
0;6;13;0;3.74449555807e-08;3.7444454648e-08
0;6;14;0;1.04900031772e-07;1.03866618417e-07
0;6;15;0;1.36588823807e-07;1.36284796781e-07
0;6;16;0;0.0;0.0
0;6;17;0;1.02184415596e-07;1.0218173685e-07
0;7;0;0;2.66339014843e-07;2.66246274805e-07
0;7;1;0;1.50182358993e-07;1.50120442299e-07
0;7;2;0;6.52062581707e-08;6.52021157066e-08
0;7;3;0;1.2490764334e-07;1.24898576814e-07
0;7;4;0;2.69136137376e-07;2.69104333483e-07
0;7;5;0;3.9104801175e-08;3.90951164775e-08
0;7;6;0;2.70251803158e-07;2.70225569921e-07
0;7;7;0;4.6701771339e-08;4.6687564037e-08
0;7;8;0;1.20396208558e-07;1.20393039538e-07
0;7;9;0;1.47761284097e-07;1.47753027591e-07
0;7;10;0;1.35745480634e-07;1.35730715556e-07
0;7;11;0;1.25429764353e-07;1.25421351527e-07
0;7;12;0;3.95851884605e-08;3.958222905e-08
0;7;13;0;2.66589808007e-07;2.66553428219e-07
0;7;14;0;2.59359893562e-07;2.59306574435e-07
0;7;15;0;2.66403333171e-07;2.66377099933e-07
0;7;16;0;2.69299931688e-07;2.69126303465e-07
0;7;17;0;2.63419991597e-07;2.63375255827e-07
0;8;0;0;7.52495736833e-08;7.52321014375e-08
0;8;1;0;9.53690246774e-08;9.53647187885e-08
0;8;2;0;2.93909465654e-07;2.93906225579e-07
0;8;3;0;4.88818550082e-08;4.88815139477e-08
0;8;4;0;1.31452281948e-07;1.31446469709e-07
0;8;5;0;1.27543104966e-08;1.27449082399e-08
0;8;6;0;2.59057273411e-08;2.58917829399e-08
0;8;7;0;5.81172656666e-08;5.81129633304e-08
0;8;8;0;4.53117259269e-08;4.52686279573e-08
0;8;9;0;1.34374531058e-07;1.34369003035e-07
0;8;10;0;6.78881946214e-08;6.78773730556e-08
0;8;11;0;4.70662442353e-08;4.70480259196e-08
0;8;12;0;5.26511669818e-08;5.25567322995e-08
0;8;13;0;1.27224865309e-07;1.27212842926e-07
0;8;14;0;5.03709962629e-08;5.03652266559e-08
0;8;15;0;1.46342316043e-07;1.46335423779e-07
0;8;16;0;4.37175856405e-07;4.37175685875e-07
0;8;17;0;3.15433368314e-08;3.1522620958e-08
0;9;0;0;7.83501405976e-08;7.83501050705e-08
0;9;1;0;8.78969103724e-07;8.78953017036e-07
0;9;2;0;7.98907038302e-08;7.98703752025e-08
0;9;3;0;5.4922821846e-08;5.49013847717e-08
0;9;4;0;7.1283601244e-08;7.12835372951e-08
0;9;5;0;2.95589018151e-07;2.95588989729e-07
0;9;6;0;1.07007195993e-07;1.07007124939e-07
0;9;7;0;2.9130237067e-07;2.91300011668e-07
0;9;8;0;1.47424117358e-07;1.47424103147e-07
0;9;9;0;2.91967836574e-07;2.91967836574e-07
0;9;10;0;1.1618509177e-07;1.16151568363e-07
0;9;11;0;1.45573750387e-07;1.45566559695e-07
0;9;12;0;4.83815831842e-08;4.83582063282e-08
0;9;13;0;9.0122583174e-08;9.01214960436e-08
0;9;14;0;1.09692010142e-07;1.0968798847e-07
0;9;15;0;1.13211818586e-07;1.13196534812e-07
0;9;16;0;1.44570734051e-07;1.44563159665e-07
0;9;17;0;1.47317962274e-07;1.47310515786e-07
1;0;0;0;7.22232414319e-07;7.22232414319e-07
1;0;1;0;3.26161114117e-07;3.26158925645e-07
1;0;2;0;2.82206030988e-07;2.82204183577e-07
1;0;3;0;3.99386635763e-07;3.99386465233e-07
1;0;4;0;2.86298188712e-07;2.86297847651e-07
1;0;5;0;6.33166266084e-08;6.33054995092e-08
1;0;6;0;5.1422734515e-08;5.13470013175e-08
1;0;7;0;2.63082171159e-07;2.63082171159e-07
1;0;8;0;1.37096762387e-07;1.37096193953e-07
1;0;9;0;1.45786842154e-07;1.43394601082e-07
1;0;10;0;1.35312390626e-07;1.35312390626e-07
1;0;11;0;1.41912039453e-07;1.41912039453e-07
1;0;12;0;3.02526331097e-07;3.02524824747e-07
1;0;13;0;6.50217515386e-08;6.50087983445e-08
1;0;14;0;1.28663003807e-07;1.2860071763e-07
1;0;15;0;1.71650242464e-07;1.71521193693e-07
1;0;16;0;6.24737481303e-07;6.24735832844e-07
1;0;17;0;1.27679996353e-07;1.27654473658e-07
1;1;0;0;2.12955410461e-06;2.12955342249e-06
1;1;1;0;1.731278644e-06;1.73125556557e-06
1;1;2;0;1.77229537712e-06;1.77215781605e-06
1;1;3;0;2.13773159885e-06;2.13773159885e-06
1;1;4;0;1.86093757293e-06;1.86093666343e-06
1;1;5;0;1.33611445108e-06;1.33611388264e-06
1;1;6;0;1.33703542815e-06;1.33703485972e-06
1;1;7;0;1.88590161088e-06;1.88589933714e-06
1;1;8;0;7.51534969368e-07;7.51534855681e-07
1;1;9;0;9.66874608821e-07;9.66871084529e-07
1;1;10;0;9.35050536555e-07;9.35036553074e-07
1;1;11;0;3.76880336717e-07;3.76878716679e-07
1;1;12;0;1.89496040548e-06;1.89490572211e-06
1;1;13;0;4.30889031122e-08;4.3075914391e-08
1;1;14;0;7.0669420893e-07;7.06693697339e-07
1;1;15;0;6.19867591922e-07;6.19866341367e-07
1;1;16;0;4.59817528053e-07;4.59816931198e-07
1;1;17;0;4.73236298149e-07;4.73236298149e-07
1;2;0;0;6.01795773036e-06;6.01795454713e-06
1;2;1;0;1.27716275529e-05;9.62843932939e-06
1;2;2;0;8.43727411848e-06;7.29632074581e-06
1;2;3;0;1.93152773136e-05;1.77645688382e-05
1;2;4;0;4.89095054945e-06;4.89094918521e-06
1;2;5;0;5.78727849643e-06;5.7872484831e-06
1;2;6;0;6.47014257993e-06;6.47008801025e-06
1;2;7;0;5.1244937822e-06;5.124270956e-06
1;2;8;0;3.10606446874e-06;3.10606355924e-06
1;2;9;0;4.84581642013e-06;4.84580868942e-06
1;2;10;0;3.37812912221e-06;3.37790447702e-06
1;2;11;0;2.77813546745e-06;2.77813524008e-06
1;2;12;0;3.76843991035e-06;3.76735556529e-06
1;2;13;0;2.51864298662e-06;2.51864298662e-06
1;2;14;0;2.1234027372e-06;2.12340228245e-06
1;2;15;0;2.6705217806e-06;2.67044629254e-06
1;2;16;0;2.52961831393e-06;2.52961467595e-06
1;2;17;0;2.41905127041e-06;2.41905127041e-06
1;3;0;0;1.06789839265e-05;1.06789202619e-05
1;3;1;0;1.71006977325e-05;1.71004594449e-05
1;3;2;0;9.89755244518e-06;9.89753789327e-06
1;3;3;0;9.69390112004e-06;9.69269240159e-06
1;3;4;0;1.11996778287e-05;1.11990502774e-05
1;3;5;0;6.83372445565e-06;6.83372263666e-06
1;3;6;0;1.00805282273e-05;1.00805282273e-05
1;3;7;0;1.05827775769e-05;1.0570070117e-05
1;3;8;0;5.72106728214e-06;5.72083263251e-06
1;3;9;0;1.07429623313e-05;1.07429623313e-05
1;3;10;0;7.59420026952e-06;7.51571997171e-06
1;3;11;0;7.43940290704e-06;7.43940290704e-06
1;3;12;0;1.0792788089e-05;1.0792788089e-05
1;3;13;0;5.91074694967e-06;5.90121862842e-06
1;3;14;0;5.57097655474e-06;4.92557819598e-06
1;3;15;0;1.36435346576e-05;1.34964766403e-05
1;3;16;0;8.64713911142e-06;8.63224340719e-06
1;3;17;0;5.3418157222e-06;4.43407088824e-06
1;4;0;0;0.000214532847167;8.56410551933e-05
1;4;1;0;0.000303779408569;0.000207380289794
1;4;2;0;0.00026605540188;0.000143519282574
1;4;3;0;0.000141267839354;5.23778835486e-05
1;4;4;0;7.67288292991e-05;3.39861580869e-05
1;4;5;0;0.000141455384437;7.2466689744e-05
1;4;6;0;0.000223813898629;3.63314502465e-05
1;4;7;0;9.18817895581e-05;5.38803396921e-05
1;4;8;0;1.08645799628e-05;1.08246067612e-05
1;4;9;0;2.59110584011e-05;2.59110584011e-05
1;4;10;0;3.49310575984e-05;1.63930799317e-05
1;4;11;0;3.64843253919e-05;6.64923209115e-06
1;4;12;0;8.73605895322e-05;8.7351858383e-05
1;4;13;0;1.74331598828e-05;1.71259034687e-05
1;4;14;0;1.10532282633e-05;1.07842124635e-05
1;4;15;0;1.49074976434e-05;1.48709523273e-05
1;4;16;0;1.28598476294e-05;1.26300474221e-05
1;4;17;0;9.80514596449e-06;9.65824438026e-06
1;5;0;0;2.73548948826e-07;1.57727171768e-07
1;5;1;0;2.54316603332e-07;2.53629082181e-07
1;5;2;0;4.52491093483e-07;4.35843844571e-07
1;5;3;0;6.27594488378e-07;6.20095988779e-07
1;5;4;0;2.34430876844e-06;6.67163362778e-07
1;5;5;0;1.04195703443e-06;1.04181356164e-06
1;5;6;0;3.98798306378e-07;3.98797283196e-07
1;5;7;0;7.48176148591e-07;7.48176091747e-07
1;5;8;0;2.2116357286e-05;2.20722031372e-05
1;5;9;0;4.73069030704e-06;4.73063209938e-06
1;5;10;0;8.26831012546e-07;8.26691007205e-07
1;5;11;0;3.03594987372e-07;1.13072097463e-07
1;5;12;0;1.5650268324e-05;1.5650268324e-05
1;5;13;0;2.20379224629e-05;1.81231625902e-05
1;5;14;0;9.02265674085e-05;8.9967797976e-05
1;5;15;0;6.78077867633e-06;6.78056221659e-06
1;5;16;0;4.41032934759e-05;4.41031952505e-05
1;5;17;0;4.67776371806e-05;3.40568512911e-05
1;6;0;0;1.18150538242e-07;1.17945937461e-07
1;6;1;0;9.69659978978e-08;9.68652713595e-08
1;6;2;0;1.1543009748e-07;1.15409356738e-07
1;6;3;0;5.03538899466e-08;5.03231980531e-08
1;6;4;0;1.09842751783e-07;1.09585656105e-07
1;6;5;0;7.57413474162e-08;7.57413474162e-08
1;6;6;0;6.45134079491e-08;6.45018687351e-08
1;6;7;0;1.17778981235e-07;1.17758816032e-07
1;6;8;0;3.12696322169e-08;3.12696322169e-08
1;6;9;0;2.5809691806e-07;2.57910585333e-07
1;6;10;0;7.73177362134e-08;7.70171197928e-08
1;6;11;0;5.51443584129e-08;5.46667351387e-08
1;6;12;0;1.15231543418e-07;1.15071671303e-07
1;6;13;0;1.05793517946e-07;1.0575318754e-07
1;6;14;0;9.70491953467e-08;9.45821128084e-08
1;6;15;0;1.29935614268e-07;1.29882579358e-07
1;6;16;0;1.12342121383e-07;1.12321743018e-07
1;6;17;0;1.17467237715e-07;1.17454732163e-07
1;7;0;0;2.67634078455e-07;2.67569504331e-07
1;7;1;0;1.49897772417e-07;1.49840843733e-07
1;7;2;0;6.51705676091e-08;6.51649685324e-08
1;7;3;0;1.24592773432e-07;1.24576857274e-07
1;7;4;0;2.69445251888e-07;2.69418080734e-07
1;7;5;0;3.7648817397e-08;3.76396336321e-08
1;7;6;0;1.43318231949e-07;1.43313954482e-07
1;7;7;0;4.79767052752e-08;4.79710529078e-08
1;7;8;0;1.21825479482e-07;1.2180100839e-07
1;7;9;0;1.45888307657e-07;1.45863396028e-07
1;7;10;0;1.36104844728e-07;1.36090804403e-07
1;7;11;0;1.24810142665e-07;1.24806120994e-07
1;7;12;0;4.07299687311e-08;4.07281497417e-08
1;7;13;0;2.6655561669e-07;2.66492293122e-07
1;7;14;0;2.58738111825e-07;2.58662652186e-07
1;7;15;0;2.66973614771e-07;2.66921915681e-07
1;7;16;0;2.69183601631e-07;2.68989452934e-07
1;7;17;0;2.63478028728e-07;2.63426301217e-07
1;8;0;0;9.73183418296e-08;9.73035128027e-08
1;8;1;0;1.001214045e-07;1.0011299878e-07
1;8;2;0;2.94288327041e-07;2.94283040603e-07
1;8;3;0;4.91500031785e-08;4.91486709109e-08
1;8;4;0;1.31611898269e-07;1.31605645493e-07
1;8;5;0;1.55145585268e-08;1.55061350426e-08
1;8;6;0;4.60949571846e-08;4.60937954472e-08
1;8;7;0;5.31380450752e-08;5.31360413447e-08
1;8;8;0;4.86631748231e-08;4.86551883228e-08
1;8;9;0;1.34710532507e-07;1.34706667154e-07
1;8;10;0;6.74630626918e-08;6.74488660479e-08
1;8;11;0;4.75860915117e-08;4.75612154105e-08
1;8;12;0;5.09896018741e-08;5.09869053644e-08
1;8;13;0;1.27188783949e-07;1.27162564922e-07
1;8;14;0;5.5153812184e-08;5.5084761641e-08
1;8;15;0;1.41580429158e-07;1.41578397006e-07
1;8;16;0;4.37044121782e-07;4.37038295331e-07
1;8;17;0;3.16647721377e-08;3.16583381732e-08
1;9;0;0;9.23795298036e-08;9.23730922864e-08
1;9;1;0;9.20485490497e-07;9.20456443509e-07
1;9;2;0;7.40172367841e-08;7.40025640766e-08
1;9;3;0;6.27847924761e-08;6.2752668839e-08
1;9;4;0;7.49548689782e-08;7.49473016981e-08
1;9;5;0;2.9546430369e-07;2.95463877364e-07
1;9;6;0;1.21851435608e-08;1.21831122968e-08
1;9;7;0;2.9129921586e-07;2.91297197919e-07
1;9;8;0;1.51355550315e-07;1.51355095568e-07
1;9;9;0;2.92828900683e-07;2.9282585956e-07
1;9;10;0;1.23100278415e-07;1.23099283655e-07
1;9;11;0;1.46106089005e-07;1.4610135679e-07
1;9;12;0;4.5506830304e-08;4.5497685619e-08
1;9;13;0;8.98980658803e-08;8.98975045516e-08
1;9;14;0;1.66123584222e-07;1.66123172107e-07
1;9;15;0;1.06904927577e-07;1.06901339336e-07
1;9;16;0;1.44562420701e-07;1.4455824271e-07
1;9;17;0;1.4855241659e-07;1.48545979073e-07
2;0;0;0;5.22113737134e-07;5.22112372892e-07
2;0;1;0;3.0189323752e-07;3.0189323752e-07
2;0;2;0;5.83869336879e-07;5.83869280035e-07
2;0;3;0;1.0910380297e-06;1.0910380297e-06
2;0;4;0;1.57798950795e-07;1.57798950795e-07
2;0;5;0;2.63577078385e-07;2.63577078385e-07
2;0;6;0;5.33013405857e-07;5.33013405857e-07
2;0;7;0;9.08703782443e-07;9.08703782443e-07
2;0;8;0;8.84269724111e-08;8.84267308265e-08
2;0;9;0;1.72240788743e-07;1.72228993733e-07
2;0;10;0;2.77046922292e-07;2.77046865449e-07
2;0;11;0;3.41825568739e-07;3.41824602401e-07
2;0;12;0;9.58428358899e-07;9.58428358899e-07
2;0;13;0;8.06203388493e-07;8.06203388493e-07
2;0;14;0;1.27829991925e-07;1.27829991925e-07
2;0;15;0;1.74264087605e-07;1.74250800455e-07
2;0;16;0;7.06590810751e-07;7.06590810751e-07
2;0;17;0;1.39300510682e-07;1.3919705566e-07
2;1;0;0;1.57286569902e-06;1.57286569902e-06
2;1;1;0;5.70441613945e-07;5.70369650177e-07
2;1;2;0;1.53045823481e-06;1.53041503381e-06
2;1;3;0;2.28748649533e-06;2.28748626796e-06
2;1;4;0;1.36359358294e-06;1.36359278713e-06
2;1;5;0;1.06004711142e-06;1.06004529243e-06
2;1;6;0;1.54467784341e-06;1.5446727275e-06
2;1;7;0;1.97977692551e-06;1.97977328753e-06
2;1;8;0;5.76354693749e-07;5.76354693749e-07
2;1;9;0;7.95539847331e-07;7.95539847331e-07
2;1;10;0;1.0742340919e-06;1.0742340919e-06
2;1;11;0;5.35195965767e-07;5.35195908924e-07
2;1;12;0;1.87868295143e-06;1.87867692603e-06
2;1;13;0;1.29617603761e-06;1.29617603761e-06
2;1;14;0;5.23174492173e-07;5.23174321643e-07
2;1;15;0;6.32861883787e-07;6.32858871086e-07
2;1;16;0;5.65390905649e-07;5.65390905649e-07
2;1;17;0;1.18328171084e-06;1.18328171084e-06
2;2;0;0;6.0716383814e-06;6.0716383814e-06
2;2;1;0;1.2419452105e-05;9.59467342909e-06
2;2;2;0;5.02119064549e-06;4.38525512436e-06
2;2;3;0;4.76138211525e-06;4.176020866e-06
2;2;4;0;4.83077747049e-06;4.83077747049e-06
2;2;5;0;4.3508307499e-06;4.35076526628e-06
2;2;6;0;4.68294683742e-06;4.6819632189e-06
2;2;7;0;3.60986541637e-06;3.60985836778e-06
2;2;8;0;2.97479118672e-06;2.97478891298e-06
2;2;9;0;4.46931881015e-06;4.46926287623e-06
2;2;10;0;2.62586354438e-06;2.62582670985e-06
2;2;11;0;2.05678770726e-06;2.05678770726e-06
2;2;12;0;3.45505441146e-06;3.45390435541e-06
2;2;13;0;2.61478248831e-06;2.6147747576e-06
2;2;14;0;1.66135146173e-06;1.66135021118e-06
2;2;15;0;2.5139936497e-06;2.5139806894e-06
2;2;16;0;2.26246311286e-06;2.26245242629e-06
2;2;17;0;2.53268194683e-06;2.53267899097e-06
2;3;0;0;1.01612558865e-05;1.01595851447e-05
2;3;1;0;1.54219887918e-05;1.54218942043e-05
2;3;2;0;6.25118036623e-06;6.19056027062e-06
2;3;3;0;5.37888445251e-06;5.34622449777e-06
2;3;4;0;1.04185410237e-05;1.04184982774e-05
2;3;5;0;6.43814519208e-06;6.43814519208e-06
2;3;6;0;9.1910642368e-06;9.19091326068e-06
2;3;7;0;5.10202289661e-06;5.10098379891e-06
2;3;8;0;6.01982947046e-06;6.01982947046e-06
2;3;9;0;8.48687432153e-06;8.48659328767e-06
2;3;10;0;4.29481997344e-06;4.22166158387e-06
2;3;11;0;2.86728209176e-06;2.83766212306e-06
2;3;12;0;5.09662004333e-06;5.09662004333e-06
2;3;13;0;3.60957596968e-06;3.59990644938e-06
2;3;14;0;5.55432006877e-06;4.86647013531e-06
2;3;15;0;1.07147006929e-05;1.06063553176e-05
2;3;16;0;5.90645595366e-06;5.89516957916e-06
2;3;17;0;3.76719253836e-06;2.78455627267e-06
2;4;0;0;0.000170543644344;3.90856184822e-05
2;4;1;0;0.00216846703552;0.00190238992218
2;4;2;0;0.000159128307132;6.11634459347e-05
2;4;3;0;6.31446600892e-05;5.62193508813e-06
2;4;4;0;3.98612610297e-05;3.98612610297e-05
2;4;5;0;7.35459980206e-05;5.99616105319e-05
2;4;6;0;8.54757454363e-05;2.55830145761e-05
2;4;7;0;2.11018141272e-05;5.84545568927e-06
2;4;8;0;1.23720919873e-05;1.22223955259e-05
2;4;9;0;2.98521517834e-05;2.98209415632e-05
2;4;10;0;8.99987662706e-06;4.70802160635e-06
2;4;11;0;6.74987177263e-06;3.74111073143e-06
2;4;12;0;1.05110211734e-05;5.76255342821e-06
2;4;13;0;5.5742530094e-06;5.51650418856e-06
2;4;14;0;1.04963846752e-05;1.02232834251e-05
2;4;15;0;1.44707373693e-05;1.44278001244e-05
2;4;16;0;7.34592276785e-06;7.27768747311e-06
2;4;17;0;5.67951974517e-06;5.44484009879e-06
2;5;0;0;7.75681996856e-07;6.53964832509e-07
2;5;1;0;4.55006812672e-07;4.54934166783e-07
2;5;2;0;2.58470237213e-07;2.58447471424e-07
2;5;3;0;9.24752399101e-08;9.18927085536e-08
2;5;4;0;2.60892625192e-06;2.53246230386e-06
2;5;5;0;1.74367301042e-06;1.74348394921e-06
2;5;6;0;7.88908948834e-07;7.88890645254e-07
2;5;7;0;1.35449539584e-07;1.35392852485e-07
2;5;8;0;1.54587814905e-05;1.5415775124e-05
2;5;9;0;5.1871843425e-06;5.18685374118e-06
2;5;10;0;5.34346384029e-07;5.34102923666e-07
2;5;11;0;1.49813649841e-06;1.46604168094e-06
2;5;12;0;4.94691448694e-07;4.53386689969e-07
2;5;13;0;1.46671652601e-06;1.466440267e-06
2;5;14;0;3.24226930388e-05;3.13960372296e-05
2;5;15;0;1.75470831891e-05;1.71452720679e-05
2;5;16;0;9.52869777393e-06;9.5284794952e-06
2;5;17;0;4.09129052059e-06;3.02782655126e-06
2;6;0;0;1.16574106812e-07;1.16427230523e-07
2;6;1;0;9.95161144601e-08;9.93861348775e-08
2;6;2;0;1.17432385593e-07;1.17352797702e-07
2;6;3;0;4.27409503345e-08;4.26684749755e-08
2;6;4;0;1.09949986893e-07;1.09666800086e-07
2;6;5;0;7.56490976528e-08;7.55968159183e-08
2;6;6;0;1.05136884088e-07;1.04990959926e-07
2;6;7;0;8.23681318707e-08;8.21981060994e-08
2;6;8;0;3.53625146943e-08;3.53410634091e-08
2;6;9;0;2.57937131209e-07;2.57926899394e-07
2;6;10;0;7.2391785011e-08;7.23507724842e-08
2;6;11;0;4.83409756669e-08;4.82294062465e-08
2;6;12;0;1.10461606084e-07;1.10456227276e-07
2;6;13;0;3.01824520932e-08;3.01734779384e-08
2;6;14;0;1.05396033234e-07;1.0521889493e-07
2;6;15;0;1.31049716856e-07;1.31042440898e-07
2;6;16;0;1.14471177426e-07;1.14449953514e-07
2;6;17;0;9.92938211652e-08;9.89938087059e-08
2;7;0;0;2.67390646513e-07;2.6729998126e-07
2;7;1;0;1.49552860762e-07;1.495187405e-07
2;7;2;0;6.58474803572e-08;6.58325234326e-08
2;7;3;0;1.27258161342e-07;1.27148439333e-07
2;7;4;0;2.69414385912e-07;2.69384287321e-07
2;7;5;0;3.7381397533e-08;3.73730451031e-08
2;7;6;0;2.70401812941e-07;2.70382429335e-07
2;7;7;0;4.24341521921e-08;4.24186268333e-08
2;7;8;0;1.21700352906e-07;1.21682205645e-07
2;7;9;0;1.45526044548e-07;1.45461328316e-07
2;7;10;0;1.36873296697e-07;1.3683843747e-07
2;7;11;0;1.23590808698e-07;1.23576342048e-07
2;7;12;0;3.72929491732e-08;3.72797046566e-08
2;7;13;0;2.67422365141e-07;2.67364043793e-07
2;7;14;0;2.59235747535e-07;2.5915286983e-07
2;7;15;0;2.66952838501e-07;2.66888264377e-07
2;7;16;0;2.69237744988e-07;2.69079862392e-07
2;7;17;0;2.63472060169e-07;2.63398561628e-07
2;8;0;0;8.94043594712e-08;8.93867877494e-08
2;8;1;0;9.58162758025e-08;9.58046655342e-08
2;8;2;0;2.945024562e-07;2.94495123399e-07
2;8;3;0;4.80786574997e-08;4.80778119538e-08
2;8;4;0;1.31970253392e-07;1.31954635663e-07
2;8;5;0;1.56402801821e-08;1.56396779971e-08
2;8;6;0;2.58508965345e-08;2.58309302836e-08
2;8;7;0;3.88957346331e-08;3.88932335227e-08
2;8;8;0;4.51447697003e-08;4.5137042548e-08
2;8;9;0;1.34308763222e-07;1.34303832056e-07
2;8;10;0;6.68864998943e-08;6.67993518277e-08
2;8;11;0;4.81576485356e-08;4.81365205474e-08
2;8;12;0;5.62934978632e-08;5.62777735524e-08
2;8;13;0;1.27181863263e-07;1.27176775777e-07
2;8;14;0;5.48724941041e-08;5.47968781461e-08
2;8;15;0;1.41894474837e-07;1.41888747862e-07
2;8;16;0;4.37227953398e-07;4.37166079337e-07
2;8;17;0;3.26439710818e-08;3.26374376414e-08
2;9;0;0;8.94471909874e-08;8.94461322787e-08
2;9;1;0;9.11697895845e-07;9.11695110517e-07
2;9;2;0;7.074317665e-08;7.07158278601e-08
2;9;3;0;5.52436958401e-08;5.52361960615e-08
2;9;4;0;7.46471542357e-08;7.46462305301e-08
2;9;5;0;2.95438212561e-07;2.95438127296e-07
2;9;6;0;1.05916413418e-07;1.05915937354e-07
2;9;7;0;2.90349589704e-07;2.90344587484e-07
2;9;8;0;1.50277443822e-07;1.5027707434e-07
2;9;9;0;2.92867156304e-07;2.92866786822e-07
2;9;10;0;1.30449834046e-07;1.30444206548e-07
2;9;11;0;1.48105527842e-07;1.48103950437e-07
2;9;12;0;2.18233413563e-08;2.17914450928e-08
2;9;13;0;7.26392812567e-08;7.26373770021e-08
2;9;14;0;1.64890579413e-07;1.64886387211e-07
2;9;15;0;1.11126936986e-07;1.11098792388e-07
2;9;16;0;1.4560238526e-07;1.45595478784e-07
2;9;17;0;1.29344030597e-07;1.2934175686e-07
