0;0;0;0;0.00111743353773;0.000192577936104
0;0;1;0;0.00137017050292;0.000966679188423
0;0;2;0;0.00298970355652;0.00267091533169
0;0;3;0;0.00176313496195;0.00136779353488
0;0;4;0;0.000608327914961;0.000181516981684
0;0;5;0;0.000630763184745;0.000227436627029
0;0;6;0;0.00146608485375;0.00112489820458
0;0;7;0;0.000755472807214;0.000343579275068
0;0;8;0;0.00057678745361;0.000321969564538
0;0;9;0;0.000320503546391;0.000320503546391
0;0;10;0;0.000419790914748;0.000323568907334
0;0;11;0;0.000806936470326;0.000806936470326
0;0;12;0;0.000824943417683;0.000824943417683
0;0;13;0;0.000567029695958;0.000553498277441
0;0;14;0;0.000172513275174;8.89820294105e-05
0;0;15;0;0.000187864483451;1.69203995029e-05
0;0;16;0;0.000429281615652;0.000429281615652
0;0;17;0;0.000297054677503;0.000297054677503
0;1;0;0;0.00329542090185;8.29062919365e-05
0;1;1;0;0.00517203612253;0.00174101768062
0;1;2;0;0.0066527328454;0.00176502147224
0;1;3;0;0.00575456395745;0.00144058035221
0;1;4;0;0.00291285058483;1.83949687198e-05
0;1;5;0;0.00341318617575;0.00217523658648
0;1;6;0;0.00352295441553;0.000659664045088
0;1;7;0;0.00452689127997;0.00185964105185
0;1;8;0;0.00267856637947;2.21490681724e-05
0;1;9;0;0.00367645500228;0.00353539921343
0;1;10;0;0.00368192465976;0.00161471648607
0;1;11;0;0.0034017120488;0.000163941163919
0;1;12;0;0.00438951188698;0.00267651071772
0;1;13;0;0.00346954236738;0.00243410631083
0;1;14;0;0.00186768476851;0.000102867779788
0;1;15;0;0.00188645510934;0.000947682477999
0;1;16;0;0.00273323524743;0.00181328575127
0;1;17;0;0.00272912438959;0.00142517418135
0;2;0;0;0.00163411651738;0.000193063344341
0;2;1;0;0.00111019553151;0.00111019553151
0;2;2;0;0.00173095893115;0.00172374024987
0;2;3;0;0.00183731596917;0.00181891070679
0;2;4;0;0.0024011307396;0.000203593444894
0;2;5;0;0.00313326297328;0.00260335183702
0;2;6;0;0.00301141035743;0.00224423967302
0;2;7;0;0.00264216284268;0.00212877243757
0;2;8;0;0.00319449789822;0.000623174768407
0;2;9;1;0.3;0.3
0;2;10;0;0.00837996974587;0.00274244672619
0;2;11;0;0.0182811748236;0.00145252852235
0;2;12;0;0.00497518479824;0.00208701984957
0;2;13;0;0.00665034400299;0.00144356035162
0;2;14;0;0.00346825621091;0.000300623476505
0;2;15;0;0.00832674652338;0.0061341766268
0;2;16;0;0.00855292193592;0.00519064348191
0;2;17;0;0.00648886011913;0.00164541683625
0;3;0;0;0.000806401134469;0.000198347624973
0;3;1;0;0.00205801078118;0.00175780663267
0;3;2;0;0.00421770336106;0.00178635516204
0;3;3;0;0.00218043196946;0.00146473234054
0;3;4;0;0.0002806011762;0.000196436521946
0;3;5;0;0.00098901859019;0.000987337203696
0;3;6;0;0.00202204938978;0.0020211644005
0;3;7;0;0.00391339464113;0.00390505231917
0;3;8;0;0.000417331873905;0.000192768347915
0;3;9;0;0.000960685661994;0.000908315763809
0;3;10;0;0.00231677270494;0.00231322855689
0;3;11;0;0.00205083726905;0.00205082190223
0;3;12;0;0.00275028659962;0.00274974550121
0;3;13;0;0.0021151532419;0.00210416549817
0;3;14;0;0.000850834534504;0.000193245607079
0;3;15;0;0.00142662669532;0.00142662669532
0;3;16;0;0.00215364922769;0.00215364922769
0;3;17;0;0.00196798052639;0.00195456272922
0;4;0;0;0.00661707762629;0.000200147449505
0;4;1;0;0.0229962002486;0.00441876612604
0;4;2;0;0.0195076819509;0.00733534153551
0;4;3;0;0.0132511751726;0.00174112722743
0;4;4;0;0.00541904661804;0.000199549307581
0;4;5;0;0.235985904932;0.00233147293329
0;4;6;0;0.0202778428793;0.0012719243532
0;4;7;0;0.0138300694525;0.00267095887102
0;4;8;0;0.00469751562923;0.000198691763217
0;4;9;0;0.0190238896757;0.00426208321005
0;4;10;0;0.0153622888029;0.00429831910878
0;4;11;0;0.0134219555184;0.00300443451852
0;4;12;0;0.0437401384115;0.00428613927215
0;4;13;0;0.00591243989766;0.00186995463446
0;4;14;0;0.00253071333282;0.00019829532539
0;4;15;0;0.00554604455829;0.00260808877647
0;4;16;0;0.00640405667946;0.00434982404113
0;4;17;0;0.00397680094466;0.00294761871919
0;5;0;0;0.00621270528063;0.000199052825337
0;5;1;0;0.00300738308579;0.00280117616057
0;5;2;0;0.00310122501105;0.000749410304707
0;5;3;0;0.00493141729385;0.00126737263054
0;5;4;0;0.00713291857392;0.000200551643502
0;5;5;0;0.00624852115288;0.00291936448775
0;5;6;0;0.00589062366635;0.00101578002796
0;5;7;0;0.00693037034944;0.00134897127282
0;5;8;0;0.00748128071427;0.000200339549338
0;5;9;0;0.00845445413142;0.00321357278153
0;5;10;0;0.00801434461027;0.00182551390026
0;5;11;0;0.0083517935127;0.000578125182074
0;5;12;0;0.00784871727228;0.00189007434528
0;5;13;0;0.0102814026177;0.000596570433117
0;5;14;0;0.00786604825407;0.000200201015105
0;5;15;0;0.0107998754829;0.00380672304891
0;5;16;0;0.00979290064424;0.00323578435928
0;5;17;0;0.0118366666138;0.00184522278141
0;6;0;0;0.00156230514403;8.31211436889e-05
0;6;1;0;0.000863145804033;0.000690504617523
0;6;2;0;0.000613268755842;6.36537151877e-05
0;6;3;0;0.000701630895492;6.82418540237e-05
0;6;4;0;0.00248451461084;0.000165131175891
0;6;5;0;0.00111647683661;0.000452101725386
0;6;6;0;0.00105680292472;0.000176173285581
0;6;7;0;0.00122335844208;0.000167707738001
0;6;8;0;0.00300791929476;0.000166073004948
0;6;9;0;0.00232817209326;0.00116020278074
0;6;10;0;0.0014153738739;0.000339458609233
0;6;11;0;0.00147867563646;0.000220571877435
0;6;12;0;0.00174906256143;0.000511142599862
0;6;13;0;0.00263575627469;0.000500218418892
0;6;14;0;0.00469014933333;0.000166962607182
0;6;15;0;0.00267636170611;0.000646093394607
0;6;16;0;0.00278033036739;0.00120646727737
0;6;17;0;0.00390397454612;0.00042605647468
0;7;0;0;9.99509211397e-05;1.24341686387e-05
0;7;1;0;9.78971002041e-05;1.76153662323e-05
0;7;2;0;8.66415721248e-05;3.86296196666e-05
0;7;3;0;8.53896272019e-05;3.30658294843e-05
0;7;4;0;8.71598094818e-05;1.25173228298e-05
0;7;5;0;0.000146316189785;0.000106003564724
0;7;6;0;6.26263499726e-05;4.70509221486e-05
0;7;7;0;7.19275849406e-05;2.95876452583e-05
0;7;8;0;0.000164597440744;1.01837567854e-05
0;7;9;0;0.000122644632938;6.64689796395e-05
0;7;10;0;0.000133168752654;4.70045924885e-05
0;7;11;0;0.000129857915454;5.40064793313e-05
0;7;12;0;5.77331884415e-05;1.41720793181e-05
0;7;13;0;0.000251866760664;7.26982107153e-05
0;7;14;0;0.000687896623276;2.24118375627e-05
0;7;15;0;0.000178924921784;6.87692227075e-06
0;7;16;0;0.000284132926026;0.000128223415231
0;7;17;0;0.000458128284663;6.02626678301e-05
0;8;0;0;8.2673788711e-05;1.14319063869e-05
0;8;1;0;5.37649902981e-05;1.20169352158e-05
0;8;2;0;7.08562947693e-05;2.24154737225e-05
0;8;3;0;6.71218731441e-05;2.1632438802e-05
0;8;4;0;8.93771357369e-05;1.20720460473e-05
0;8;5;0;0.000141752534546;8.82342646946e-05
0;8;6;0;3.29139329551e-05;1.85341359611e-05
0;8;7;0;5.90093004575e-05;1.88126705325e-05
0;8;8;0;0.000100415840279;1.24226571643e-05
0;8;9;0;0.000116439245176;5.21701913385e-05
0;8;10;0;7.31517429813e-05;2.80966723949e-05
0;8;11;0;7.268126501e-05;2.19317935262e-05
0;8;12;0;7.08177467459e-05;2.74482354143e-05
0;8;13;0;9.58561795414e-05;4.61446943518e-05
0;8;14;0;0.000103717553429;1.26688164528e-05
0;8;15;0;8.05827658041e-05;3.12168776873e-05
0;8;16;0;7.151398313e-05;1.59275750775e-05
0;8;17;0;8.96010969882e-05;3.26049375872e-05
0;9;0;0;7.70504702814e-05;9.63755792327e-06
0;9;1;0;5.5390628404e-05;2.32570819207e-05
0;9;2;0;8.64147950779e-05;4.77353096358e-05
0;9;3;0;5.2070037782e-05;1.7950342226e-05
0;9;4;0;9.16257558856e-05;1.0956983715e-05
0;9;5;0;0.000108895692392;8.24356393423e-05
0;9;6;0;4.48336468253e-05;1.4788864064e-05
0;9;7;0;5.61510569241e-05;1.43683246279e-05
0;9;8;0;9.47720109252e-05;1.13078021968e-05
0;9;9;0;0.000112464476842;4.78122274217e-05
0;9;10;0;6.30066278973e-05;1.70054318005e-05
0;9;11;0;6.81483797962e-05;1.91385279322e-05
0;9;12;0;5.61597953492e-05;1.58124330483e-05
0;9;13;0;7.05863494659e-05;2.88223036478e-05
0;9;14;0;8.47203846206e-05;1.13286123451e-05
0;9;15;0;6.49703288218e-05;3.89287124563e-05
0;9;16;0;6.54198156553e-05;1.62640044437e-05
0;9;17;0;6.59925717628e-05;2.14610827243e-05
1;0;0;0;0.00399780180305;0.00315522868186
1;0;1;0;0.00594110786915;0.00592432403937
1;0;2;0;0.00261515495367;0.00215042522177
1;0;3;0;0.00255938875489;0.0012377287494
1;0;4;0;0.00157257064711;0.00157257064711
1;0;5;0;0.00191206554882;0.00141976319719
1;0;6;0;0.00235754391178;0.00235754391178
1;0;7;0;0.00114097830374;0.000852418423165
1;0;8;0;0.00136894115712;0.00136894115712
1;0;9;0;0.00170595385134;0.00170595385134
1;0;10;0;0.000633053132333;0.000171705833054
1;0;11;0;0.00180925126188;0.00152380834334
1;0;12;0;0.0019563625101;0.00157294294331
1;0;13;0;0.00187402963638;0.001537219272
1;0;14;0;0.00037633816828;0.00037633816828
1;0;15;0;0.00125191546977;0.00125191546977
1;0;16;0;0.000991988927126;0.000875152123626
1;0;17;0;0.000583077257033;0.000445902405772
1;1;0;0;0.00575161492452;0.00184705620632
1;1;1;0;0.00795938912779;0.00295655732043
1;1;2;0;0.00890105124563;0.00278437370434
1;1;3;0;0.00746800471097;0.00201363372616
1;1;4;0;0.00442519038916;0.00197054888122
1;1;5;0;0.00490046199411;0.00182577758096
1;1;6;0;0.00701902061701;0.00526850810274
1;1;7;0;0.00590457487851;0.00236654118635
1;1;8;0;0.0027524526231;0.00139750097878
1;1;9;0;0.00716431811452;0.00716431811452
1;1;10;0;0.00457934755832;0.00286352611147
1;1;11;0;0.00400690129027;0.00197785114869
1;1;12;0;0.00499252229929;0.00154875090811
1;1;13;0;0.00382949505001;0.000974167720415
1;1;14;0;0.00347598572262;0.00306310574524
1;1;15;0;0.0;0.0
1;1;16;0;0.00398472743109;0.00389680988155
1;1;17;0;0.00317694433033;0.00130750623066
1;2;0;0;0.00180765776895;0.00180765776895
1;2;1;0;0.00216212705709;0.00216091098264
1;2;2;0;0.00174869270995;0.00174869270995
1;2;3;0;0.00234623183496;0.00234623183496
1;2;4;0;0.00404015928507;0.00130574323703
1;2;5;0;0.00366130960174;0.00173034856562
1;2;6;0;0.00563354510814;0.00300685549155
1;2;7;0;0.00305109075271;0.00268318527378
1;2;8;1;0.3;0.3
1;2;9;1;0.3;0.3
1;2;10;0;0.0121961906552;0.00318054528907
1;2;11;0;0.0450408272445;0.0261947456747
1;2;12;0;0.0066336048767;0.00176063273102
1;2;13;0;0.008595331572;0.00193283916451
1;2;14;0;0.0112248584628;0.00466815382242
1;2;15;0;0.0204011220485;0.00489800842479
1;2;16;0;0.0188279245049;0.00690969219431
1;2;17;0;0.00819422863424;0.001958765788
1;3;0;0;0.00256689894013;0.0025631620083
1;3;1;0;0.00229459884576;0.00229459884576
1;3;2;0;0.00318489922211;0.00147367757745
1;3;3;0;0.00263793277554;0.00225044228137
1;3;4;0;0.00172441080213;0.0017203289317
1;3;5;0;0.00181937182788;0.00181715423241
1;3;6;0;0.00320697389543;0.00320697389543
1;3;7;0;0.00279498728923;0.00279498728923
1;3;8;0;0.000721622956917;0.000716276641469
1;3;9;0;0.00328782433644;0.00241781515069
1;3;10;0;0.00289883930236;0.00288642477244
1;3;11;0;0.00267758523114;0.00267758523114
1;3;12;0;0.00278554018587;0.00277405348606
1;3;13;0;0.00224309694022;0.00221486692317
1;3;14;0;0.00174981064629;0.00174981064629
1;3;15;0;0.00218904996291;0.00218743388541
1;3;16;0;0.00323847518303;0.00323696574196
1;3;17;0;0.00239369668998;0.00238823983818
1;4;0;0;0.068199634552;0.0340855494142
1;4;1;0;0.0526585280895;0.0110728209838
1;4;2;0;0.0469498671591;0.013711893931
1;4;3;0;0.0120451403782;0.00242599379271
1;4;4;1;0.3;0.3
1;4;5;1;0.3;0.3
1;4;6;0;0.0693576559424;0.00628610420972
1;4;7;0;0.0129503756762;0.00459212297574
1;4;8;0;0.0203928034753;0.00491928402334
1;4;9;0;0.0605982169509;0.0106562003493
1;4;10;0;0.0746522322297;0.0288170743734
1;4;11;0;0.0802374631166;0.0121660912409
1;4;12;0;0.0115684615448;0.00898460950702
1;4;13;0;0.00572889763862;0.00355316931382
1;4;14;0;0.00320028769784;0.00236872164533
1;4;15;0;0.00850589107722;0.00346659566276
1;4;16;0;0.00997762195766;0.00327829457819
1;4;17;0;0.0039811776951;0.00224992190488
1;5;0;0;0.00592415360734;0.000381736637792
1;5;1;0;0.00387598341331;0.0003236104385
1;5;2;0;0.00376649503596;0.000654165574815
1;5;3;0;0.00462901825085;0.000884457665961
1;5;4;0;0.00644719228148;0.000185599710676
1;5;5;0;0.0057964194566;6.79383447277e-05
1;5;6;0;0.005599998869;0.00140472711064
1;5;7;0;0.00643653282896;0.0012702482054
1;5;8;0;0.0139797683805;0.00365232396871
1;5;9;0;0.0100909778848;0.00954243447632
1;5;10;0;0.00609249155968;0.000723404402379
1;5;11;0;0.00716565409675;0.000403315993026
1;5;12;0;0.00729899341241;0.000814400147647
1;5;13;0;0.00915056467056;0.000905883556698
1;5;14;0;0.0126095861197;0.0112994555384
1;5;15;0;0.0112846298143;0.00615176511928
1;5;16;0;0.0102193541825;0.00196297210641
1;5;17;0;0.0107383718714;0.000700588629115
1;6;0;0;0.00085039017722;0.000264575966867
1;6;1;0;0.000300253625028;0.000197223751456
1;6;2;0;0.000285908638034;0.000124699494336
1;6;3;0;0.000616784556769;0.00040232995525
1;6;4;0;0.00156331865583;0.000343028572388
1;6;5;0;0.00107328314334;0.000134409769089
1;6;6;0;0.00121026637498;0.000132353408844
1;6;7;0;0.00118018547073;0.000158130991622
1;6;8;0;0.00204907008447;0.000164080251125
1;6;9;0;0.00231942930259;0.000235888248426
1;6;10;0;0.00158055650536;0.000282688386505
1;6;11;0;0.00179057184141;0.000140474454383
1;6;12;0;0.00165777711663;0.000127144856378
1;6;13;0;0.00245581823401;0.000201126065804
1;6;14;0;0.00387459620833;0.000187424389878
1;6;15;0;0.00245048757643;0.000307421578327
1;6;16;0;0.00259233941324;0.000549101387151
1;6;17;0;0.00356150255539;0.000247776712058
1;7;0;0;9.3735216069e-05;5.11469588673e-05
1;7;1;0;0.000118259296869;7.01101016602e-05
1;7;2;0;0.000109063119453;5.46748487977e-05
1;7;3;0;0.00012804401922;6.33155214018e-05
1;7;4;0;0.000103234429844;5.36286097486e-05
1;7;5;0;0.000134874193463;9.89009204204e-05
1;7;6;0;8.84622568265e-05;3.69096305803e-05
1;7;7;0;0.000111422232294;5.35969047633e-05
1;7;8;0;0.000267488037935;0.000238590262597
1;7;9;0;0.000112853653263;7.27692677174e-05
1;7;10;0;0.00015744783741;6.25185348326e-05
1;7;11;0;0.000142985591083;7.70082770032e-05
1;7;12;0;0.00010196576477;3.64112274838e-05
1;7;13;0;0.000198197871214;8.8162269094e-05
1;7;14;0;0.000380110810511;0.000121410710562
1;7;15;0;0.000168935279362;0.000145923026139
1;7;16;0;0.000136313290568;9.55647410592e-05
1;7;17;0;0.000363371451385;0.000256328494288
1;8;0;0;6.82195750414e-05;2.81054199149e-05
1;8;1;0;7.56092485972e-05;3.52872630174e-05
1;8;2;0;7.02900651959e-05;3.45878870576e-05
1;8;3;0;8.07093165349e-05;3.83128681278e-05
1;8;4;0;7.85691008787e-05;4.15729155065e-05
1;8;5;0;8.56428960105e-05;4.19987554778e-05
1;8;6;0;6.7310873419e-05;2.33945811488e-05
1;8;7;0;7.21394681023e-05;2.32768579735e-05
1;8;8;0;0.00011001979874;6.18743652012e-05
1;8;9;0;7.993185136e-05;2.52234312939e-05
1;8;10;0;9.33514238568e-05;3.49033653038e-05
1;8;11;0;9.23169500311e-05;3.68154069292e-05
1;8;12;0;7.90219128248e-05;2.89470426651e-05
1;8;13;0;0.000127518927911;5.17019216204e-05
1;8;14;0;9.4702700153e-05;4.7388515668e-05
1;8;15;0;9.81708799372e-05;4.98795052408e-05
1;8;16;0;9.61264668149e-05;3.35715121764e-05
1;8;17;0;0.000126714658109;5.40513865417e-05
1;9;0;0;4.09672938986e-05;1.12372690637e-05
1;9;1;0;4.61999115942e-05;2.54979022429e-05
1;9;2;0;5.95473284193e-05;3.49587025994e-05
1;9;3;0;5.09318160766e-05;1.23549225464e-05
1;9;4;0;5.43710484635e-05;2.55613103946e-05
1;9;5;0;7.36783040338e-05;5.18370688951e-05
1;9;6;0;5.92170290474e-05;2.54720998782e-05
1;9;7;0;5.97991347604e-05;1.38588256959e-05
1;9;8;0;7.68934551161e-05;3.31613919116e-05
1;9;9;0;3.63167309843e-05;6.3052762016e-06
1;9;10;0;6.45591862849e-05;1.98928591999e-05
1;9;11;0;7.10461608833e-05;2.17650140257e-05
1;9;12;0;4.77641988255e-05;3.34743235726e-05
1;9;13;0;9.99082476483e-05;5.24820243299e-05
1;9;14;0;6.56937263557e-05;2.50640623563e-05
1;9;15;0;6.35722099105e-05;2.61625937128e-05
1;9;16;0;6.27423360129e-05;1.89197671716e-05
1;9;17;0;8.11000863905e-05;3.47656969097e-05
2;0;0;0;0.00186780234799;0.00162560131866
2;0;1;0;0.00426763156429;0.00426763156429
2;0;2;0;0.00147213542368;0.00142424541991
2;0;3;0;0.00140778231435;2.14488386518e-06
2;0;4;0;0.00423447741196;0.00423447741196
2;0;5;0;0.00305361906067;0.00272098509595
2;0;6;0;0.00143450673204;0.00117555679753
2;0;7;0;0.000785537995398;2.11842962017e-06
2;0;8;0;0.0041517438367;0.00415170844644
2;0;9;0;0.00157305900939;0.00157305900939
2;0;10;0;0.000265051436145;3.41192826454e-05
2;0;11;0;0.000260227709077;0.000112838672067
2;0;12;0;0.000544701004401;2.0588145162e-06
2;0;13;0;0.000137106879265;1.73019839167e-06
2;0;14;0;0.00108423805796;0.000830503064208
2;0;15;0;0.00196560425684;0.00196378887631
2;0;16;0;0.000116683280794;0.000116642710054
2;0;17;0;3.21659827023e-05;1.82047676844e-06
2;1;0;0;0.00841816700995;0.00273032067344
2;1;1;0;0.0286870226264;0.00479886913672
2;1;2;0;0.0104355495423;0.00205364334397
2;1;3;0;0.00317823141813;6.28334248631e-07
2;1;4;0;0.00596082070842;0.00167579366826
2;1;5;0;0.00618381099775;0.00144923618063
2;1;6;0;0.00647656293586;0.000977990683168
2;1;7;0;0.0030090205837;5.27985150711e-07
2;1;8;0;0.00285063916817;0.000698034360539
2;1;9;0;0.00289906118996;0.00189687614329
2;1;10;0;0.00364674418233;0.00113241828512
2;1;11;0;0.00224832282402;0.00139964267146
2;1;12;0;0.00282544782385;2.27975942835e-06
2;1;13;0;0.00241757882759;2.16063017433e-06
2;1;14;0;0.00350270024501;0.00130204448942
2;1;15;0;0.0024839930702;0.00238153082319
2;1;16;0;0.0020313623827;0.00120113545563
2;1;17;0;0.00183395959903;2.17139472625e-06
2;2;0;0;0.0023442201782;0.00181259587407
2;2;1;0;0.00207534828223;0.00207534828223
2;2;2;0;0.000970878289081;0.000970878289081
2;2;3;0;0.00108812318649;8.13571205072e-06
2;2;4;0;0.00344618968666;0.00168302899692
2;2;5;0;0.00246020546183;0.00152552151121
2;2;6;0;0.00184971967246;0.000531868659891
2;2;7;0;0.00186894566286;3.15544025398e-06
2;2;8;1;0.3;0.3
2;2;9;1;0.3;0.3
2;2;10;0;0.00292413122952;0.00174318731297
2;2;11;0;0.0228943135589;0.00576791306958
2;2;12;0;0.00198422465473;3.0496078125e-06
2;2;13;0;0.00291904527694;3.13728310175e-06
2;2;14;0;0.00950048584491;0.00120910000987
2;2;15;0;0.0128558995202;0.00111936568283
2;2;16;0;0.0116846021265;0.003526924178
2;2;17;0;0.00310921110213;2.23750794248e-06
2;3;0;0;0.00228916248307;0.00228916248307
2;3;1;0;0.00270807323977;0.00270807323977
2;3;2;0;0.00167161878198;0.00141222798266
2;3;3;0;0.0020836184267;4.72950596304e-05
2;3;4;0;0.00227248365991;0.00226346100681
2;3;5;0;0.00212161848322;0.00212080171332
2;3;6;0;0.000733892433345;0.00055643892847
2;3;7;0;0.00180236098822;4.4573804189e-05
2;3;8;0;0.00202606106177;0.00201690290123
2;3;9;0;0.00261668418534;0.00261245854199
2;3;10;0;0.00116933358368;0.0011693284614
2;3;11;0;0.000848866067827;0.000848866067827
2;3;12;0;0.000816942250822;3.62492173736e-05
2;3;13;0;0.000341854960425;2.27067703236e-05
2;3;14;0;0.00168103689793;0.00168103689793
2;3;15;0;0.00136561354157;0.00136561354157
2;3;16;0;0.00161012413446;0.00161012413446
2;3;17;0;0.00066977966344;1.51184376591e-05
2;4;0;0;0.0288227889687;0.00740372482687
2;4;1;0;0.119796723127;0.00776668218896
2;4;2;0;0.0264251716435;0.00702700903639
2;4;3;0;0.00616314588115;5.17701009812e-05
2;4;4;0;0.0389901697636;0.00757876085117
2;4;5;0;0.0373764932156;0.0106451632455
2;4;6;0;0.0396035015583;0.00591649254784
2;4;7;0;0.00536711141467;5.09613382746e-05
2;4;8;0;0.183139562607;0.00607843650505
2;4;9;1;0.3;0.3
2;4;10;0;0.0261398535222;0.00114073231816
2;4;11;0;0.0139985820279;0.00213348120451
2;4;12;0;0.00488181272522;5.07693730469e-05
2;4;13;0;0.00358742498793;4.9855956604e-05
2;4;14;0;0.00334542267956;0.00201603793539
2;4;15;0;0.00749899400398;0.00207052961923
2;4;16;0;0.00704258820042;0.00134985789191
2;4;17;0;0.00282043986954;4.95806743857e-05
2;5;0;0;0.00483629247174;0.000752755033318
2;5;1;0;0.00326226931065;0.000392618676415
2;5;2;0;0.00343057396822;0.000426209415309
2;5;3;0;0.00421162229031;5.40052933502e-05
2;5;4;0;0.00622988026589;0.000831250858027
2;5;5;0;0.00557332858443;0.000579161744099
2;5;6;0;0.00521730398759;0.0004705041938
2;5;7;0;0.00517712533474;5.34394166607e-05
2;5;8;0;0.00721488008276;2.80769745586e-05
2;5;9;0;0.00762172788382;0.00336732296273
2;5;10;0;0.00586034590378;0.00136559223756
2;5;11;0;0.00625424319878;0.00160562479869
2;5;12;0;0.0055452529341;5.34253231308e-05
2;5;13;0;0.00625029299408;5.28954624315e-05
2;5;14;0;0.0129000712186;0.0023687321227
2;5;15;0;0.00867066998035;0.00668954849243
2;5;16;0;0.00808788090944;0.00572442403063
2;5;17;0;0.00647822814062;5.25944124092e-05
2;6;0;0;0.000900719256606;0.000228714823606
2;6;1;0;0.000456339534139;0.000258429237874
2;6;2;0;0.000458089110907;0.000225380659685
2;6;3;0;0.000792390259448;5.47770723642e-05
2;6;4;0;0.00146385934204;0.000243870701524
2;6;5;0;0.00114656833466;0.000222878254135
2;6;6;0;0.00117904355284;0.000278804101981
2;6;7;0;0.00146372569725;5.49056640011e-05
2;6;8;0;0.00171531760134;0.000562604807783
2;6;9;0;0.00182092364412;0.000224870236707
2;6;10;0;0.00177677790634;0.000150609601405
2;6;11;0;0.00194004783407;0.000323690474033
2;6;12;0;0.0018590708496;5.47588788322e-05
2;6;13;0;0.00261826138012;5.46364972251e-05
2;6;14;0;0.00328488368541;0.00038012326695
2;6;15;0;0.0020515108481;0.000635145290289
2;6;16;0;0.00238986220211;0.000777726701926
2;6;17;0;0.00355936493725;5.43394271517e-05
2;7;0;0;0.000148907740368;8.35210230434e-05
2;7;1;0;0.000192946798052;0.000116286399134
2;7;2;0;0.000238340187934;9.18461228139e-05
2;7;3;0;0.000209133373573;5.44681388419e-05
2;7;4;0;0.000133498644573;7.98931068857e-05
2;7;5;0;0.000193829793716;0.000111593530164
2;7;6;0;0.000165219957125;5.49649630557e-05
2;7;7;0;0.00019301888824;5.48476891709e-05
2;7;8;0;0.000335373624694;0.00030910919304
2;7;9;0;0.000186138873687;0.000114704860607
2;7;10;0;0.000224912539124;5.79734551138e-05
2;7;11;0;0.000193353698705;5.92309625063e-05
2;7;12;0;0.000178741640411;5.48760472157e-05
2;7;13;0;0.000285591755528;5.50166041648e-05
2;7;14;0;0.000386958214222;0.000236547304667
2;7;15;0;0.000220147194341;0.000142293414683
2;7;16;0;0.000181495634024;0.000150850391947
2;7;17;0;0.000491772894748;5.49622964172e-05
2;8;0;0;9.48205051827e-05;4.42529817519e-05
2;8;1;0;0.000142377553857;7.82794086263e-05
2;8;2;0;0.000233297178056;0.000100214885606
2;8;3;0;0.000218568733544;6.67187705403e-05
2;8;4;0;0.000115063317935;4.91144128318e-05
2;8;5;0;0.000126966609969;5.51112279936e-05
2;8;6;0;0.000135843758471;4.1549661546e-05
2;8;7;0;0.000207760225749;6.10278511886e-05
2;8;8;0;0.000170086917933;9.77431191131e-05
2;8;9;0;0.000124686470372;2.78758652712e-05
2;8;10;0;0.000187130441191;4.50481529697e-05
2;8;11;0;0.000208097422728;6.43832900096e-05
2;8;12;0;0.000202936513233;5.53175195819e-05
2;8;13;0;0.000209800156881;5.42570196558e-05
2;8;14;0;0.00015840215201;9.46724539972e-05
2;8;15;0;0.000189028651221;8.68254210218e-05
2;8;16;0;0.000165934878169;3.69599183614e-05
2;8;17;0;0.000211006452446;5.36342195119e-05
2;9;0;0;5.06081159983e-05;1.01038867797e-05
2;9;1;0;0.000210138081457;0.000187908313819
2;9;2;0;0.00017847160052;0.000140071992064
2;9;3;0;0.000181440118467;5.06539035996e-05
2;9;4;0;0.000115967428428;0.000110910135845
2;9;5;0;0.000143299417687;0.000118758929602
2;9;6;0;0.000213266190258;0.000173344509676
2;9;7;0;0.000253204489127;7.46426303522e-05
2;9;8;0;0.000137271941639;9.33841656661e-05
2;9;9;0;7.32577609597e-05;7.19434392522e-05
2;9;10;0;0.000192166582565;0.000102771649836
2;9;11;0;0.000228244563914;0.000150916865095
2;9;12;0;0.000261167588178;7.66747907619e-05
2;9;13;0;0.000246567244176;7.37874870538e-05
2;9;14;0;9.42560945987e-05;5.00036403537e-05
2;9;15;0;0.000117321578728;6.50444417261e-05
2;9;16;0;0.000178080183105;6.30913345958e-05
2;9;17;0;0.000231881102081;7.01395256328e-05
