0;0;0;0;0.000307569396682;0.000241737056058
0;0;1;0;0.000317678641295;0.000185563083505
0;0;2;0;0.000295993086183;4.33140339737e-05
0;0;3;0;0.000215851789108;7.24144556443e-05
0;0;4;0;0.000107882820885;5.81484746363e-05
0;0;5;0;8.91464151209e-05;2.6607503969e-05
0;0;6;0;9.45417050389e-05;6.79200820741e-06
0;0;7;0;9.00354571058e-05;4.95631320518e-05
0;0;8;0;0.000155917761731;0.00012872282241
0;0;9;0;3.17701342283e-05;1.93872747332e-05
0;0;10;0;5.31385921931e-05;2.06095101021e-05
0;0;11;0;5.78032449994e-05;3.58349097951e-05
0;0;12;0;0.00014062608534;0.00012069260265
0;0;13;0;6.40022772131e-05;5.34960599907e-05
0;0;14;0;0.000205194344744;0.000204752839636
0;0;15;0;1.79517192009e-05;2.57203032561e-06
0;0;16;0;2.36681134993e-05;2.15097879845e-05
0;0;17;0;4.74437401863e-05;4.36954287579e-05
0;1;0;0;0.000989519408904;0.000155621324666
0;1;1;0;0.00129288213793;0.000237218890106
0;1;2;0;0.00124898180366;0.000208742465475
0;1;3;0;0.00109705573414;0.000238677443122
0;1;4;0;0.000640773796476;0.000159199888003
0;1;5;0;0.000731112842914;0.000160267707543
0;1;6;0;0.000822610687464;0.000220624700887
0;1;7;0;0.000815336825326;8.6426443886e-05
0;1;8;0;0.000523768365383;0.000157513059094
0;1;9;0;0.000509410281666;0.000171531472006
0;1;10;0;0.000648915651254;5.87200265727e-05
0;1;11;0;0.000626337598078;6.27141416771e-05
0;1;12;0;0.0006878816057;0.000104973383714
0;1;13;0;0.000560496817343;0.000160109426361
0;1;14;0;0.000293705321383;0.000175315959495
0;1;15;0;0.00046085237409;5.36719126103e-05
0;1;16;0;0.000485905067762;0.000105518018245
0;1;17;0;0.000327929563355;7.31712643756e-05
0;2;0;0;0.00117022520863;0.000327150337398
0;2;1;0;0.000805322546512;0.00049402267905
0;2;2;0;0.000641516118776;0.000480398593936
0;2;3;0;0.00104281946551;0.000755456741899
0;2;4;0;0.00158800790086;0.000429138948675
0;2;5;1;0.3;0.3
0;2;6;0;0.0223212391138;0.0128104900941
0;2;7;0;0.00160241744015;0.000550778757315
0;2;8;0;0.00160807685461;0.000426445156336
0;2;9;0;0.0147423166782;0.00321735162288
0;2;10;0;0.0216707047075;0.00185755116399
0;2;11;0;0.0442980006337;0.0100595513359
0;2;12;0;0.00148420303594;0.00089528009994
0;2;13;0;0.00141635513864;0.000336332595907
0;2;14;0;0.00134309579153;0.000138567280374
0;2;15;0;0.00238084071316;0.000717073329724
0;2;16;0;0.00260220095515;0.000807006843388
0;2;17;0;0.00126761582214;0.000197343062609
0;3;0;0;0.000388098182157;0.000322474341374
0;3;1;0;0.000490106525831;0.000446865946287
0;3;2;0;0.000375025352696;0.000364757404895
0;3;3;0;0.000516904285178;0.000508665689267
0;3;4;0;0.000484583113575;0.000321660685586
0;3;5;0;0.000321943603922;0.000280932203168
0;3;6;0;0.000636490061879;0.000621233484708
0;3;7;0;0.000659899553284;0.000659899553284
0;3;8;0;0.000528785516508;0.000319261656841
0;3;9;0;0.000395865936298;0.000382452562917
0;3;10;0;0.000610984396189;0.000610984396189
0;3;11;0;0.000623721338343;0.000576564692892
0;3;12;0;0.00058255076874;0.00058255076874
0;3;13;0;0.00067297462374;0.000492876919452
0;3;14;0;0.00074151949957;0.000315159355523
0;3;15;0;0.00040176694165;0.000273639598163
0;3;16;0;0.000772093131673;0.000689784588758
0;3;17;0;0.000775168125983;0.000385259249015
0;4;0;0;0.00331936101429;0.000323171989294
0;4;1;0;0.0763872265816;0.0262223184109
0;4;2;0;0.00794601254165;0.00488560041413
0;4;3;0;0.0049557085149;0.00177853601053
0;4;4;0;0.00257843360305;0.000323311920511
0;4;5;0;0.211827859282;0.0136131728068
0;4;6;0;0.212408527732;0.065418228507
0;4;7;0;0.00359278800897;0.000882872205693
0;4;8;0;0.0014510191977;0.000322622538079
0;4;9;0;0.00254797260277;0.00108897418249
0;4;10;0;0.00302127026953;0.000647001957987
0;4;11;0;0.00234612310305;0.000182483272511
0;4;12;0;0.00280017661862;0.00136234005913
0;4;13;0;0.00159655686002;0.000755238928832
0;4;14;0;0.000361922371667;0.000322524923831
0;4;15;0;0.00179914094042;0.000563899578992
0;4;16;0;0.00103709043469;0.00103709043469
0;4;17;0;0.000773528008722;0.000515470455866
0;5;0;0;0.0026620363351;0.000241300585913
0;5;1;0;0.0018155380385;0.000580596970394
0;5;2;0;0.00180416496005;0.000231418540352
0;5;3;0;0.00228993408382;0.00038285125629
0;5;4;0;0.0031992001459;0.000258025014773
0;5;5;0;0.00227902526967;0.000539597531315
0;5;6;0;0.00226827571169;0.000478058529552
0;5;7;0;0.00310390233062;0.000627684872597
0;5;8;0;0.00350984791294;0.000289876072202
0;5;9;0;0.00456766225398;0.00255093793385
0;5;10;0;0.00340449810028;0.000965420273133
0;5;11;0;0.0103847403079;0.000597520847805
0;5;12;0;0.00345473620109;0.000604704488069
0;5;13;0;0.00425577210262;0.000148314487888
0;5;14;0;0.00406940048561;0.000292713171802
0;5;15;0;0.0141244158149;0.0010352426907
0;5;16;0;0.0127766253427;0.00128051871434
0;5;17;0;0.00455739255995;0.00026678678114
0;6;0;0;0.000472129293485;1.24403977679e-05
0;6;1;0;0.000184751188499;1.92708648683e-05
0;6;2;0;0.000164445838891;3.9892118366e-05
0;6;3;0;0.000273362209555;7.54712018534e-05
0;6;4;0;0.000829804455861;8.42667213874e-06
0;6;5;0;0.000581181724556;6.52353555779e-05
0;6;6;0;0.000569177966099;4.9103062338e-05
0;6;7;0;0.000583896588068;5.6428147218e-05
0;6;8;0;0.00106695992872;6.14519240116e-06
0;6;9;0;0.000995112583041;0.000110842876893
0;6;10;0;0.000752498744987;8.47073024488e-05
0;6;11;0;0.000847073446494;7.6025375165e-05
0;6;12;0;0.000828756950796;9.99518815661e-05
0;6;13;0;0.00123261846602;0.000175562498043
0;6;14;0;0.00187921093311;0.00010854719585
0;6;15;0;0.00108031486161;6.23288578936e-05
0;6;16;0;0.00109490880277;0.000302283471683
0;6;17;0;0.00183614937123;0.000128958155983
0;7;0;0;3.63779327017e-05;1.22838473544e-05
0;7;1;0;3.42069761246e-05;1.41013088069e-05
0;7;2;0;4.04938691645e-05;2.55936320173e-05
0;7;3;0;3.94429262087e-05;2.47286116064e-05
0;7;4;0;3.50526497641e-05;1.27830862766e-05
0;7;5;0;5.13682934979e-05;4.90650527354e-05
0;7;6;0;1.74754259206e-05;7.20426396583e-06
0;7;7;0;3.30723851221e-05;2.10514263017e-05
0;7;8;0;3.71141541109e-05;1.27056564452e-05
0;7;9;0;3.84850645787e-05;2.60993674601e-05
0;7;10;0;4.67676873086e-05;2.05686537811e-05
0;7;11;0;3.76607931685e-05;2.22924991249e-05
0;7;12;0;2.80180702248e-05;1.40686643135e-05
0;7;13;0;9.28901790758e-05;7.53474523663e-05
0;7;14;0;0.000188246558537;1.29666714201e-05
0;7;15;0;5.30937795702e-05;2.21531336138e-05
0;7;16;0;5.65407754038e-05;1.6021560441e-05
0;7;17;0;0.000155532135977;9.39231176744e-05
0;8;0;0;2.6186597097e-05;1.07909409053e-05
0;8;1;0;1.15741058835e-05;4.36974869444e-06
0;8;2;0;2.54466358456e-05;1.49755042003e-05
0;8;3;0;2.38940174313e-05;1.62082342285e-05
0;8;4;0;2.97133101412e-05;1.15119219117e-05
0;8;5;0;3.1448318623e-05;1.56721453095e-05
0;8;6;0;1.34283263833e-05;6.69281689625e-06
0;8;7;0;2.09224217542e-05;1.31361202875e-05
0;8;8;0;3.47130880982e-05;1.20606164273e-05
0;8;9;0;2.92811637337e-05;1.40492948049e-05
0;8;10;0;2.97889400827e-05;1.60742183652e-05
0;8;11;0;3.01888085232e-05;1.65494602697e-05
0;8;12;0;2.03878880711e-05;1.28503506858e-05
0;8;13;0;3.71014757548e-05;2.59010048467e-05
0;8;14;0;3.63845392712e-05;1.22280707728e-05
0;8;15;0;3.53211326001e-05;2.03234430955e-05
0;8;16;0;3.02629359794e-05;1.56387977768e-05
0;8;17;0;3.75918789359e-05;2.28760654863e-05
0;9;0;0;2.08359069802e-05;8.4206358224e-06
0;9;1;0;1.60890886036e-05;1.08343947431e-05
0;9;2;0;2.07067223528e-05;1.72874897544e-05
0;9;3;0;1.6408133888e-05;1.1223144611e-05
0;9;4;0;2.53277139564e-05;9.65964227362e-06
0;9;5;0;2.4519087674e-05;2.35371699091e-05
0;9;6;0;1.27658840938e-05;9.01297335076e-06
0;9;7;0;1.72336822288e-05;1.10027649498e-05
0;9;8;0;2.67466457444e-05;1.04750643004e-05
0;9;9;0;2.21657610382e-05;1.43967381518e-05
0;9;10;0;2.05446867767e-05;1.24673269966e-05
0;9;11;0;2.10210073419e-05;1.29070022012e-05
0;9;12;0;1.5900033759e-05;9.59687167779e-06
0;9;13;0;2.19722205657e-05;1.59498322319e-05
0;9;14;0;2.61066707026e-05;1.06884581328e-05
0;9;15;0;2.21160389628e-05;1.23376330521e-05
0;9;16;0;2.05613869184e-05;1.21077828226e-05
0;9;17;0;2.24785017053e-05;1.54479657795e-05
1;0;0;0;0.000166523779626;0.00010259267583
1;0;1;0;0.000272686069366;5.84610315855e-05
1;0;2;0;0.000276545702945;9.01453968254e-05
1;0;3;0;0.000224384275498;0.00011794911552
1;0;4;0;0.00018981800531;0.000167263846379
1;0;5;0;0.000201124828891;0.000159709146828
1;0;6;0;0.000148655482917;9.15846758289e-05
1;0;7;0;9.67734958977e-05;7.64107244322e-05
1;0;8;0;0.000563538982533;0.000440601172158
1;0;9;0;0.000453128130175;0.000379749602871
1;0;10;0;0.000109276130388;3.77071810362e-05
1;0;11;0;0.000285542482743;0.000229466153542
1;0;12;0;0.000183088137419;0.000143846671563
1;0;13;0;0.000282426655758;0.000177034467924
1;0;14;0;6.39119753032e-05;5.51540215383e-05
1;0;15;0;0.000233757367823;0.000122868572362
1;0;16;0;0.000165000659763;8.23749651317e-05
1;0;17;0;9.9118493381e-05;5.81977546972e-05
1;1;0;0;0.000920256890822;0.0001323899196
1;1;1;0;0.00133152178023;0.000277049170109
1;1;2;0;0.00135758810211;0.000152638473082
1;1;3;0;0.00119930971414;0.000150718798977
1;1;4;0;0.000652463990264;5.74659716222e-05
1;1;5;0;0.000750192732085;5.26493131474e-05
1;1;6;0;0.000799877685495;0.000137146853376
1;1;7;0;0.000875699333847;0.000153880973812
1;1;8;0;0.000568366900552;9.44766870816e-05
1;1;9;0;0.000492868188303;0.000151764557813
1;1;10;0;0.000698472664226;8.9913039119e-05
1;1;11;0;0.000644213228952;7.26484213374e-05
1;1;12;0;0.000737667316571;0.000219742578338
1;1;13;0;0.000415305228671;0.000196771739866
1;1;14;0;0.000293183402391;4.15042923123e-05
1;1;15;0;0.00048740344937;0.000129167296109
1;1;16;0;0.000474829546874;0.000153243992827
1;1;17;0;0.000274123711279;7.99856352387e-05
1;2;0;0;0.00159543822519;0.00104396126699
1;2;1;0;0.00104165950324;0.000503919960465
1;2;2;0;0.000884539156687;0.000446057121735
1;2;3;0;0.00157863693312;0.00110314902849
1;2;4;0;0.00790111441165;0.00140866171569
1;2;5;0;0.00844624172896;0.0010988379363
1;2;6;0;0.0100369639695;0.00258038914762
1;2;7;0;0.00186718686018;0.000611086783465
1;2;8;0;0.088961802423;0.0108337905258
1;2;9;0;0.147732660174;0.00475462246686
1;2;10;0;0.00683259731159;0.0036800338421
1;2;11;0;0.00505645945668;0.00136310758535
1;2;12;0;0.00150689214934;0.000424085272243
1;2;13;0;0.00151933170855;0.000423941441113
1;2;14;0;0.00133395614102;0.000404831400374
1;2;15;0;0.00217303563841;0.000495672691613
1;2;16;0;0.00226036645472;0.000478985835798
1;2;17;0;0.00138666119892;8.74405013747e-05
1;3;0;0;0.000479046168039;0.000469294172945
1;3;1;0;0.000559901236556;0.000559901236556
1;3;2;0;0.000415698654251;0.000415698654251
1;3;3;0;0.000519865425304;0.000480942399008
1;3;4;0;0.000371925794752;0.000371184520191
1;3;5;0;0.000469359714771;0.000469359714771
1;3;6;0;0.000580591673497;0.000580591673497
1;3;7;0;0.000556652841624;0.000556652841624
1;3;8;0;0.000221588881686;0.000209858277231
1;3;9;0;0.00050117704086;0.00050117704086
1;3;10;0;0.000600663828664;0.000600663828664
1;3;11;0;0.000635168049484;0.000635168049484
1;3;12;0;0.000688826490659;0.000688826490659
1;3;13;0;0.000834621838294;0.00060343334917
1;3;14;0;0.00044976270874;0.000199343296117
1;3;15;0;0.000676986062899;0.000635290693026
1;3;16;0;0.000826528528705;0.00073497655103
1;3;17;0;0.000878381484654;0.000326382898493
1;4;0;0;0.0148418955505;0.010468006134
1;4;1;0;0.0135709103197;0.0062691885978
1;4;2;0;0.0101499333978;0.00638873456046
1;4;3;0;0.00501921772957;0.000549225776922
1;4;4;0;0.0102377394214;0.00675597926602
1;4;5;0;0.0117991203442;0.00823509972543
1;4;6;0;0.0110565740615;0.00824779924005
1;4;7;0;0.00353127205744;0.000912527146284
1;4;8;0;0.000907840149011;0.000558843486942
1;4;9;0;0.00238935928792;0.00196190504357
1;4;10;0;0.00466322526336;0.00296449894086
1;4;11;0;0.00182695442345;0.000414211739553
1;4;12;0;0.00284768571146;0.000923555984627
1;4;13;0;0.00137119507417;0.000568872026633
1;4;14;0;0.000472613814054;0.000455484871054
1;4;15;0;0.000665426428895;0.000665426428895
1;4;16;0;0.000862441549543;0.000744567427319
1;4;17;0;0.000712807755917;0.000494436128065
1;5;0;0;0.00246725277975;0.000102385893115
1;5;1;0;0.00162157439627;0.000303676322801
1;5;2;0;0.00167061551474;0.000478383561131
1;5;3;0;0.00229925708845;0.000573018216528
1;5;4;0;0.00308814505115;0.000236449253862
1;5;5;0;0.00274382228963;0.000324050197378
1;5;6;0;0.00274434126914;0.000806030468084
1;5;7;0;0.00315576838329;0.00116706406698
1;5;8;0;0.00379473273642;0.000142558521475
1;5;9;0;0.00455917650834;0.00102670409251
1;5;10;0;0.00446893135086;0.00118945015129
1;5;11;0;0.00475397892296;0.000835620041471
1;5;12;0;0.00351426214911;0.000841497967485
1;5;13;0;0.00422454113141;0.000286364433123
1;5;14;0;0.00502637028694;0.00116650294513
1;5;15;0;0.00407516770065;0.00122258067131
1;5;16;0;0.00421434501186;0.00130645057652
1;5;17;0;0.00461421301588;0.000510025653057
1;6;0;0;0.000435312394984;4.95647036587e-05
1;6;1;0;0.000138452887768;0.000124734200654
1;6;2;0;0.000113484988105;2.21398204303e-05
1;6;3;0;0.000229249460972;5.69890034967e-05
1;6;4;0;0.000728191749658;7.52543128328e-05
1;6;5;0;0.000501886592247;6.93013644195e-05
1;6;6;0;0.000466833036626;6.60066798446e-05
1;6;7;0;0.000579635088798;5.72130011278e-06
1;6;8;0;0.000343966123182;0.000341332372045
1;6;9;0;0.000871033698786;6.55854091747e-05
1;6;10;0;0.000670251494739;0.000118589443446
1;6;11;0;0.000800880487077;0.000121013334137
1;6;12;0;0.000897588848602;0.000253626698395
1;6;13;0;0.0013215423096;0.000458551163319
1;6;14;0;0.00160089368001;0.000213923573028
1;6;15;0;0.000983297242783;0.000176478570211
1;6;16;0;0.00112645083573;0.000386711733881
1;6;17;0;0.00181942805648;0.00017377565382
1;7;0;0;3.66645799659e-05;2.51899618888e-05
1;7;1;0;3.41539271176e-05;2.45888622885e-05
1;7;2;0;3.9832375478e-05;2.80439417111e-05
1;7;3;0;4.63622127427e-05;3.25010551023e-05
1;7;4;0;4.62238240289e-05;3.90029927075e-05
1;7;5;0;4.90232705488e-05;3.5704295442e-05
1;7;6;0;3.09960414597e-05;2.0483346816e-05
1;7;7;0;4.23882956966e-05;2.84839970845e-05
1;7;8;0;0.000109463166154;0.000102338250144
1;7;9;0;4.70172963105e-05;3.48365319951e-05
1;7;10;0;5.69676849409e-05;3.07818336296e-05
1;7;11;0;4.8986330512e-05;3.10407231154e-05
1;7;12;0;4.00649878429e-05;2.20321198867e-05
1;7;13;0;9.02236934053e-05;8.41707733343e-05
1;7;14;0;0.000133469424327;4.49418221251e-05
1;7;15;0;9.01416715351e-05;8.9441149612e-05
1;7;16;0;4.44467332272e-05;3.55407682946e-05
1;7;17;0;0.000136667309562;8.92678872333e-05
1;8;0;0;2.23150491365e-05;1.59131341206e-05
1;8;1;0;1.09713855636e-05;6.65009656586e-06
1;8;2;0;2.33415721596e-05;1.47918981384e-05
1;8;3;0;2.93795092148e-05;2.17455308302e-05
1;8;4;0;2.91977357847e-05;2.24867490033e-05
1;8;5;0;3.46188535332e-05;2.55196137005e-05
1;8;6;0;2.27533055295e-05;1.39012181535e-05
1;8;7;0;2.15685304283e-05;1.32897803269e-05
1;8;8;0;4.13357192883e-05;2.98637896776e-05
1;8;9;0;2.10595590033e-05;1.10854571176e-05
1;8;10;0;3.11093608616e-05;1.99653641175e-05
1;8;11;0;3.16860059684e-05;2.02261344384e-05
1;8;12;0;2.89018025796e-05;2.07474968192e-05
1;8;13;0;4.53744905826e-05;3.26313129335e-05
1;8;14;0;3.65062260244e-05;2.46764575422e-05
1;8;15;0;3.55709817086e-05;2.47868974839e-05
1;8;16;0;3.11042822432e-05;1.9843570044e-05
1;8;17;0;4.50259867648e-05;2.99474177154e-05
1;9;0;0;1.38079012686e-05;8.69455925567e-06
1;9;1;0;1.03711445263e-05;8.77164075064e-06
1;9;2;0;1.5726995116e-05;1.40356423799e-05
1;9;3;0;1.60913332365e-05;1.06200686787e-05
1;9;4;0;1.64358207257e-05;1.0666457456e-05
1;9;5;0;1.89585425687e-05;1.42643011714e-05
1;9;6;0;1.41290929605e-05;1.0029078112e-05
1;9;7;0;1.66382778843e-05;1.03244146885e-05
1;9;8;0;2.32825132116e-05;1.69430986716e-05
1;9;9;0;1.36957078212e-05;6.8692484092e-06
1;9;10;0;1.81347859325e-05;1.19043506857e-05
1;9;11;0;1.84207583516e-05;1.22141291286e-05
1;9;12;0;1.26967497636e-05;8.28549218568e-06
1;9;13;0;3.20786239172e-05;2.84315974568e-05
1;9;14;0;2.22667094931e-05;1.56754540512e-05
1;9;15;0;1.9917222744e-05;1.36844191729e-05
1;9;16;0;1.85495227925e-05;1.1893826013e-05
1;9;17;0;2.87539751298e-05;2.1505587938e-05
2;0;0;0;0.000151359359734;0.000108267915493
2;0;1;0;0.000249988253927;0.000181716764928
2;0;2;0;0.000281955028186;8.66911577759e-05
2;0;3;0;0.000215125735849;5.84310237173e-06
2;0;4;0;0.000132467903313;0.000125686230604
2;0;5;0;0.000191676590475;0.000176062691025
2;0;6;0;0.000447763566626;0.000250868120929
2;0;7;0;8.78557548276e-05;5.1838469517e-06
2;0;8;0;0.000376509357011;0.000352175382432
2;0;9;0;0.000372882786905;0.000372816401068
2;0;10;0;0.000182328527444;5.26909097971e-05
2;0;11;0;0.000120142751257;1.32263048727e-05
2;0;12;0;5.13663690072e-05;4.54722749055e-06
2;0;13;0;6.62227557768e-06;2.26424481298e-06
2;0;14;0;9.52726841206e-05;9.01532985154e-05
2;0;15;0;0.000143737794133;0.000128836400108
2;0;16;0;6.09595663263e-05;1.88086924027e-05
2;0;17;0;7.99628378445e-06;3.34270680469e-06
2;1;0;0;0.00102285912726;0.000144750345498
2;1;1;0;0.00142024934758;0.000207918375963
2;1;2;0;0.00136123620905;6.70353474561e-05
2;1;3;0;0.00116218009498;1.00035058495e-05
2;1;4;0;0.000749306927901;0.000125185048091
2;1;5;0;0.000800023088232;8.13848891994e-05
2;1;6;0;0.000835600716528;0.000108479296614
2;1;7;0;0.000911875336897;9.47545140662e-06
2;1;8;0;0.000447827740572;7.38385351724e-05
2;1;9;0;0.000398033764213;0.000308841292281
2;1;10;0;0.000657120719552;2.20423225983e-05
2;1;11;0;0.000606583838817;2.6595993404e-05
2;1;12;0;0.000784660223871;9.12626819627e-06
2;1;13;0;0.000562346598599;7.10095719114e-06
2;1;14;0;0.000215073217987;4.96523243783e-05
2;1;15;0;0.000355107913492;0.000242298949161
2;1;16;0;0.000466117431642;0.000276277627563
2;1;17;0;0.000338796206051;6.9683910624e-06
2;2;0;0;0.00196137372404;0.00039546212065
2;2;1;0;0.00170042458922;0.000386935367715
2;2;2;0;0.000983712729067;0.000957963464316
2;2;3;0;0.000837324245367;9.85477890936e-06
2;2;4;0;0.206772774458;0.203496798873
2;2;5;0;0.213675826788;0.208686321974
2;2;6;0;0.00617418903857;0.000246027077083
2;2;7;0;0.00115053670015;9.50814228418e-06
2;2;8;0;0.084899559617;0.00252120778896
2;2;9;0;0.00309022818692;0.00169671233743
2;2;10;0;0.00230958941393;0.000184440708836
2;2;11;0;0.0058361790143;0.00276472070254
2;2;12;0;0.00117664679419;1.08327358248e-05
2;2;13;0;0.001319848001;1.09795410026e-05
2;2;14;0;0.00141617434565;0.000116958719445
2;2;15;0;0.00183313188609;0.000135749331093
2;2;16;0;0.00269929366186;0.00029615155654
2;2;17;0;0.00126566900872;1.08906551759e-05
2;3;0;0;0.00035477039637;0.000354770367267
2;3;1;0;0.000296658108709;0.000296658050502
2;3;2;0;9.09479495022e-05;1.33544617711e-05
2;3;3;0;0.000263512658421;2.60674314632e-05
2;3;4;0;0.000287012255285;0.000287012255285
2;3;5;0;0.000283860164927;0.000283860164927
2;3;6;0;0.000117017989396;0.000116344024718
2;3;7;0;5.78162653255e-05;1.36512035169e-05
2;3;8;0;0.000281097134575;0.000281097134575
2;3;9;0;0.000384788203519;0.000351209106157
2;3;10;0;5.52483979845e-05;4.73841464554e-05
2;3;11;0;9.07734793145e-05;1.78517584573e-05
2;3;12;0;0.000132432600367;1.33960274979e-05
2;3;13;0;0.000386849977076;1.14034683065e-05
2;3;14;0;0.000639460748062;0.000276699400274
2;3;15;0;0.000444796518423;0.000444489181973
2;3;16;0;0.000617301091552;0.000398486270569
2;3;17;0;0.000611170835327;1.13567448352e-05
2;4;0;0;0.0173027925193;0.00480605242774
2;4;1;0;0.0740927308798;0.0610221661627
2;4;2;0;0.00457513798028;0.000928246474359
2;4;3;0;0.00270743970759;1.40533738886e-05
2;4;4;0;0.0201310347766;0.00147464917973
2;4;5;0;0.0217206254601;0.00194759538863
2;4;6;0;0.0051199151203;0.00177312386222
2;4;7;0;0.00209828955121;1.4278614799e-05
2;4;8;0;0.00123027362861;0.000201312956051
2;4;9;0;0.00138590671122;0.000684387923684
2;4;10;0;0.00135963677894;8.22140427772e-05
2;4;11;0;0.00137736683246;0.000211435442907
2;4;12;0;0.00154560082592;1.43623692566e-05
2;4;13;0;0.00082332873717;1.41416703627e-05
2;4;14;0;0.000365888990927;0.000269544223556
2;4;15;0;0.000766345649026;0.000386198255001
2;4;16;0;0.000720139767509;0.000240012115682
2;4;17;0;0.00048514601076;1.44846917465e-05
2;5;0;0;0.0;0.0
2;5;1;0;0.00127194810193;0.0003579815384
2;5;2;0;0.00136295740958;4.18543859269e-05
2;5;3;0;0.00190641230438;1.45065632751e-06
2;5;4;0;0.00312113692053;0.000111990550067
2;5;5;0;0.00262957252562;0.000284180277959
2;5;6;0;0.00231319689192;0.000721337040886
2;5;7;0;0.00234391679987;2.66022379947e-06
2;5;8;0;0.00961404386908;0.00328926509246
2;5;9;0;0.00439760601148;0.00327912555076
2;5;10;0;0.00231352145784;0.000247226766078
2;5;11;0;0.00283394195139;0.000489444239065
2;5;12;0;0.00249136658385;5.76241973249e-06
2;5;13;0;0.00272153550759;1.1137482943e-05
2;5;14;0;0.0109471809119;0.00631277728826
2;5;15;0;0.00640712864697;0.00241790199652
2;5;16;0;0.00349550135434;0.000880714913364
2;5;17;0;0.00274692638777;1.43060015034e-05
2;6;0;0;0.000388541957363;6.11557115917e-05
2;6;1;0;0.000136567090522;0.000103893449705
2;6;2;0;0.000143848199514;5.38099229743e-05
2;6;3;0;0.000276635371847;3.30523726007e-05
2;6;4;0;0.000732116342988;0.000108659143734
2;6;5;0;0.000442027579993;0.000143329234561
2;6;6;0;0.00038964158739;0.000130496206111
2;6;7;0;0.000569605443161;2.6448889912e-05
2;6;8;0;0.000461287098005;0.000372153619537
2;6;9;0;0.000403521757107;5.26241310581e-05
2;6;10;0;0.000602856976911;2.46064228122e-05
2;6;11;0;0.000473459105706;8.23446462164e-05
2;6;12;0;0.000755446671974;1.60205909197e-05
2;6;13;0;0.00112202670425;1.14430959002e-05
2;6;14;0;0.00207892945036;0.00207892921753
2;6;15;0;0.000753360160161;0.000741072290111
2;6;16;0;0.000709728279617;0.00035478619975
2;6;17;0;0.00158625980839;6.90304113959e-06
2;7;0;0;5.01513750351e-05;3.57242061e-05
2;7;1;0;5.63864450669e-05;4.13014713558e-05
2;7;2;0;7.70192636992e-05;3.93420414184e-05
2;7;3;0;7.30012834538e-05;3.37029559887e-05
2;7;4;0;6.41326114419e-05;4.8615020205e-05
2;7;5;0;6.76406925777e-05;4.66052588308e-05
2;7;6;0;6.14513191977e-05;3.99836862925e-05
2;7;7;0;6.90022206982e-05;3.43542233168e-05
2;7;8;0;0.000110578570457;9.43994309637e-05
2;7;9;0;6.02213403909e-05;4.41731644969e-05
2;7;10;0;7.80543705332e-05;3.49508372892e-05
2;7;11;0;6.85590566718e-05;3.8686535845e-05
2;7;12;0;6.84012920829e-05;3.37518904416e-05
2;7;13;0;7.73263018345e-05;3.42307794199e-05
2;7;14;0;0.000131087770569;6.75266346661e-05
2;7;15;0;7.80525006121e-05;7.61153496569e-05
2;7;16;0;5.21852962265e-05;3.00501760648e-05
2;7;17;0;0.000152742053615;3.35751064995e-05
2;8;0;0;3.13993259624e-05;2.41981997533e-05
2;8;1;0;3.4742130083e-05;2.83101326204e-05
2;8;2;0;6.32814480923e-05;3.61270249414e-05
2;8;3;0;6.40590151306e-05;3.19791070069e-05
2;8;4;0;3.90617278754e-05;3.25286164298e-05
2;8;5;0;4.5252545533e-05;3.58154466085e-05
2;8;6;0;3.31840419676e-05;2.03802028409e-05
2;8;7;0;6.24021195108e-05;3.21349762089e-05
2;8;8;0;5.40289584023e-05;4.17432420363e-05
2;8;9;0;3.11068979499e-05;2.11635269807e-05
2;8;10;0;6.49319990771e-05;3.33332100126e-05
2;8;11;0;7.21778051229e-05;4.06423241657e-05
2;8;12;0;6.61699887132e-05;3.24659522448e-05
2;8;13;0;7.05449929228e-05;3.35114564223e-05
2;8;14;0;4.92237959406e-05;3.51936978404e-05
2;8;15;0;6.47006527288e-05;4.77200846944e-05
2;8;16;0;5.82181855862e-05;2.67491941486e-05
2;8;17;0;7.13131012162e-05;3.36034245265e-05
2;9;0;0;1.78555073944e-05;1.16221381177e-05
2;9;1;0;2.57452975347e-05;2.35218103626e-05
2;9;2;0;6.13187003182e-05;4.1321018216e-05
2;9;3;0;5.67502866033e-05;2.85557052848e-05
2;9;4;0;2.61583227257e-05;2.61583227257e-05
2;9;5;0;3.07129812427e-05;2.60809756583e-05
2;9;6;0;4.176080256e-05;3.42809908034e-05
2;9;7;0;6.78940414218e-05;3.52623683284e-05
2;9;8;0;3.66879976355e-05;3.28078313032e-05
2;9;9;0;1.39270323416e-05;1.01040477603e-05
2;9;10;0;6.29216374364e-05;3.80020865123e-05
2;9;11;0;7.09344822099e-05;4.60522169305e-05
2;9;12;0;6.75947303534e-05;3.68571272702e-05
2;9;13;0;6.48295099381e-05;3.4029922972e-05
2;9;14;0;3.13583550451e-05;2.44262901106e-05
2;9;15;0;2.95712616207e-05;2.36557370954e-05
2;9;16;0;5.67327660974e-05;2.9936858482e-05
2;9;17;0;6.26342298347e-05;3.20217477565e-05
