0;0;0;0;0.00124516605865;0.000241476023803
0;0;1;0;0.0014818116324;0.000197694287635
0;0;2;0;0.00175259669777;0.000984194804914
0;0;3;0;0.00150575942826;0.0010597036453
0;0;4;0;0.00061492191162;0.000102264792076
0;0;5;0;0.000568973773625;0.000141409153002
0;0;6;0;0.00106475153007;0.000637791876215
0;0;7;0;0.000683881982695;0.000276420090813
0;0;8;0;0.000396830815589;5.40289292985e-05
0;0;9;0;0.000229046170716;0.000189105427125
0;0;10;0;0.000377952237613;2.4836832381e-05
0;0;11;0;0.000444621866336;0.000201601884328
0;0;12;0;0.000510734622367;0.000229593759286
0;0;13;0;0.000212381841266;0.000162507189089
0;0;14;0;8.73474491527e-05;1.684140625e-05
0;0;15;0;0.000197164990823;3.55887573278e-06
0;0;16;0;0.000152172273374;0.000152172273374
0;0;17;0;0.000102153098851;9.55615905696e-05
0;1;0;0;0.00252496497706;2.41846646531e-05
0;1;1;1;0.3;0.3
0;1;2;0;0.022057864815;0.00273856078275
0;1;3;0;0.00309337885119;0.000892093637958
0;1;4;0;0.00240736291744;1.32446102725e-05
0;1;5;0;0.00988891068846;0.00252993870527
0;1;6;0;0.0106281638145;0.00186615833081
0;1;7;0;0.00356234610081;0.00158428272698
0;1;8;0;0.00244193314575;0.000144134930451
0;1;9;0;0.0198862943798;0.00202590739354
0;1;10;0;0.00455974414945;0.00270485924557
0;1;11;0;0.00352440681309;0.00129956915043
0;1;12;0;0.00294494233094;0.000915816926863
0;1;13;0;0.00235186051577;0.000161616088008
0;1;14;0;0.00193797214888;0.000248388620093
0;1;15;0;0.00237757060677;0.000749851868022
0;1;16;0;0.00220027635805;0.00097642064793
0;1;17;0;0.00170618458651;0.000205807969905
0;2;0;0;0.000710819207598;0.000156865673489
0;2;1;0;0.0019006918883;0.00171260302886
0;2;2;0;0.00117015023716;0.00115136860404
0;2;3;0;0.000981293153018;0.000907863432076
0;2;4;0;0.00127799378242;0.000183616473805
0;2;5;0;0.00304425228387;0.00249046692625
0;2;6;0;0.00115589727648;0.00112204789184
0;2;7;0;0.00109238666482;0.00102937803604
0;2;8;0;0.00157189485617;0.000329992908519
0;2;9;0;0.00393157498911;0.00392128108069
0;2;10;0;0.00123157759663;0.00106874119956
0;2;11;0;0.00121071527246;0.000924696912989
0;2;12;0;0.00144404941238;0.00138298235834
0;2;13;0;0.00166413071565;0.000677365344018
0;2;14;0;0.0019592794124;3.5875949834e-05
0;2;15;0;0.0016869509127;0.000845578033477
0;2;16;0;0.00187185930554;0.00163667753804
0;2;17;0;0.00187774014194;0.000721845251974
0;3;0;0;0.00134764704853;0.0001523677347
0;3;1;0;0.0224059633911;0.00518685020506
0;3;2;0;0.0341149419546;0.00791354943067
0;3;3;0;0.0114682819694;0.0045404266566
0;3;4;0;0.00121453346219;0.000153273009346
0;3;5;0;0.00166030065157;0.00111756485421
0;3;6;0;0.0105319097638;0.00100942945573
0;3;7;0;0.00494498247281;0.00158822338562
0;3;8;0;0.000454378459835;0.000152861335664
0;3;9;0;0.00133824476507;0.0013065696694
0;3;10;0;0.00166330207139;0.00149546703324
0;3;11;0;0.00116620433982;0.00116361910477
0;3;12;0;0.00226842961274;0.00125102011953
0;3;13;0;0.000917789177038;0.000774560379796
0;3;14;0;0.000542874680832;0.000152766762767
0;3;15;0;0.00106837705243;0.000998134841211
0;3;16;0;0.00194691773504;0.00194495078176
0;3;17;0;0.000826057454105;0.000826057454105
0;4;0;0;0.00373012619093;0.000153813016368
0;4;1;0;0.0192347373813;0.0192347373813
0;4;2;0;0.00890732463449;0.00531099457294
0;4;3;0;0.0120465205982;0.00450895633548
0;4;4;0;0.00344162574038;0.000153813540237
0;4;5;0;0.0353731922805;0.027473738417
0;4;6;0;0.0338702760637;0.0118152750656
0;4;7;0;0.0196697376668;0.0072111422196
0;4;8;0;0.00333435949869;0.000153677232447
0;4;9;0;0.169144749641;0.101690538228
0;4;10;0;0.0484135337174;0.0105059687048
0;4;11;0;0.163293227553;0.0918372049928
0;4;12;0;0.0230321194977;0.0118417618796
0;4;13;0;0.028731200844;0.0247316900641
0;4;14;0;0.0025225521531;0.000152469234308
0;4;15;1;0.3;0.3
0;4;16;1;0.3;0.297199636698
0;4;17;0;0.0224985778332;0.0112739037722
0;5;0;0;0.00159058172721;6.47796478006e-05
0;5;1;0;0.000488448771648;0.000483576208353
0;5;2;0;0.000572970951907;0.000572970951907
0;5;3;0;0.000904611195438;0.000718744180631
0;5;4;0;0.00214135833085;6.90133019816e-05
0;5;5;0;0.000762523210142;0.000629537564237
0;5;6;0;0.000926164968405;0.000926164968405
0;5;7;0;0.00308040902019;0.00154501618817
0;5;8;0;0.00241282605566;0.000100329823908
0;5;9;0;0.00156290328596;0.00156290316954
0;5;10;0;0.00172679848038;0.0014278072631
0;5;11;0;0.00129855878185;0.00120114558376
0;5;12;0;0.00618886575103;0.00511552998796
0;5;13;0;0.00770550686866;0.00251160259359
0;5;14;0;0.00319165107794;0.000153799235704
0;5;15;0;0.00228331424296;0.00211654463783
0;5;16;0;0.00742645841092;0.00626789778471
0;5;17;0;0.00972766336054;0.00379653461277
0;6;0;0;7.79661422712e-05;9.11536153581e-06
0;6;1;0;2.27053842536e-05;1.30821008497e-05
0;6;2;0;4.34828543803e-05;3.62253231287e-05
0;6;3;0;8.35665123304e-05;7.37512600608e-05
0;6;4;0;0.000249107484706;7.08337495325e-07
0;6;5;0;5.81585118198e-05;5.81378299103e-05
0;6;6;0;7.22299300833e-05;7.22299300833e-05
0;6;7;0;5.04972922499e-05;4.63562064397e-05
0;6;8;0;0.000386136583984;1.56772293849e-05
0;6;9;0;7.63977368479e-05;5.30784745933e-05
0;6;10;0;7.14670968591e-05;6.54240648146e-05
0;6;11;0;6.62264865241e-05;4.20075630245e-05
0;6;12;0;0.00012761320977;0.00012761313701
0;6;13;0;0.00019546780095;0.000189273632714
0;6;14;0;0.000927877728827;4.44475044787e-05
0;6;15;0;0.000229981509619;0.000116410534247
0;6;16;0;0.000332272000378;0.00030738543137
0;6;17;0;0.000478131900309;0.000388312997529
0;7;0;0;1.50322221089e-05;8.37390325614e-06
0;7;1;0;1.37418137456e-05;8.87552869244e-06
0;7;2;0;1.73358002939e-05;1.41862583405e-05
0;7;3;0;1.73139760591e-05;1.21964612845e-05
0;7;4;0;1.92785373656e-05;8.87510486791e-06
0;7;5;0;2.22984617722e-05;1.95460088435e-05
0;7;6;0;1.71841056726e-05;1.71841056726e-05
0;7;7;0;1.66825393535e-05;1.17426843644e-05
0;7;8;0;2.48988326348e-05;9.05613251234e-06
0;7;9;0;2.51459041465e-05;2.4172159101e-05
0;7;10;0;1.90676582861e-05;1.23974150483e-05
0;7;11;0;1.97138870135e-05;1.15418988571e-05
0;7;12;0;1.20971944852e-05;1.13527094072e-05
0;7;13;0;5.54086218472e-05;4.67020072392e-05
0;7;14;0;2.01291750273e-05;9.2607415354e-06
0;7;15;0;2.77968447335e-05;2.36344367295e-05
0;7;16;0;1.84582549991e-05;5.16065256306e-06
0;7;17;0;6.6758308094e-05;5.51054581592e-05
0;8;0;0;7.45698980609e-06;6.2488520598e-06
0;8;1;0;2.79448454421e-06;2.65210996986e-06
0;8;2;0;8.04687442724e-06;7.31512727725e-06
0;8;3;0;8.74213765201e-06;8.14401937532e-06
0;8;4;0;9.94821130007e-06;7.10600943421e-06
0;8;5;0;1.00853440017e-05;9.65369508776e-06
0;8;6;0;1.46606339513e-06;1.46606339513e-06
0;8;7;0;6.04447222941e-06;5.34266155228e-06
0;8;8;0;1.36585022119e-05;7.83595532994e-06
0;8;9;0;9.81395987765e-06;6.20567425358e-06
0;8;10;0;9.95250138658e-06;6.96160168445e-06
0;8;11;0;1.01467858258e-05;7.54909842726e-06
0;8;12;0;7.55106430006e-06;7.51240713726e-06
0;8;13;0;2.94182809739e-05;2.64481459453e-05
0;8;14;0;1.50030473378e-05;8.09711127658e-06
0;8;15;0;1.09541269921e-05;9.14842530619e-06
0;8;16;0;1.01388350231e-05;6.56393649479e-06
0;8;17;0;1.80050446943e-05;1.3287964066e-05
0;9;0;0;4.42979353465e-06;4.03265994464e-06
0;9;1;0;3.17591775456e-06;3.05834737446e-06
0;9;2;0;4.78048559671e-06;4.78048559671e-06
0;9;3;0;4.62318439531e-06;4.52086351288e-06
0;9;4;0;5.32666581421e-06;5.02604052599e-06
0;9;5;0;5.03721048517e-06;5.02235343447e-06
0;9;6;0;3.38105019182e-06;3.3637109027e-06
0;9;7;0;4.59819602838e-06;4.58565682493e-06
0;9;8;0;6.79301092532e-06;5.91480284129e-06
0;9;9;0;5.70833981328e-06;5.13191480422e-06
0;9;10;0;5.15883448315e-06;4.96509346704e-06
0;9;11;0;5.53565769223e-06;5.38863923794e-06
0;9;12;0;4.01582747145e-06;3.87740146834e-06
0;9;13;0;6.87155397827e-06;6.55646454106e-06
0;9;14;0;7.47337344364e-06;6.15794306214e-06
0;9;15;0;5.38396989214e-06;5.01238355355e-06
0;9;16;0;4.82406630908e-06;4.68749158244e-06
0;9;17;0;7.53621452532e-06;7.19520403436e-06
1;0;0;0;0.00100809091236;0.000596464786213
1;0;1;0;0.00167274079286;0.000716943992302
1;0;2;0;0.00171738537028;0.000873001466971
1;0;3;0;0.00128439976834;0.000961154524703
1;0;4;0;0.000652544898912;0.000651878712233
1;0;5;0;0.000708844745532;0.000483614770928
1;0;6;0;0.000870850810315;0.000472717161756
1;0;7;0;0.000667265674565;0.000394775968743
1;0;8;0;0.000361197686289;0.000298615166685
1;0;9;0;0.000319475540891;0.000319475540891
1;0;10;0;0.000412576482631;7.11622051313e-05
1;0;11;0;0.000568244606256;0.000310939620249
1;0;12;0;0.000483961572172;0.000138080664328
1;0;13;0;0.000276263483102;0.000190487553482
1;0;14;0;0.000100744691736;0.000100426957943
1;0;15;0;0.000196859371499;0.000149160812725
1;0;16;0;0.000219274123083;0.000219274123083
1;0;17;0;9.44204293774e-05;8.1969294115e-05
1;1;0;0;0.149247378111;0.14521509409
1;1;1;1;0.3;0.3
1;1;2;0;0.0102158533409;0.00233693188056
1;1;3;0;0.00249362876639;0.000336496828822
1;1;4;0;0.0132697885856;0.0104117523879
1;1;5;0;0.0130290528759;0.00759331695735
1;1;6;0;0.0094994045794;0.0044553084299
1;1;7;0;0.00288400915451;0.000983605161309
1;1;8;0;0.0106962285936;0.00338595220819
1;1;9;0;0.00523838028312;0.00179744861089
1;1;10;0;0.0026433551684;0.000191596860532
1;1;11;0;0.00239938986488;0.00057055184152
1;1;12;0;0.00241076457314;0.000779181835242
1;1;13;0;0.00187644665129;0.000408375926781
1;1;14;0;0.0017317981692;0.000228006902034
1;1;15;0;0.00234686257318;0.000567177077755
1;1;16;0;0.0021236652974;0.000429854932008
1;1;17;0;0.00152777030598;0.000186698453035
1;2;0;0;0.00121212971862;0.00121212971862
1;2;1;0;0.00143660220783;0.00140210904647
1;2;2;0;0.00137991877273;0.00137991877273
1;2;3;0;0.00126753665973;0.00126753665973
1;2;4;0;0.00140076724347;0.00140076724347
1;2;5;0;0.00115349527914;0.00115349527914
1;2;6;0;0.00164740206674;0.00164740206674
1;2;7;0;0.00100181915332;0.000914546079002
1;2;8;0;0.000921777798794;0.000695311406162
1;2;9;0;0.000824712158646;0.000752684136387
1;2;10;0;0.000976078386884;0.000976078386884
1;2;11;0;0.00128190056421;0.00128190056421
1;2;12;0;0.0013811023673;0.0013811023673
1;2;13;0;0.00156057660934;0.000660455785692
1;2;14;0;0.00225653732195;0.00144186581019
1;2;15;0;0.00155339750927;0.0010288504418
1;2;16;0;0.00163563888054;0.000953267270233
1;2;17;0;0.0019065059023;0.000397198047722
1;3;0;0;0.00838180817664;0.00609526457265
1;3;1;0;0.0102549996227;0.00562678044662
1;3;2;0;0.0136731872335;0.00567038077861
1;3;3;0;0.0158613007516;0.00637614820153
1;3;4;0;0.0045929425396;0.000615739030764
1;3;5;0;0.0048003536649;0.000320875318721
1;3;6;0;0.00770347286016;0.00644151587039
1;3;7;0;0.00609309924766;0.00297019840218
1;3;8;0;0.00148854916915;0.00128432700876
1;3;9;0;0.00345611618832;0.00345611618832
1;3;10;0;0.0023404979147;0.0023404979147
1;3;11;0;0.00245096185245;0.00245096185245
1;3;12;0;0.00261436891742;0.00250035198405
1;3;13;0;0.000902830157429;0.000902830157429
1;3;14;0;0.00108027749229;0.0010782975005
1;3;15;0;0.00201487308368;0.00200489838608
1;3;16;0;0.00338877597824;0.00338877597824
1;3;17;0;0.00095400470309;0.000939469435252
1;4;0;0;0.0142010506243;0.000937590608373
1;4;1;0;0.0102093210444;0.00730273546651
1;4;2;0;0.0119736138731;0.00702267885208
1;4;3;0;0.0112024676055;0.00300833769143
1;4;4;0;0.0204521287233;0.0024731347803
1;4;5;0;0.020512662828;0.00494469655678
1;4;6;0;0.0272659752518;0.00485300319269
1;4;7;0;0.0168244540691;0.00553638907149
1;4;8;1;0.3;0.3
1;4;9;0;0.0;0.0
1;4;10;0;0.0351613350213;0.00721991946921
1;4;11;0;0.0735056698322;0.011903649196
1;4;12;0;0.0312500968575;0.0158376675099
1;4;13;0;0.0323972553015;0.00870785582811
1;4;14;1;0.3;0.3
1;4;15;1;0.3;0.3
1;4;16;0;0.0898094698787;0.0133250104263
1;4;17;0;0.0320656448603;0.00339379906654
1;5;0;0;0.00168392760679;0.000819738139398
1;5;1;0;0.000975141243543;0.000395341281546
1;5;2;0;0.00078898970969;0.000535593018867
1;5;3;0;0.00189292174764;0.00126558938064
1;5;4;0;0.00184566632379;0.00174864707515
1;5;5;0;0.00117539369967;0.000957345706411
1;5;6;0;0.00220774975605;0.00191963382531
1;5;7;0;0.0040358514525;0.0029203442391
1;5;8;0;0.00505485478789;0.0009177736938
1;5;9;0;0.00356685766019;0.00143251812551
1;5;10;0;0.00323665561154;0.00285795610398
1;5;11;0;0.00418134778738;0.00259228609502
1;5;12;0;0.00536618661135;0.00320305791683
1;5;13;0;0.00730218412355;0.00345193198882
1;5;14;0;0.00889781583101;0.00100362324156
1;5;15;0;0.00550325866789;0.00550325866789
1;5;16;0;0.00603217678145;0.0046243914403
1;5;17;0;0.00913384649903;0.00325810001232
1;6;0;0;7.22002296243e-05;5.96531681367e-05
1;6;1;0;6.59866273054e-05;2.1458212359e-05
1;6;2;0;6.66282357997e-05;5.84145163884e-05
1;6;3;0;0.000133348148665;0.000112149689812
1;6;4;0;9.32749389904e-05;7.15874120942e-05
1;6;5;0;7.22807308193e-05;5.68018185731e-05
1;6;6;0;3.79730336135e-05;3.00421415886e-05
1;6;7;0;0.000109583466838;8.1198188127e-05
1;6;8;0;0.000302944186842;0.000269503565505
1;6;9;0;6.75295596011e-05;1.86049364856e-05
1;6;10;0;7.74291256675e-05;3.2212214137e-05
1;6;11;0;8.79854123923e-05;3.03989236272e-05
1;6;12;0;9.56155054155e-05;5.94223565713e-05
1;6;13;0;0.000229181110626;0.000139879295602
1;6;14;0;0.000346310553141;0.00014896436187
1;6;15;0;0.000182369461982;0.000182041272637
1;6;16;0;0.000263702910161;0.000263702706434
1;6;17;0;0.000615220342297;0.000356418837328
1;7;0;0;2.88656592602e-05;2.73394362011e-05
1;7;1;0;3.09571696562e-05;2.97975566355e-05
1;7;2;0;2.98147169815e-05;2.68869443971e-05
1;7;3;0;4.93429397466e-05;3.47531968146e-05
1;7;4;0;3.85343919334e-05;3.46981432813e-05
1;7;5;0;2.9137421734e-05;2.27181353694e-05
1;7;6;0;3.69906119886e-05;3.57554163202e-05
1;7;7;0;4.41635893367e-05;3.09595161525e-05
1;7;8;0;9.22402905417e-05;9.07487701625e-05
1;7;9;0;3.33529387717e-05;3.15735778713e-05
1;7;10;0;4.3920299504e-05;3.42499661201e-05
1;7;11;0;4.33456771134e-05;3.19997343468e-05
1;7;12;0;4.08168089052e-05;1.45974695442e-06
1;7;13;0;8.85388144525e-05;5.64654401387e-05
1;7;14;0;7.03347031958e-05;6.05454224569e-05
1;7;15;0;4.81216229673e-05;4.1681501898e-05
1;7;16;0;3.88256339647e-05;3.53337673005e-05
1;7;17;0;0.000114323382149;8.47589908517e-05
1;8;0;0;9.05644537852e-06;8.75554087543e-06
1;8;1;0;8.02294471214e-06;7.85342399467e-06
1;8;2;0;1.59184364747e-05;1.45255635289e-05
1;8;3;0;2.09672780329e-05;1.82408803084e-05
1;8;4;0;2.53728649113e-05;2.49488311965e-05
1;8;5;0;2.13795447053e-05;2.01926632144e-05
1;8;6;0;1.06866073111e-05;5.13181475981e-06
1;8;7;0;1.38696541399e-05;9.09595291887e-06
1;8;8;0;3.34316173394e-05;3.11530493491e-05
1;8;9;0;6.34108027953e-06;6.02025966145e-06
1;8;10;0;2.18824025069e-05;1.46525517266e-05
1;8;11;0;2.29763245443e-05;1.71593728737e-05
1;8;12;0;2.0225854314e-05;1.52184966282e-05
1;8;13;0;4.86798417114e-05;3.4022195905e-05
1;8;14;0;2.48788091994e-05;2.15207710426e-05
1;8;15;0;2.61150889855e-05;2.52701502177e-05
1;8;16;0;2.134731767e-05;1.17515401143e-05
1;8;17;0;4.55900735687e-05;2.96728285321e-05
1;9;0;0;4.31783064414e-06;4.16328157371e-06
1;9;1;0;1.11598610602e-05;1.09930460894e-05
1;9;2;0;1.73611733771e-05;1.73544776771e-05
1;9;3;0;1.30633561639e-05;8.16191641206e-06
1;9;4;0;4.20381411459e-06;4.14770829593e-06
1;9;5;0;5.5265481933e-06;5.40891551282e-06
1;9;6;0;9.88428291748e-06;9.26995744521e-06
1;9;7;0;9.47739590629e-06;8.18544685899e-06
1;9;8;0;7.29069233785e-06;7.16147769708e-06
1;9;9;0;4.20444121119e-06;3.84060740544e-06
1;9;10;0;1.01500663732e-05;6.30971817372e-06
1;9;11;0;1.09563043225e-05;6.60201612845e-06
1;9;12;0;2.28392764257e-05;2.28392764257e-05
1;9;13;0;5.21440379089e-05;4.94571795571e-05
1;9;14;0;7.7541135397e-06;7.41002486393e-06
1;9;15;0;8.8858350864e-06;7.23274069969e-06
1;9;16;0;8.38921459945e-06;4.86421913592e-06
1;9;17;0;2.3923774279e-05;2.04887801374e-05
2;0;0;0;0.000874483783264;0.000755575776566
2;0;1;0;0.00134539429564;0.000399521988584
2;0;2;0;0.00133087241556;0.000218765257159
2;0;3;0;0.00101731915493;4.16960574512e-06
2;0;4;0;0.000599998689722;0.000404378894018
2;0;5;0;0.000605658337008;0.000279614585452
2;0;6;0;0.000730635540094;0.000392759015085
2;0;7;0;0.000596375146415;4.0868517317e-06
2;0;8;0;0.000227428085054;0.000153099594172
2;0;9;0;0.000258008862147;0.000257433013758
2;0;10;0;0.000303202075884;6.84264023221e-06
2;0;11;0;0.000351698661689;4.2000436224e-05
2;0;12;0;0.000430131651228;3.53839118361e-06
2;0;13;0;0.000137836585054;2.02881074074e-06
2;0;14;0;0.000155723158969;0.000135565147502
2;0;15;0;0.000229647906963;0.000206294862437
2;0;16;0;0.000101588891994;6.47405977361e-05
2;0;17;0;6.45043983241e-05;2.90957245852e-06
2;1;0;0;0.253346085548;0.249103873968
2;1;1;0;0.0134611744434;0.00446897186339
2;1;2;0;0.00650875456631;0.00159064016771
2;1;3;0;0.00169642677065;5.6078893067e-06
2;1;4;0;0.00834236480296;0.00699857110158
2;1;5;0;0.00743294227868;0.00461146328598
2;1;6;0;0.00584857584909;0.00222889264114
2;1;7;0;0.00189658591989;4.70959412269e-06
2;1;8;0;0.00252705253661;0.00136356754228
2;1;9;0;0.0086074443534;0.00115878751967
2;1;10;0;0.00555970147252;0.0018459672574
2;1;11;0;0.00314687169157;0.000808958138805
2;1;12;0;0.00182797969319;5.6044395933e-06
2;1;13;0;0.00163698254619;4.98859481013e-06
2;1;14;0;0.00151000532787;0.000687492312863
2;1;15;0;0.00207492639311;0.000436722999439
2;1;16;0;0.00204312801361;0.000760662311222
2;1;17;0;0.00128997419961;4.65961375085e-06
2;2;0;0;0.00132357841358;0.00132357841358
2;2;1;0;0.00250752735883;0.00250752735883
2;2;2;0;0.0011949443724;0.0011949443724
2;2;3;0;0.000487001932925;7.09122177796e-05
2;2;4;0;0.0017289291136;0.0017289291136
2;2;5;0;0.00143419357482;0.00143419357482
2;2;6;0;0.000573883182369;0.000573883182369
2;2;7;0;0.000375212664949;5.7856177591e-06
2;2;8;0;0.000810224795714;0.000803493137937
2;2;9;0;0.00218032067642;0.00218032067642
2;2;10;0;0.000462234165752;0.000456987385405
2;2;11;0;0.000634422933217;0.000342853920301
2;2;12;0;0.0005808568676;5.66532435187e-06
2;2;13;0;0.00109658017755;5.68574023418e-06
2;2;14;0;0.00181155616883;0.000694827118423
2;2;15;0;0.00134046887979;0.00125830376055
2;2;16;0;0.00128489208873;0.000996670336463
2;2;17;0;0.00137443956919;5.74130126552e-06
2;3;0;0;0.014520265162;0.00590890366584
2;3;1;0;0.0193905774504;0.0065703690052
2;3;2;0;0.0218444243073;6.36839613435e-05
2;3;3;0;0.00348596437834;3.13717937388e-05
2;3;4;0;0.00759353721514;0.00529948249459
2;3;5;0;0.00947200972587;0.00689212046564
2;3;6;0;0.00940603855997;0.00103860558011
2;3;7;0;0.0027745324187;3.02880089293e-05
2;3;8;0;0.00209687673487;0.00209687673487
2;3;9;0;0.00467944471166;0.00467944471166
2;3;10;0;0.00197620736435;0.000956946751103
2;3;11;0;0.00173428980634;0.000585736706853
2;3;12;0;0.00216626166366;1.88062949746e-05
2;3;13;0;0.00126428622752;4.73216568935e-05
2;3;14;0;0.00128541130107;0.00128541130107
2;3;15;0;0.00146824633703;0.00146824633703
2;3;16;0;0.000993308727629;0.000993308727629
2;3;17;0;0.000842184585053;6.32719747955e-05
2;4;0;0;0.0133146308362;0.00835003238171
2;4;1;0;0.00845552794635;0.00394855020568
2;4;2;0;0.00768728693947;0.0061698006466
2;4;3;0;0.0044851298444;3.8085214328e-05
2;4;4;0;0.0319435559213;0.0154603049159
2;4;5;0;0.0344876460731;0.0103270346299
2;4;6;0;0.035870205611;0.000909787544515
2;4;7;0;0.00482007116079;3.80593228329e-05
2;4;8;1;0.3;0.3
2;4;9;0;0.118047438562;0.0123811848462
2;4;10;0;0.0919303297997;0.0423289947212
2;4;11;1;0.3;0.3
2;4;12;0;0.00466210022569;3.70568923245e-05
2;4;13;0;0.00451528420672;3.54123549187e-05
2;4;14;1;0.3;0.3
2;4;15;0;0.125827729702;0.00967316143215
2;4;16;1;0.3;0.3
2;4;17;0;0.00407855305821;3.29071954184e-05
2;5;0;0;0.00114670849871;0.000179914801265
2;5;1;0;0.000478957517771;0.000348507543094
2;5;2;0;0.000863415189087;0.000849928765092
2;5;3;0;0.00197047344409;3.98926167691e-05
2;5;4;0;0.00355009012856;0.00267987255938
2;5;5;0;0.00258687045425;0.000984517857432
2;5;6;0;0.00112901616376;0.000222290764214
2;5;7;0;0.00258541153744;4.00088320021e-05
2;5;8;0;0.00300275511108;0.00200945604593
2;5;9;0;0.00145063793752;0.00128513656091
2;5;10;0;0.00183329626452;0.00132875179406
2;5;11;0;0.00243654102087;0.00190484628547
2;5;12;0;0.00287511572242;3.99961572839e-05
2;5;13;0;0.00368555285968;3.95349270548e-05
2;5;14;0;0.00838142354041;0.00735229905695
2;5;15;0;0.00350833171979;0.00216494570486
2;5;16;0;0.00518420664594;0.00518420664594
2;5;17;0;0.00411647371948;3.87891705032e-05
2;6;0;0;0.000111519024358;8.15698804217e-05
2;6;1;0;0.000173218402779;0.000108451407868
2;6;2;0;0.000295769365039;0.000254231679719
2;6;3;0;0.000320538354572;4.01531942771e-05
2;6;4;0;0.000132055196445;0.000101284313132
2;6;5;0;0.000124564860016;8.0264020653e-05
2;6;6;0;0.000124552985653;0.000102827325463
2;6;7;0;0.000598993035965;4.0173807065e-05
2;6;8;0;0.000380234007025;0.000364249310223
2;6;9;0;0.000107432540972;8.38047417346e-05
2;6;10;0;0.000289949064609;0.000247059040703
2;6;11;0;0.00021506867779;0.000215068663238
2;6;12;0;0.000770592188928;4.02689438488e-05
2;6;13;0;0.00112373917364;4.01968354709e-05
2;6;14;0;0.000445005542133;0.000321719213389
2;6;15;0;0.000402419624152;6.01897118031e-05
2;6;16;0;0.000422722252551;0.000422721961513
2;6;17;0;0.00160626892466;4.00109202019e-05
2;7;0;0;5.63329995202e-05;5.09664532728e-05
2;7;1;0;0.000134177767904;0.000128589759697
2;7;2;0;0.000234736740822;0.000142935081385
2;7;3;0;0.000186497767572;3.99614327762e-05
2;7;4;0;9.16702410905e-05;5.12832775712e-05
2;7;5;0;9.45140855038e-05;4.04222264478e-05
2;7;6;0;0.000120920354675;2.16543503484e-05
2;7;7;0;0.000185970304301;4.00288990932e-05
2;7;8;0;0.000143255630974;0.00011570622155
2;7;9;0;5.50325094082e-05;5.50325094082e-05
2;7;10;0;0.000167449223227;3.32312447426e-05
2;7;11;0;0.000197923814994;6.71817688271e-05
2;7;12;0;0.000183919270057;4.00382959924e-05
2;7;13;0;0.000185908706044;4.02225887228e-05
2;7;14;0;0.000116728544526;8.35400569486e-05
2;7;15;0;0.000135620270157;7.62307026889e-05
2;7;16;0;0.000104038706922;4.80771886942e-05
2;7;17;0;0.000213587918552;4.02463083446e-05
2;8;0;0;3.89093947888e-05;3.62937244063e-05
2;8;1;0;8.92512471182e-05;7.78853936936e-05
2;8;2;0;0.000192911786144;0.000152931970661
2;8;3;0;0.000199347079615;4.50680745416e-05
2;8;4;0;4.36974369222e-05;3.77095311705e-05
2;8;5;0;6.86366620357e-05;6.13057418377e-05
2;8;6;0;9.90828411886e-05;5.72025492147e-05
2;8;7;0;0.000188150967006;4.27115774073e-05
2;8;8;0;7.77003660914e-05;7.01481039869e-05
2;8;9;0;4.68717662443e-05;4.00178541895e-05
2;8;10;0;0.00015111315588;6.70504450682e-05
2;8;11;0;0.000178728892934;8.47506598802e-05
2;8;12;0;0.000184320655535;4.04854436056e-05
2;8;13;0;0.000186062854482;3.98705633415e-05
2;8;14;0;7.3568924563e-05;7.24191340851e-05
2;8;15;0;0.000135470298119;0.000133806141093
2;8;16;0;0.000110847737233;9.75570492301e-06
2;8;17;0;0.000185696859262;3.99566924898e-05
2;9;0;0;2.82047658402e-05;2.17493798118e-05
2;9;1;0;0.000112431269372;0.000109462540422
2;9;2;0;0.000167450256413;0.000142603297718
2;9;3;0;0.000155309666297;3.53394789272e-05
2;9;4;0;5.02311268065e-05;4.88011392008e-05
2;9;5;0;7.24668279872e-05;6.41337537672e-05
2;9;6;0;0.000153333850903;0.000133057168568
2;9;7;0;0.000230670862948;4.89559643029e-05
2;9;8;0;6.47798806312e-05;5.94235971221e-05
2;9;9;0;4.4948872528e-05;4.20183896495e-05
2;9;10;0;0.000152505148435;9.12920149858e-05
2;9;11;0;0.000190419741557;0.000133270805236
2;9;12;0;0.000242079026066;4.7381134209e-05
2;9;13;0;0.00023227542988;4.61061426904e-05
2;9;14;0;3.54815419996e-05;3.12281445076e-05
2;9;15;0;7.41190160625e-05;5.43125170225e-05
2;9;16;0;0.000123252917547;6.62669044686e-05
2;9;17;0;0.000215529435081;4.53572101833e-05
