0;0;0;0;0.00110075401608;4.67775998914e-06
0;0;1;0;0.0021541970782;0.000153944813064
0;0;2;0;0.00213655596599;0.000859277206473
0;0;3;0;0.00150959682651;0.000820252636913
0;0;4;0;0.000558681378607;4.11476008821e-07
0;0;5;0;0.00082215591101;0.000140841380926
0;0;6;0;0.000818877713755;0.000309010181809
0;0;7;0;0.000795049360022;0.000370145658962
0;0;8;0;0.000395399896661;1.18017496789e-05
0;0;9;0;0.000683413469233;0.000369078625226
0;0;10;0;0.00034105690429;0.000170708270161
0;0;11;0;0.000453727639979;0.000353884563083
0;0;12;0;0.000498455949128;0.00025491163251
0;0;13;0;0.000185320430319;9.15103228181e-05
0;0;14;0;1.25293054225e-05;3.40564565704e-06
0;0;15;0;0.000509839854203;0.000203407253139
0;0;16;0;0.00040601589717;0.000231732279644
0;0;17;0;4.94023734063e-05;4.94023734063e-05
0;1;0;0;0.00569084612653;0.000580871710554
0;1;1;0;0.00684247538447;0.000613664393313
0;1;2;0;0.00748725887388;0.00136071350425
0;1;3;0;0.00692171603441;0.00105817581061
0;1;4;0;0.00438805203885;0.000247696618317
0;1;5;0;0.00451479991898;0.000473451509606
0;1;6;0;0.00481208600104;0.000467726757051
0;1;7;0;0.00504327937961;0.00107561761979
0;1;8;0;0.00380569580011;0.000192611565581
0;1;9;0;0.0033890507184;0.000549419259187
0;1;10;0;0.0037927380763;0.000355478317942
0;1;11;0;0.00366759300232;0.000264455622528
0;1;12;0;0.00376487197354;0.000426027661888
0;1;13;0;0.00304579501972;0.000291094969725
0;1;14;0;0.00217581703328;8.64854373503e-05
0;1;15;0;0.003189467825;0.000115067698061
0;1;16;0;0.00302388891578;0.000359414698323
0;1;17;0;0.00208527012728;0.000171035440871
0;2;0;0;0.00251707760617;0.000777273031417
0;2;1;0;0.00270324898884;0.00270324898884
0;2;2;0;0.00144404289313;0.000979378237389
0;2;3;0;0.00283800321631;0.00100538367406
0;2;4;0;0.00617770012468;0.0013221813133
0;2;5;0;0.00680157961324;0.002555584535
0;2;6;0;0.00783745851368;0.00194328662474
0;2;7;0;0.00638006441295;0.00131828698795
0;2;8;0;0.00808581802994;0.0026810253039
0;2;9;0;0.0274693444371;0.0071447934024
0;2;10;0;0.0138477571309;0.00621969113126
0;2;11;0;0.0226960685104;0.00270409090444
0;2;12;0;0.00820800475776;0.00210009142756
0;2;13;0;0.0091862147674;0.00291355373338
0;2;14;0;0.00766781903803;0.00160796253476
0;2;15;0;0.00870417337865;0.000856022117659
0;2;16;0;0.0097966818139;0.00228720717132
0;2;17;0;0.00812153890729;0.00120227842126
0;3;0;0;0.00102812552359;0.00101771438494
0;3;1;0;0.00626253383234;0.00626253383234
0;3;2;0;0.00479216035455;0.00479216035455
0;3;3;0;0.00211692927405;0.00211692927405
0;3;4;0;0.000519982946571;0.000461940275272
0;3;5;0;0.00375400669873;0.00375400669873
0;3;6;0;0.00348329008557;0.00348329008557
0;3;7;0;0.00178687821608;0.00178687821608
0;3;8;0;0.000964717939496;0.000964717939496
0;3;9;0;0.00192448857706;0.00192448857706
0;3;10;0;0.001179664745;0.000833379745018
0;3;11;0;0.00203584157862;0.00197866512462
0;3;12;0;0.00219431309961;0.00219431309961
0;3;13;0;0.00120530813001;0.00120530813001
0;3;14;0;0.00086034060223;4.34941539424e-05
0;3;15;0;0.00316261732951;0.00301203667186
0;3;16;0;0.00296902656555;0.00290507846512
0;3;17;0;0.00110498536378;0.00095125043299
0;4;0;0;0.00301072769798;0.00057139492128
0;4;1;0;0.0186066832393;0.00294120726176
0;4;2;0;0.010169561021;0.00259372894652
0;4;3;0;0.00660663889721;0.00102114898618
0;4;4;0;0.0043258946389;0.000321483938023
0;4;5;0;0.0132748298347;0.00448001781479
0;4;6;0;0.0135538950562;0.00378851895221
0;4;7;0;0.00897537451237;0.000700952426996
0;4;8;0;0.00349237257615;0.000511101447046
0;4;9;0;0.0863587707281;0.0215286836028
0;4;10;0;0.010458951816;0.00328269787133
0;4;11;0;0.0279514100403;0.020704915747
0;4;12;0;0.00864211190492;0.00571153685451
0;4;13;0;0.00365827977657;0.00275487313047
0;4;14;0;0.00233685178682;0.00111296167597
0;4;15;0;0.00356478733011;0.00356478733011
0;4;16;0;0.00630176253617;0.00630176253617
0;4;17;0;0.00259340927005;0.00259340927005
0;5;0;0;0.00184532871936;0.000188128789887
0;5;1;0;0.000911014969461;0.000242043533945
0;5;2;0;0.00104159582406;0.000283490226138
0;5;3;0;0.00150857551489;0.000432984437793
0;5;4;0;0.0020543274004;0.000182597039384
0;5;5;0;0.000976916402578;0.000621509214398
0;5;6;0;0.00110238685738;0.00038373467396
0;5;7;0;0.00274916924536;0.000549034739379
0;5;8;0;0.00227910792455;0.000185298777069
0;5;9;0;0.00178657087963;0.00178657087963
0;5;10;0;0.00187703431584;0.00095840456197
0;5;11;0;0.00206801970489;0.00036240243935
0;5;12;0;0.00370456953533;0.000671456684358
0;5;13;0;0.00488493451849;0.000590327661484
0;5;14;0;0.00265981722623;0.000225705996854
0;5;15;0;0.00271932268515;0.000902245752513
0;5;16;0;0.00354568823241;0.00155544164591
0;5;17;0;0.00583458831534;0.000609757378697
0;6;0;0;2.5416522476e-05;6.14132113697e-06
0;6;1;0;1.61287280207e-05;7.02138868292e-06
0;6;2;0;2.50684206549e-05;1.49811876327e-05
0;6;3;0;2.46273375524e-05;1.69764425664e-05
0;6;4;0;0.000111815723358;6.34389061815e-06
0;6;5;0;7.59412214393e-05;6.2567909481e-05
0;6;6;0;9.60294855759e-05;9.59151439019e-05
0;6;7;0;1.70944895217e-05;1.54964054673e-05
0;6;8;0;0.00038274427061;6.72373562338e-06
0;6;9;0;0.000158479873789;3.19893588312e-05
0;6;10;0;7.23354896763e-05;7.22737750039e-05
0;6;11;0;7.83746727393e-05;3.82177968277e-05
0;6;12;0;0.000102491263533;0.000102491219877
0;6;13;0;0.000207766832318;9.94941001409e-05
0;6;14;0;0.00102358288132;4.26209317084e-06
0;6;15;0;0.000436727859778;4.35346919403e-05
0;6;16;0;0.000577932631131;0.00032574715442
0;6;17;0;0.00102011393756;0.000149594168761
0;7;0;0;9.46275849856e-06;5.65153777643e-06
0;7;1;0;5.91156913288e-06;2.70311579698e-06
0;7;2;0;7.57918678573e-06;5.18068964084e-06
0;7;3;0;7.0766236604e-06;5.77074661123e-06
0;7;4;0;1.18317866509e-05;5.97414555159e-06
0;7;5;0;1.07330051833e-05;1.01173254734e-05
0;7;6;0;3.76000980395e-06;2.51601272794e-06
0;7;7;0;6.44796409688e-06;4.47159982286e-06
0;7;8;0;1.51631647896e-05;6.2014141804e-06
0;7;9;0;9.94154834189e-06;3.85020530302e-06
0;7;10;0;1.00044198916e-05;5.58286365049e-06
0;7;11;0;1.02391077235e-05;5.72891076445e-06
0;7;12;0;4.39702034782e-06;2.82275345853e-06
0;7;13;0;1.91699618881e-05;1.56663481903e-05
0;7;14;0;1.6406767827e-05;6.33258923699e-06
0;7;15;0;1.68372571352e-05;1.1110878404e-05
0;7;16;0;1.01145524241e-05;5.42606585441e-06
0;7;17;0;2.06492622965e-05;1.43363604366e-05
0;8;0;0;4.87848728881e-06;4.1174675971e-06
0;8;1;0;1.17646470699e-06;1.17414538181e-06
0;8;2;0;2.26310180551e-06;2.08798542189e-06
0;8;3;0;1.81900054486e-06;1.70448777226e-06
0;8;4;0;6.38752862869e-06;4.74853004562e-06
0;8;5;0;4.67092377221e-06;4.67086010758e-06
0;8;6;0;1.45442641042e-06;1.17117372156e-06
0;8;7;0;1.71121951098e-06;1.65442099842e-06
0;8;8;0;8.45373415359e-06;5.28563077751e-06
0;8;9;0;4.15152089772e-06;2.83899407805e-06
0;8;10;0;3.89662272937e-06;2.73911268778e-06
0;8;11;0;3.94158814743e-06;2.71627754955e-06
0;8;12;0;1.33631613153e-06;1.19780634122e-06
0;8;13;0;5.5566233641e-06;4.55013423561e-06
0;8;14;0;9.35190291784e-06;5.46121646039e-06
0;8;15;0;5.43011674381e-06;4.51160212833e-06
0;8;16;0;4.01636452807e-06;2.8179531455e-06
0;8;17;0;6.0396241679e-06;4.77648654851e-06
0;9;0;0;2.82070504909e-06;2.6631066703e-06
0;9;1;0;1.04664525225e-06;9.61694581747e-07
0;9;2;0;5.88233547205e-07;5.8669718328e-07
0;9;3;0;2.97656981729e-07;2.93013698638e-07
0;9;4;0;3.56951977665e-06;3.30998273057e-06
0;9;5;0;2.1993143946e-06;2.1874743652e-06
0;9;6;0;1.58965667652e-06;1.55486804942e-06
0;9;7;0;4.56510264257e-07;4.56416444194e-07
0;9;8;0;4.38885035692e-06;3.8727489482e-06
0;9;9;0;2.41600832851e-06;2.10058851735e-06
0;9;10;0;1.08347580863e-06;1.05927222194e-06
0;9;11;0;1.06722552573e-06;1.06658899313e-06
0;9;12;0;2.14073907046e-07;2.1190672328e-07
0;9;13;0;1.08519873265e-06;1.05036383502e-06
0;9;14;0;4.85442933496e-06;4.0375343815e-06
0;9;15;0;2.64574578068e-06;2.38407073994e-06
0;9;16;0;1.05368576442e-06;1.0470654388e-06
0;9;17;0;1.21020013921e-06;1.15958960123e-06
1;0;0;0;0.000985368038528;0.000527382304426
1;0;1;0;0.00178246689029;0.000425266392995
1;0;2;0;0.00172117445618;0.00064335251227
1;0;3;0;0.00123959209304;0.000635704782326
1;0;4;0;0.000724945391994;0.000724945391994
1;0;5;0;0.000737179769203;0.000526308547705
1;0;6;0;0.000670423032716;0.00039929052582
1;0;7;0;0.00063771137502;0.000294007186312
1;0;8;0;0.000275786296697;0.000262233370449
1;0;9;0;0.000285316462396;0.000285316462396
1;0;10;0;0.000175265726284;0.000135524431244
1;0;11;0;0.000197988381842;0.000197988381842
1;0;12;0;0.000314660894219;0.000114826594654
1;0;13;0;0.000189173064427;0.000186331177247
1;0;14;0;6.28055422567e-05;6.28055422567e-05
1;0;15;0;9.70775945461e-05;9.70775945461e-05
1;0;16;0;0.000118993106298;0.000118993106298
1;0;17;0;6.24954991508e-05;4.16022958234e-05
1;1;0;0;0.00513896765187;0.00155840476509
1;1;1;0;0.00857417751104;0.00245502893813
1;1;2;0;0.00969033595175;0.00251064472832
1;1;3;0;0.00803417246789;0.000586071342696
1;1;4;0;0.00455594714731;0.00300751486793
1;1;5;0;0.00395483337343;0.00179486651905
1;1;6;0;0.00396066531539;0.00236570858397
1;1;7;0;0.0048138583079;0.000928086577915
1;1;8;0;0.00325545994565;0.00273951166309
1;1;9;0;0.00289420620538;0.00166978430934
1;1;10;0;0.00330108171329;0.000908410933334
1;1;11;0;0.0029941634275;0.000259888649452
1;1;12;0;0.00406407797709;0.000709191022906
1;1;13;0;0.00291531253606;0.00027829798637
1;1;14;0;0.0018592136912;0.000225504423724
1;1;15;0;0.00266241957434;0.0010465416126
1;1;16;0;0.00250780070201;0.000681252451614
1;1;17;0;0.00172167189885;0.000192035120563
1;2;0;0;0.00316297728568;0.00275997095741
1;2;1;0;0.00128165853675;0.00128165853675
1;2;2;0;0.00320069910958;0.00320069910958
1;2;3;0;0.00228656618856;0.00144641089719
1;2;4;0;0.00922055821866;0.00399217009544
1;2;5;0;0.00772455194965;0.00418524490669
1;2;6;0;0.0107409246266;0.00302187935449
1;2;7;0;0.00607010349631;0.00299755693413
1;2;8;1;0.3;0.290091067553
1;2;9;1;0.3;0.3
1;2;10;0;0.0188047494739;0.00346848834306
1;2;11;0;0.0257423762232;0.00342368753627
1;2;12;0;0.0128704570234;0.00389341358095
1;2;13;0;0.0129605913535;0.00234592007473
1;2;14;0;0.01998485066;0.00531832734123
1;2;15;0;0.0230462718755;0.00265459390357
1;2;16;0;0.0192347522825;0.0055905263871
1;2;17;0;0.0109194321558;0.00145549734589
1;3;0;0;0.00262281182222;0.00262281182222
1;3;1;0;0.00731617957354;0.00731617957354
1;3;2;0;0.00460667535663;0.00460667535663
1;3;3;0;0.00228229979984;0.00228229979984
1;3;4;0;0.00162792264018;0.00162613065913
1;3;5;0;0.00452482234687;0.00452482234687
1;3;6;0;0.00432827929035;0.00432827929035
1;3;7;0;0.00243452051654;0.00243452051654
1;3;8;0;0.00241955602542;0.00241955602542
1;3;9;0;0.0025049499236;0.0025049499236
1;3;10;0;0.00152897601947;0.000402661069529
1;3;11;0;0.00236455118284;0.00236455118284
1;3;12;0;0.00263408874162;0.00263408874162
1;3;13;0;0.00146162055898;0.00146162055898
1;3;14;0;0.000365357787814;0.000325243687257
1;3;15;0;0.0033255587332;0.0033255587332
1;3;16;0;0.0033075734973;0.0033075734973
1;3;17;0;0.00157080288045;0.00157080288045
1;4;0;0;0.00876154005527;0.00251135788858
1;4;1;0;0.00785764399916;0.00220135599375
1;4;2;0;0.00736912200227;0.0052574146539
1;4;3;0;0.00619019428268;0.00115380517673
1;4;4;0;0.0109920883551;0.00670241285115
1;4;5;0;0.00962051190436;0.00605316553265
1;4;6;0;0.0109257446602;0.00291147152893
1;4;7;0;0.00857059750706;0.0020951020997
1;4;8;0;0.0974904075265;0.0132542224601
1;4;9;0;0.19707891345;0.163047939539
1;4;10;0;0.0123123396188;0.00577880069613
1;4;11;0;0.00551069295034;0.00402132375166
1;4;12;0;0.00970476586372;0.00635789055377
1;4;13;0;0.0032156528905;0.00313337519765
1;4;14;0;0.0027310482692;0.002546293661
1;4;15;0;0.00464614992961;0.0037419560831
1;4;16;0;0.0056758322753;0.0056758322753
1;4;17;0;0.00270518148318;0.00270518148318
1;5;0;0;0.00205141538754;0.000603887427133
1;5;1;0;0.000850436743349;0.000625514308922
1;5;2;0;0.000616283447016;3.69846129615e-05
1;5;3;0;0.00121940870304;0.000541532412171
1;5;4;0;0.00223747827113;0.000205215575988
1;5;5;0;0.00133640645072;6.51084628771e-05
1;5;6;0;0.00146414909977;0.00035401302739
1;5;7;0;0.00194267125335;0.000311493000481
1;5;8;0;0.00207515968941;0.000774084532168
1;5;9;0;0.00217744382098;0.00171784427948
1;5;10;0;0.00189685029909;0.000684251543134
1;5;11;0;0.00210844539106;9.60023244261e-05
1;5;12;0;0.00288430904038;0.00057152484078
1;5;13;0;0.00368834123947;0.000759646878578
1;5;14;0;0.00549771636724;0.00225123390555
1;5;15;0;0.00355347641744;0.00187305291183
1;5;16;0;0.00358301727101;0.00105189729948
1;5;17;0;0.00458616483957;0.00113490084186
1;6;0;0;1.75595814653e-05;1.62679643836e-05
1;6;1;0;9.87765542959e-06;6.80780067341e-06
1;6;2;0;1.73128810275e-05;1.50770956679e-05
1;6;3;0;2.83758272417e-05;2.12713312067e-05
1;6;4;0;3.41767663485e-05;3.33960233547e-05
1;6;5;0;3.19407299685e-05;2.69526772172e-05
1;6;6;0;2.34172766795e-05;2.3342177883e-05
1;6;7;0;3.20272629324e-05;1.18402113003e-05
1;6;8;0;0.000195527667529;0.000195174114197
1;6;9;0;3.2092731999e-05;3.18690290442e-05
1;6;10;0;5.08752018504e-05;4.05464234063e-05
1;6;11;0;6.06376343057e-05;4.5353139285e-05
1;6;12;0;9.33747651288e-05;7.44242133806e-05
1;6;13;0;0.000316759716952;7.37231021049e-05
1;6;14;0;0.000516189378686;0.000162867378094
1;6;15;0;0.000228961624089;0.000116956660349
1;6;16;0;0.000439680443378;0.000247571908403
1;6;17;0;0.000821995025035;0.000251027639024
1;7;0;0;6.19160027782e-06;5.1591960073e-06
1;7;1;0;3.47389527633e-06;2.94928372568e-06
1;7;2;0;4.53724351246e-06;3.47631794284e-06
1;7;3;0;7.19294166629e-06;6.41150199954e-06
1;7;4;0;2.26797928917e-05;2.21820373554e-05
1;7;5;0;1.46896036313e-05;1.46367465277e-05
1;7;6;0;4.43161297881e-06;3.40974656865e-06
1;7;7;0;5.89867477174e-06;4.42935015599e-06
1;7;8;0;2.60246579273e-05;2.34048638958e-05
1;7;9;0;6.24572930974e-06;6.21972685622e-06
1;7;10;0;9.24427240534e-06;7.13735016689e-06
1;7;11;0;1.03987476905e-05;8.44002443046e-06
1;7;12;0;5.0383218877e-06;5.0383209782e-06
1;7;13;0;2.66696770268e-05;2.28196840908e-05
1;7;14;0;1.96921155293e-05;1.62790347531e-05
1;7;15;0;1.46960283018e-05;1.24121343106e-05
1;7;16;0;8.86311863724e-06;6.80391622154e-06
1;7;17;0;2.531987775e-05;1.51541962623e-05
1;8;0;0;1.05470508061e-06;1.05151218577e-06
1;8;1;0;3.74071845499e-07;3.72112651803e-07
1;8;2;0;1.57163037784e-06;1.55784096023e-06
1;8;3;0;1.6233924498e-06;1.58814054885e-06
1;8;4;0;3.74914338863e-06;3.45659145751e-06
1;8;5;0;2.9309344427e-06;2.8835008834e-06
1;8;6;0;1.55200007157e-06;1.50983635194e-06
1;8;7;0;1.52225106831e-06;1.49949721617e-06
1;8;8;0;6.27341205472e-06;5.402703664e-06
1;8;9;0;1.0110555877e-06;9.67862547441e-07
1;8;10;0;2.36518326346e-06;2.11974270314e-06
1;8;11;0;2.57651367974e-06;2.38577945311e-06
1;8;12;0;1.46889328789e-06;6.56898464513e-07
1;8;13;0;5.95688879912e-06;5.58942429052e-06
1;8;14;0;5.89101136939e-06;4.92261824547e-06
1;8;15;0;2.83005465462e-06;2.42996907218e-06
1;8;16;0;2.38009101849e-06;2.07601715374e-06
1;8;17;0;5.98557062403e-06;5.1282027016e-06
1;9;0;0;1.6191657437e-07;1.5822516275e-07
1;9;1;0;1.4228381815e-06;1.40255315273e-06
1;9;2;0;6.15611838839e-07;6.15565568296e-07
1;9;3;0;1.07673940875e-06;1.0643668702e-06
1;9;4;0;3.21276786508e-07;3.21113191148e-07
1;9;5;0;3.61072238775e-07;3.49290246504e-07
1;9;6;0;1.85740077541e-07;1.85673584951e-07
1;9;7;0;1.4034249034e-06;1.39600842886e-06
1;9;8;0;8.04530600362e-07;8.03641114544e-07
1;9;9;0;5.03846081301e-07;5.03825788201e-07
1;9;10;0;6.7540662485e-07;6.34484536022e-07
1;9;11;0;1.30486091621e-06;1.30032924517e-06
1;9;12;0;1.52330676428e-06;1.28598333049e-06
1;9;13;0;2.199632263e-06;1.94037420442e-06
1;9;14;0;9.4583668897e-07;8.804687468e-07
1;9;15;0;6.00132466388e-07;5.9321240542e-07
1;9;16;0;3.67723799855e-07;3.6683371718e-07
1;9;17;0;1.54269582708e-06;1.47105936321e-06
2;0;0;0;0.000845763133839;0.000398727337597
2;0;1;0;0.00161684071645;0.000421324220952
2;0;2;0;0.00160780409351;0.000114127746201
2;0;3;0;0.00120473769493;4.89133090014e-05
2;0;4;0;0.000389240449294;0.000379532488296
2;0;5;0;0.000591721502133;0.000277733197436
2;0;6;0;0.000637967081275;0.000330652110279
2;0;7;0;0.000634839816485;1.08526519398e-05
2;0;8;0;0.000184669843293;0.000115582435683
2;0;9;0;0.000171756764757;0.000132791916258
2;0;10;0;0.000216534521314;1.27037619677e-05
2;0;11;0;0.000186952878721;4.76607310702e-05
2;0;12;0;0.000406405248214;5.3635749282e-06
2;0;13;0;3.93401824113e-05;2.50734274232e-06
2;0;14;0;6.92874818924e-05;6.87014908181e-05
2;0;15;0;0.000105819417513;0.000103881400719
2;0;16;0;8.40086941025e-05;7.73958381615e-05
2;0;17;0;7.64300875744e-06;3.79977518605e-06
2;1;0;0;0.005146689713;0.00109174381942
2;1;1;0;0.00685271434486;0.00177514785901
2;1;2;0;0.00578261446208;0.00185680016875
2;1;3;0;0.0044360794127;0.000290769181447
2;1;4;0;0.00408469326794;0.00256227259524
2;1;5;0;0.00365743576549;0.00181263650302
2;1;6;0;0.00396828446537;0.001972010592
2;1;7;0;0.00353338359855;0.00014416607155
2;1;8;0;0.00314057758078;0.00161092670169
2;1;9;0;0.00255700969137;0.00125290011056
2;1;10;0;0.00290152197704;0.000153829692863
2;1;11;0;0.00278845895082;0.000186321922229
2;1;12;0;0.00312724825926;8.13104270492e-05
2;1;13;0;0.00241890340112;4.93819788971e-05
2;1;14;0;0.00166393455584;0.000431488995673
2;1;15;0;0.00239295372739;0.000311687559588
2;1;16;0;0.00234123878181;0.000256925064605
2;1;17;0;0.00167054729536;9.44647399592e-05
2;2;0;0;0.00412115175277;0.00279237958603
2;2;1;0;0.00505539029837;0.00488760368899
2;2;2;0;0.00287871365435;0.0024766351562
2;2;3;0;0.00166926137172;0.000299828272546
2;2;4;0;0.0159752015024;0.00434816582128
2;2;5;0;0.0130801256746;0.00589902047068
2;2;6;0;0.0231496691704;0.00515753543004
2;2;7;0;0.00297560100444;0.000183622498298
2;2;8;1;0.3;0.3
2;2;9;1;0.3;0.3
2;2;10;0;0.0282125100493;0.00570464506745
2;2;11;0;0.0277817435563;0.0105799725279
2;2;12;0;0.00520760705695;0.00232962053269
2;2;13;0;0.00617031008005;0.00193638715427
2;2;14;0;0.0102882673964;0.00209339638241
2;2;15;0;0.0134358284995;0.000815391656943
2;2;16;0;0.0161418393254;0.00284612784162
2;2;17;0;0.00520457886159;0.00122180453036
2;3;0;0;0.00295542017557;0.00295542017557
2;3;1;0;0.00629479764029;0.00629479764029
2;3;2;0;0.00305079272948;0.00305079272948
2;3;3;0;0.00103966321331;0.00102691119537
2;3;4;0;0.00225369003601;0.00225369003601
2;3;5;0;0.00432821316645;0.00432193744928
2;3;6;0;0.00277416454628;0.00276994379237
2;3;7;0;0.00111810036469;0.000827956246212
2;3;8;0;0.00306328409351;0.00306328409351
2;3;9;0;0.00257365196012;0.00257365196012
2;3;10;0;0.00106098386459;0.000888303562533
2;3;11;0;0.00214570201933;0.00209360942245
2;3;12;0;0.000496374093927;0.00033042600262
2;3;13;0;0.00052189087728;0.000257451902144
2;3;14;0;0.00105792551767;0.000785245618317
2;3;15;0;0.00335713429376;0.00335713429376
2;3;16;0;0.00304382084869;0.00304382084869
2;3;17;0;0.000861761625856;0.000222421062062
2;4;0;0;0.00889651942998;0.00312105775811
2;4;1;0;0.00634126318619;0.000994774280116
2;4;2;0;0.0133029436693;0.00774855678901
2;4;3;0;0.000735410314519;0.000472431682283
2;4;4;0;0.0144405178726;0.00728441076353
2;4;5;0;0.0152186257765;0.00483692809939
2;4;6;0;0.0141259469092;0.0031843255274
2;4;7;0;0.00195286481176;0.000210296959267
2;4;8;0;0.0969400778413;0.0189533922821
2;4;9;0;0.137714639306;0.0879174545407
2;4;10;0;0.00794450193644;0.00215381314047
2;4;11;0;0.00339191406965;0.00278850621544
2;4;12;0;0.00175214803312;0.000212093698792
2;4;13;0;0.00132050307002;0.000414575450122
2;4;14;0;0.00318281236105;0.00318281236105
2;4;15;0;0.00335710053332;0.00333896512166
2;4;16;0;0.00358807621524;0.00358807621524
2;4;17;0;0.000941673817579;0.000822147761937
2;5;0;0;0.000956625910476;9.78680400294e-05
2;5;1;0;0.000144847828778;5.38602580491e-05
2;5;2;0;0.000148749168147;0.000111952052976
2;5;3;0;0.00027619706816;2.91712258331e-05
2;5;4;0;0.00189704576042;0.000177890775376
2;5;5;0;0.00114540057257;0.000278565450571
2;5;6;0;0.000400704564527;0.000373707764084
2;5;7;0;0.000429902691394;2.9154765798e-05
2;5;8;0;0.00166537647601;0.000978165888228
2;5;9;0;0.000900364830159;0.000876986596268
2;5;10;0;0.000641046033707;0.000641046033707
2;5;11;0;0.00095126661472;0.00095126661472
2;5;12;0;0.000501931121107;2.99398834613e-05
2;5;13;0;0.000632489798591;3.70037014363e-05
2;5;14;0;0.00432616565377;0.00125762470998
2;5;15;0;0.00213531544432;0.00207706307992
2;5;16;0;0.00184678728692;0.00184678728692
2;5;17;0;0.000631159520708;0.000237877626205
2;6;0;0;2.47592943197e-05;1.7189877326e-05
2;6;1;0;3.45473235939e-05;1.97463032237e-05
2;6;2;0;6.51238369755e-05;5.41834015166e-05
2;6;3;0;4.69222359243e-05;2.87993534585e-05
2;6;4;0;4.42381788162e-05;1.89616948774e-05
2;6;5;0;4.3397238187e-05;3.96959439968e-05
2;6;6;0;3.16853947879e-05;1.6746998881e-05
2;6;7;0;4.85023156216e-05;2.88893570541e-05
2;6;8;0;0.000211320773815;0.000202522161999
2;6;9;0;2.87335606117e-05;1.13078249342e-05
2;6;10;0;5.47540767002e-05;1.89580805454e-05
2;6;11;0;6.39007630525e-05;3.98766023864e-05
2;6;12;0;5.47476229258e-05;2.89802537736e-05
2;6;13;0;9.31033864617e-05;2.90543830488e-05
2;6;14;0;0.000180961520527;0.000170577579411
2;6;15;0;0.000136962713441;0.000111964815005
2;6;16;0;0.000101337114756;0.000101337114756
2;6;17;0;0.000189317317563;2.89693416562e-05
2;7;0;0;8.08140521258e-06;7.55475048209e-06
2;7;1;0;1.10690452857e-05;1.07095129351e-05
2;7;2;0;4.69496080768e-05;3.07794762193e-05
2;7;3;0;4.39380637545e-05;2.81027987512e-05
2;7;4;0;3.2267307688e-05;3.20683466271e-05
2;7;5;0;2.3817681722e-05;2.1722913516e-05
2;7;6;0;2.16443640966e-05;1.71621395566e-05
2;7;7;0;4.47736238129e-05;2.82475739368e-05
2;7;8;0;3.67181564798e-05;3.29335962306e-05
2;7;9;0;7.56194367568e-06;3.51265794052e-06
2;7;10;0;3.96563918912e-05;2.65608978225e-05
2;7;11;0;5.2379011322e-05;3.77385440515e-05
2;7;12;0;4.57374699181e-05;2.83473254967e-05
2;7;13;0;4.90499151056e-05;2.86805807264e-05
2;7;14;0;2.41989728238e-05;1.99354653887e-05
2;7;15;0;2.24215145863e-05;1.23357976918e-05
2;7;16;0;2.92724944302e-05;1.80451261258e-05
2;7;17;0;4.94376035931e-05;2.8882515835e-05
2;8;0;0;6.39316795059e-06;5.82903476243e-06
2;8;1;0;4.49013123216e-06;4.17959608967e-06
2;8;2;0;3.968715464e-05;3.37723649864e-05
2;8;3;0;3.8251208025e-05;2.64020418399e-05
2;8;4;0;3.84604572901e-06;3.70283783013e-06
2;8;5;0;1.01910500234e-05;9.60546003625e-06
2;8;6;0;7.91767797637e-06;6.90775232215e-06
2;8;7;0;3.76816751668e-05;2.65318576567e-05
2;8;8;0;8.93769083632e-06;8.51559798321e-06
2;8;9;0;5.61978504265e-06;5.36027528142e-06
2;8;10;0;3.76339849026e-05;2.73123896477e-05
2;8;11;0;4.17643204855e-05;3.13368218485e-05
2;8;12;0;3.97611693188e-05;2.68868570856e-05
2;8;13;0;4.24606805609e-05;2.78455954685e-05
2;8;14;0;7.84722396929e-06;7.09921687303e-06
2;8;15;0;1.49682255142e-05;1.43677834785e-05
2;8;16;0;3.42079110851e-05;2.44746752287e-05
2;8;17;0;4.28921121056e-05;2.78537409031e-05
2;9;0;0;2.55453505815e-06;2.52066934081e-06
2;9;1;0;1.43263605423e-05;1.38908690133e-05
2;9;2;0;2.87003058475e-05;2.75950424111e-05
2;9;3;0;3.29864633386e-05;2.34960552916e-05
2;9;4;0;1.36675157592e-06;1.24018424685e-06
2;9;5;0;1.00831166492e-05;9.93274352368e-06
2;9;6;0;2.19093180931e-05;2.13060375245e-05
2;9;7;0;3.94157068513e-05;2.81517659459e-05
2;9;8;0;3.61659340342e-06;3.6142710087e-06
2;9;9;0;2.85872715722e-06;2.77663775705e-06
2;9;10;0;3.36017656082e-05;2.79699797829e-05
2;9;11;0;3.72127033188e-05;3.18661586789e-05
2;9;12;0;3.89645902032e-05;2.90718198812e-05
2;9;13;0;3.87660002161e-05;2.73908044619e-05
2;9;14;0;3.2310658753e-06;3.21037191497e-06
2;9;15;0;2.21130376303e-05;2.17776851059e-05
2;9;16;0;2.99412367895e-05;2.42214973696e-05
2;9;17;0;3.75704948965e-05;2.60672750301e-05
