0;0;0;0;3.80144768997e-07;3.80140193101e-07
0;0;1;0;3.27383958165e-07;3.27382508658e-07
0;0;2;0;1.10973395806e-07;1.10972528944e-07
0;0;3;0;1.77164793058e-07;1.77164196202e-07
0;0;4;0;2.54490856832e-07;2.54490771567e-07
0;0;5;0;9.23241643136e-08;9.23239440453e-08
0;0;6;0;1.89824064023e-07;1.89823040841e-07
0;0;7;0;1.07028142793e-07;1.07026167484e-07
0;0;8;0;1.87556693731e-07;1.87556622677e-07
0;0;9;0;1.59914421261e-07;1.59912801223e-07
0;0;10;0;1.25189572486e-07;1.25178601706e-07
0;0;11;0;1.03144436991e-07;1.03143534602e-07
0;0;12;0;1.42603241216e-07;1.42597215813e-07
0;0;13;0;5.33801340907e-08;5.33791713053e-08
0;0;14;0;2.31362506042e-07;2.31359791769e-07
0;0;15;0;1.91244325265e-07;1.91243813674e-07
0;0;16;0;2.23225015361e-07;2.23224120077e-07
0;0;17;0;4.71022048032e-07;4.71022048032e-07
0;1;0;0;9.49036859765e-07;9.49031743858e-07
0;1;1;0;9.94555080069e-07;9.94486526906e-07
0;1;2;0;6.96373660958e-07;6.96285098911e-07
0;1;3;0;6.85769293796e-07;6.85723534843e-07
0;1;4;0;7.50893207169e-07;7.50890308154e-07
0;1;5;0;3.69425009694e-07;3.69423503344e-07
0;1;6;0;5.03061869495e-07;5.03057833612e-07
0;1;7;0;6.50226581911e-07;6.50222489185e-07
0;1;8;0;4.53799799516e-07;4.53793859378e-07
0;1;9;0;3.09840686441e-07;3.08764242618e-07
0;1;10;0;4.67074301014e-07;4.668589213e-07
0;1;11;0;1.28068464278e-07;1.28062254134e-07
0;1;12;0;5.9608163383e-07;5.96079189563e-07
0;1;13;0;8.27926314173e-08;8.27915158652e-08
0;1;14;0;3.64476193226e-07;3.64474544767e-07
0;1;15;0;2.46128109893e-07;2.46124926662e-07
0;1;16;0;1.70097180785e-07;1.7009426756e-07
0;1;17;0;9.18843454656e-08;9.1882739639e-08
0;2;0;0;3.59945534001e-06;3.59944397132e-06
0;2;1;0;4.32283923146e-06;4.32265733252e-06
0;2;2;0;1.85249109563e-06;1.85233989214e-06
0;2;3;0;1.96753421733e-06;1.96752694137e-06
0;2;4;0;3.2098905649e-06;3.20988760905e-06
0;2;5;0;2.99601833831e-06;2.99601538245e-06
0;2;6;0;3.64411675946e-06;3.644110393e-06
0;2;7;0;1.76320054379e-06;1.76319315415e-06
0;2;8;0;2.93237189908e-06;2.93237076221e-06
0;2;9;0;2.49245567829e-06;2.49230924965e-06
0;2;10;0;1.44180080497e-06;1.44172361161e-06
0;2;11;0;8.5414063733e-07;8.54110794535e-07
0;2;12;0;1.53514815793e-06;1.53509984102e-06
0;2;13;0;7.13690553766e-07;7.1367281862e-07
0;2;14;0;9.18503360481e-07;9.18494322377e-07
0;2;15;0;1.36880362334e-06;1.36877270052e-06
0;2;16;0;1.17739716643e-06;1.17737977234e-06
0;2;17;0;7.39630706903e-07;7.39626784707e-07
0;3;0;0;4.93724201078e-06;4.93698416903e-06
0;3;1;0;6.03074386163e-06;6.03053558734e-06
0;3;2;0;3.28626447299e-06;3.28532041749e-06
0;3;3;0;3.90380728277e-06;3.90354125557e-06
0;3;4;0;4.51026653536e-06;4.50924289908e-06
0;3;5;0;2.74495619124e-06;2.74490184893e-06
0;3;6;0;6.8296903919e-06;6.82914242134e-06
0;3;7;0;3.6424960399e-06;3.64244328921e-06
0;3;8;0;3.99176906285e-06;3.99169994125e-06
0;3;9;0;3.66617155123e-06;3.66617155123e-06
0;3;10;0;2.71905742011e-06;2.71876774605e-06
0;3;11;0;2.59246962742e-06;2.59235480371e-06
0;3;12;0;3.50590971721e-06;3.50588629772e-06
0;3;13;0;2.08877850127e-06;2.08877008845e-06
0;3;14;0;3.7379099922e-06;3.73788338948e-06
0;3;15;0;2.89857916869e-06;2.89855620395e-06
0;3;16;0;2.61876061813e-06;2.61873378804e-06
0;3;17;0;1.89103957382e-06;1.89102865988e-06
0;4;0;0;3.75362906198e-05;3.74904630007e-05
0;4;1;0;0.000269986659987;0.000269882468274
0;4;2;0;3.20400540659e-05;3.20400540659e-05
0;4;3;0;1.83724714589e-05;1.83248521353e-05
0;4;4;0;0.000458238791907;0.000458202994196
0;4;5;0;0.00049486849457;0.000494834384881
0;4;6;0;9.71997360466e-05;9.71997360466e-05
0;4;7;0;0.0001521994418;0.000152176406118
0;4;8;0;0.000248089112574;0.000248089112574
0;4;9;0;0.000401925790356;0.000401925790356
0;4;10;0;2.42484402406e-05;2.42484402406e-05
0;4;11;0;9.79845663096e-06;9.79845663096e-06
0;4;12;0;3.98606098315e-05;3.97967705794e-05
0;4;13;0;4.06022081734e-06;4.06022081734e-06
0;4;14;0;4.59803959529e-06;4.597617135e-06
0;4;15;0;5.30637271368e-06;5.30617398908e-06
0;4;16;0;6.75292994856e-06;6.75249884807e-06
0;4;17;0;3.81033532904e-06;3.81021459361e-06
0;5;0;0;1.60398926141e-07;9.0324910218e-08
0;5;1;0;1.70259340848e-07;1.70259340848e-07
0;5;2;0;1.97595312557e-07;1.97595312557e-07
0;5;3;0;2.12438763469e-07;1.4110693769e-07
0;5;4;0;0.000265841663349;0.000265841663349
0;5;5;0;8.9523375209e-05;8.89887451194e-05
0;5;6;0;5.01624308527e-05;4.98335430166e-05
0;5;7;0;2.20914074589e-07;2.14826584966e-07
0;5;8;0;0.00010538398783;0.000103483951534
0;5;9;0;8.78667487996e-05;8.62493179739e-05
0;5;10;0;1.29987056425e-05;1.22072115118e-05
0;5;11;0;2.08675446629e-05;2.08675446629e-05
0;5;12;0;3.23579806718e-05;3.23579806718e-05
0;5;13;0;6.61592912365e-06;6.61592912365e-06
0;5;14;0;2.07940083783e-05;2.07940083783e-05
0;5;15;0;0.000980618293397;0.000980618293397
0;5;16;0;1.70692856045e-05;1.70692856045e-05
0;5;17;0;1.49779443746e-05;1.49722291098e-05
0;6;0;0;9.26774958998e-08;9.24756022869e-08
0;6;1;0;1.71065508425e-07;1.7106160044e-07
0;6;2;0;4.47638619505e-08;4.10954648089e-08
0;6;3;0;9.06333497142e-08;9.06333497142e-08
0;6;4;0;2.13865092746e-07;2.13749757449e-07
0;6;5;0;9.34679235343e-07;9.34679178499e-07
0;6;6;0;1.61635682616e-06;1.61610910254e-06
0;6;7;0;3.36759029551e-07;3.36759029551e-07
0;6;8;0;1.49627524593e-07;1.49627240376e-07
0;6;9;0;8.82797337454e-07;8.82073436514e-07
0;6;10;0;4.35755367789e-07;4.27960429761e-07
0;6;11;0;2.01414280809e-07;2.01404873224e-07
0;6;12;0;6.84642884607e-07;6.84286476371e-07
0;6;13;0;3.850999164e-08;3.4577194441e-08
0;6;14;0;7.46645696381e-08;7.46645696381e-08
0;6;15;0;1.0776132342e-07;1.0776132342e-07
0;6;16;0;2.15599342823e-07;2.15595250097e-07
0;6;17;0;1.39156014711e-07;1.39156014711e-07
0;7;0;0;2.12877324657e-07;2.12772192754e-07
0;7;1;0;1.2635281621e-07;1.26314461113e-07
0;7;2;0;7.14025034654e-08;7.13715877509e-08
0;7;3;0;7.90948675444e-08;7.9089574001e-08
0;7;4;0;2.12456711779e-07;2.12372540886e-07
0;7;5;0;9.17628568686e-08;9.17626010732e-08
0;7;6;0;2.15449887264e-07;2.15366256384e-07
0;7;7;0;1.12126521401e-07;1.12078112124e-07
0;7;8;0;6.24201916821e-08;6.21867286554e-08
0;7;9;0;2.07567524058e-07;2.07557818044e-07
0;7;10;0;1.69504588143e-07;1.69415557139e-07
0;7;11;0;8.52524877359e-08;8.5125762439e-08
0;7;12;0;5.33724850982e-08;5.33552686477e-08
0;7;13;0;2.03553653932e-07;2.03130113618e-07
0;7;14;0;1.99603036322e-07;1.98553678388e-07
0;7;15;0;2.07852451695e-07;2.06787092338e-07
0;7;16;0;2.06585468732e-07;2.05332952419e-07
0;7;17;0;1.96706665179e-07;1.96135985675e-07
0;8;0;0;8.87097186819e-08;8.87091573532e-08
0;8;1;0;1.2776988001e-07;1.27768771563e-07
0;8;2;0;2.70293497806e-07;2.70292929372e-07
0;8;3;0;7.46830934872e-08;7.46823545228e-08
0;8;4;0;9.66972493188e-08;9.66960911342e-08
0;8;5;0;2.01810248512e-08;2.01802574651e-08
0;8;6;0;3.04281932983e-08;3.04269534013e-08
0;8;7;0;1.0471768519e-07;1.0471602252e-07
0;8;8;0;5.68844846782e-08;5.68844846782e-08
0;8;9;0;9.93344215772e-08;9.93312454511e-08
0;8;10;0;1.03247508321e-07;1.03239109706e-07
0;8;11;0;6.26304839102e-08;6.25915532737e-08
0;8;12;0;6.19788025347e-08;6.19786959533e-08
0;8;13;0;8.60121218693e-08;8.60093010147e-08
0;8;14;0;8.89408369176e-08;8.89362823386e-08
0;8;15;0;9.8164683493e-08;9.81497905173e-08
0;8;16;0;4.04691348876e-07;4.04510558383e-07
0;8;17;0;7.65649161849e-08;7.65588694662e-08
0;9;0;0;7.93623371464e-08;7.93622376705e-08
0;9;1;0;8.8415299615e-07;8.84152882463e-07
0;9;2;0;8.0005406744e-08;8.00049022587e-08
0;9;3;0;5.51187504527e-08;5.51183170217e-08
0;9;4;0;6.83937102508e-08;6.83937102508e-08
0;9;5;0;2.85747830731e-07;2.85747802309e-07
0;9;6;0;1.0954234142e-07;1.0954234142e-07
0;9;7;0;2.81573278471e-07;2.81573051097e-07
0;9;8;0;1.33342325626e-07;1.3334222615e-07
0;9;9;0;2.76184607628e-07;2.76184493941e-07
0;9;10;0;1.33419902681e-07;1.33419845838e-07
0;9;11;0;1.38235193958e-07;1.38234639735e-07
0;9;12;0;4.13892813356e-08;4.13876897198e-08
0;9;13;0;1.04503364184e-07;1.04502476006e-07
0;9;14;0;1.14092372883e-07;1.14092294723e-07
0;9;15;0;1.23646586303e-07;1.23644895211e-07
0;9;16;0;1.34022627662e-07;1.34021632903e-07
0;9;17;0;1.57758776709e-07;1.57758279329e-07
1;0;0;0;1.75298566774e-07;1.75291503979e-07
1;0;1;0;6.81938985281e-08;6.81929890334e-08
1;0;2;0;7.49894226715e-08;7.4987418941e-08
1;0;3;0;1.22041441841e-07;1.22040006545e-07
1;0;4;0;9.01643275597e-08;9.01631622696e-08
1;0;5;0;3.99044424171e-08;3.990345121e-08
1;0;6;0;2.97821305395e-08;2.97814750638e-08
1;0;7;0;4.82216186981e-08;4.82206132801e-08
1;0;8;0;3.85149334647e-08;3.85143934523e-08
1;0;9;0;1.51282094407e-07;1.51282094407e-07
1;0;10;0;1.19322351111e-07;1.19312304037e-07
1;0;11;0;9.04696975113e-08;9.04685109049e-08
1;0;12;0;1.30332509229e-07;1.30324579573e-07
1;0;13;0;5.21673086951e-08;5.21662038011e-08
1;0;14;0;5.76771583383e-07;5.76771583383e-07
1;0;15;0;1.44421505865e-07;1.44420781112e-07
1;0;16;0;2.45911536467e-07;2.45911394359e-07
1;0;17;0;4.70422008902e-07;4.70422008902e-07
1;1;0;0;5.79684524382e-07;5.79681568524e-07
1;1;1;0;6.74252703448e-07;6.74140949286e-07
1;1;2;0;3.80236627961e-07;3.80164664193e-07
1;1;3;0;3.45858524042e-07;3.45848206962e-07
1;1;4;0;4.47832945838e-07;4.47826948857e-07
1;1;5;0;1.69885382206e-07;1.6988310847e-07
1;1;6;0;3.03847230043e-07;3.03819149394e-07
1;1;7;0;3.18485803064e-07;3.18477844985e-07
1;1;8;0;2.26034714501e-07;2.26011366067e-07
1;1;9;0;1.49303176045e-07;1.49296738527e-07
1;1;10;0;2.35233031276e-07;2.35156136341e-07
1;1;11;0;6.93450417089e-08;6.93409774044e-08
1;1;12;0;2.19864105588e-07;2.19862371864e-07
1;1;13;0;2.9033870419e-08;2.90297315075e-08
1;1;14;0;1.33455543505e-07;1.33453099238e-07
1;1;15;0;1.30278024812e-07;1.30275466859e-07
1;1;16;0;6.17820887783e-08;6.17785786972e-08
1;1;17;0;2.54549625822e-08;2.5453458008e-08
1;2;0;0;1.6082710772e-06;1.60826425599e-06
1;2;1;0;1.41775137763e-06;1.41753321259e-06
1;2;2;0;1.02006890756e-06;1.0200608358e-06
1;2;3;0;1.13040459837e-06;1.13039982352e-06
1;2;4;0;1.40184158681e-06;1.40182623909e-06
1;2;5;0;6.97464486166e-07;6.97463008237e-07
1;2;6;0;9.626468227e-07;9.62629655987e-07
1;2;7;0;9.73862711362e-07;9.73853502728e-07
1;2;8;0;8.75456976246e-07;8.75439639003e-07
1;2;9;0;1.27090561364e-06;1.27082864765e-06
1;2;10;0;9.64772766565e-07;9.64530158853e-07
1;2;11;0;4.27652508961e-07;4.27634574862e-07
1;2;12;0;8.94506683835e-07;8.94483207503e-07
1;2;13;0;3.96980226469e-07;3.9696959675e-07
1;2;14;0;6.07680419762e-07;6.07664048857e-07
1;2;15;0;7.69329972172e-07;7.69298537762e-07
1;2;16;0;5.64734762065e-07;5.64726974517e-07
1;2;17;0;3.97721890977e-07;3.97720071987e-07
1;3;0;0;3.89189881389e-06;3.89185879612e-06
1;3;1;0;5.24296274307e-06;5.24292090631e-06
1;3;2;0;2.55569739238e-06;2.55486679634e-06
1;3;3;0;3.21189509123e-06;3.21156221617e-06
1;3;4;0;3.42277940035e-06;3.42257521879e-06
1;3;5;0;1.95953384718e-06;1.95951133719e-06
1;3;6;0;3.48728667632e-06;3.48691378349e-06
1;3;7;0;3.45247644873e-06;3.45245416611e-06
1;3;8;0;1.61934144671e-06;1.61932848641e-06
1;3;9;0;2.97848350783e-06;2.9783852824e-06
1;3;10;0;1.51747065047e-06;1.51729614117e-06
1;3;11;0;1.32302750444e-06;1.32294428568e-06
1;3;12;0;2.19105004362e-06;2.19103003474e-06
1;3;13;0;1.26876796003e-06;1.26876443574e-06
1;3;14;0;1.76430239662e-06;1.76428841314e-06
1;3;15;0;1.79702624337e-06;1.79697099156e-06
1;3;16;0;1.39295696044e-06;1.39291626056e-06
1;3;17;0;1.09010613869e-06;1.09010227334e-06
1;4;0;0;2.35440929828e-05;2.35072566284e-05
1;4;1;0;0.00016252817295;0.000162430471391
1;4;2;0;2.08564524655e-05;2.06714212254e-05
1;4;3;0;1.43663737617e-05;1.43172183016e-05
1;4;4;0;0.000189455065993;0.000189455036889
1;4;5;0;0.000199335685465;0.000199335685465
1;4;6;0;6.60419245833e-05;6.60419100313e-05
1;4;7;0;0.000148054663441;0.000148036837345
1;4;8;0;0.000505959615111;0.00050595367793
1;4;9;0;0.00132151087746;0.0013215104118
1;4;10;0;1.41989949043e-05;1.41989949043e-05
1;4;11;0;6.00635212322e-06;6.00635212322e-06
1;4;12;0;2.80499843939e-05;2.79924934148e-05
1;4;13;0;5.1990209613e-06;5.1990209613e-06
1;4;14;0;3.62069704352e-06;3.62062314707e-06
1;4;15;0;5.43069927517e-06;5.43052692592e-06
1;4;16;0;5.44174918105e-06;5.44098202226e-06
1;4;17;0;2.86853355647e-06;2.86848808173e-06
1;5;0;0;3.1737459949e-07;3.04637808313e-07
1;5;1;0;3.10374366563e-06;3.10346172228e-06
1;5;2;0;5.44407271263e-07;5.44406987046e-07
1;5;3;0;5.633866067e-07;5.18338538313e-07
1;5;4;0;1.9336997866e-05;1.84868495126e-05
1;5;5;0;3.39289654221e-05;3.39289654221e-05
1;5;6;0;3.40927836078e-05;3.40367732861e-05
1;5;7;0;6.00695273079e-07;6.00695159392e-07
1;5;8;0;0.00030189473182;0.000300979823805
1;5;9;0;0.000105404185888;0.000105219405668
1;5;10;0;2.2081343559e-05;2.19835510507e-05
1;5;11;0;2.72423949355e-05;2.72423949355e-05
1;5;12;0;3.74534174625e-05;3.74439223378e-05
1;5;13;0;2.48488995567e-05;2.48488995567e-05
1;5;14;0;3.76239513571e-05;3.7623798562e-05
1;5;15;0;0.000973993970547;0.000973993970547
1;5;16;0;3.8299443986e-05;3.82965954486e-05
1;5;17;0;1.19812393677e-05;1.19770029414e-05
1;6;0;0;1.01322790158e-07;1.0105180337e-07
1;6;1;0;1.72813585664e-07;1.72813585664e-07
1;6;2;0;4.46626025052e-08;4.10465794687e-08
1;6;3;0;9.25707936972e-08;9.25706444832e-08
1;6;4;0;6.56607880956e-07;6.56547797462e-07
1;6;5;0;2.68374651569e-06;2.68374628831e-06
1;6;6;0;2.39388191403e-06;2.39388191403e-06
1;6;7;0;4.54413168427e-07;4.54413168427e-07
1;6;8;0;2.68906518386e-07;2.68905068879e-07
1;6;9;0;2.22085532187e-06;2.20878291657e-06
1;6;10;0;1.18103196201e-06;1.17972592761e-06
1;6;11;0;6.28871873687e-07;6.28871873687e-07
1;6;12;0;1.05368337699e-06;1.05354979496e-06
1;6;13;0;2.32364342878e-07;2.3236404445e-07
1;6;14;0;3.73650749452e-07;3.73650749452e-07
1;6;15;0;2.57447481999e-07;2.57447226204e-07
1;6;16;0;1.15232921871e-06;1.15232887765e-06
1;6;17;0;4.22462164806e-07;4.22461425842e-07
1;7;0;0;2.15707117945e-07;2.15604529785e-07
1;7;1;0;1.30639236318e-07;1.30602984427e-07
1;7;2;0;7.09285643552e-08;7.09093086471e-08
1;7;3;0;7.90364964587e-08;7.90344785173e-08
1;7;4;0;2.12267508459e-07;2.12213890904e-07
1;7;5;0;8.97339091921e-08;8.97334047067e-08
1;7;6;0;2.03585557301e-07;2.03380295716e-07
1;7;7;0;1.11850731344e-07;1.118454378e-07
1;7;8;0;6.33593231214e-08;6.31182786037e-08
1;7;9;0;1.94190931779e-07;1.94190931779e-07
1;7;10;0;1.66565101267e-07;1.66565101267e-07
1;7;11;0;8.12026428321e-08;8.11085172359e-08
1;7;12;0;5.3714803272e-08;5.37110658172e-08
1;7;13;0;2.03614064276e-07;2.03268328391e-07
1;7;14;0;1.96853122247e-07;1.95867002617e-07
1;7;15;0;2.06482326348e-07;2.05396403885e-07
1;7;16;0;2.06415506909e-07;2.05136899467e-07
1;7;17;0;1.96549379439e-07;1.96029404265e-07
1;8;0;0;1.16671948547e-07;1.16671422745e-07
1;8;1;0;1.30903103468e-07;1.30898015982e-07
1;8;2;0;2.69724409918e-07;2.69717730816e-07
1;8;3;0;7.42378318819e-08;7.42310461987e-08
1;8;4;0;9.67133146901e-08;9.67116804418e-08
1;8;5;0;1.82398434134e-08;1.82389143788e-08
1;8;6;0;5.73535707815e-08;5.72365053131e-08
1;8;7;0;7.0514680317e-08;7.05124634237e-08
1;8;8;0;4.15591721037e-08;4.15485423844e-08
1;8;9;0;9.95053497377e-08;9.95027491513e-08
1;8;10;0;1.01141104381e-07;1.01137153763e-07
1;8;11;0;6.44960707064e-08;6.44717843556e-08
1;8;12;0;6.80771350403e-08;6.80710385836e-08
1;8;13;0;8.5876195044e-08;8.58743902654e-08
1;8;14;0;8.99378207464e-08;8.99378207464e-08
1;8;15;0;9.68368709664e-08;9.68215232433e-08
1;8;16;0;4.04823168765e-07;4.04642889862e-07
1;8;17;0;7.68305667975e-08;7.68266161799e-08
1;9;0;0;9.62955013506e-08;9.62945136962e-08
1;9;1;0;9.29295254082e-07;9.29293378249e-07
1;9;2;0;7.55962332732e-08;7.55961551135e-08
1;9;3;0;6.38060981828e-08;6.37945873905e-08
1;9;4;0;7.36768868137e-08;7.36768868137e-08
1;9;5;0;2.8565753496e-07;2.8565753496e-07
1;9;6;0;1.1486343432e-08;1.14863150102e-08
1;9;7;0;2.81520982526e-07;2.81512711808e-07
1;9;8;0;1.38287106211e-07;1.38287006735e-07
1;9;9;0;2.7649355161e-07;2.7649355161e-07
1;9;10;0;1.4413127758e-07;1.44130339663e-07
1;9;11;0;1.37402381029e-07;1.37389037036e-07
1;9;12;0;4.38330047814e-08;4.38162075511e-08
1;9;13;0;1.0460080091e-07;1.04544966462e-07
1;9;14;0;1.6551717863e-07;1.6551319959e-07
1;9;15;0;1.15684088087e-07;1.15668989054e-07
1;9;16;0;1.36154625352e-07;1.36127283668e-07
1;9;17;0;1.56213118885e-07;1.56183503464e-07
2;0;0;0;9.79803544965e-08;9.79729222195e-08
2;0;1;0;3.73157220679e-08;3.73117714503e-08
2;0;2;0;5.3560036406e-08;5.35588000616e-08
2;0;3;0;1.0687945462e-07;1.06877891426e-07
2;0;4;0;8.99289958056e-08;8.99282284195e-08
2;0;5;0;3.64642893658e-08;3.6463504216e-08
2;0;6;0;8.31995450312e-08;8.31944007018e-08
2;0;7;0;3.90150169949e-08;3.90141501327e-08
2;0;8;0;3.79544538021e-08;3.79539280004e-08
2;0;9;0;1.53155028215e-07;1.53153351334e-07
2;0;10;0;1.05470292056e-07;1.05396821937e-07
2;0;11;0;9.2239226035e-08;9.22379399526e-08
2;0;12;0;1.13640190591e-07;1.1363700736e-07
2;0;13;0;5.04165669213e-08;5.0414982411e-08
2;0;14;0;5.76767206439e-07;5.76767149596e-07
2;0;15;0;1.46562356917e-07;1.46561021097e-07
2;0;16;0;2.40063286583e-07;2.40062803414e-07
2;0;17;0;4.58166766748e-07;4.58166766748e-07
2;1;0;0;2.42327530486e-07;2.42324063038e-07
2;1;1;0;4.87702550345e-07;4.87696638629e-07
2;1;2;0;2.23095753427e-07;2.23059146265e-07
2;1;3;0;1.53312598172e-07;1.53303687966e-07
2;1;4;0;1.70698541524e-07;1.70695827251e-07
2;1;5;0;1.22776029343e-07;1.22773684552e-07
2;1;6;0;4.60199238717e-08;4.6015639299e-08
2;1;7;0;1.38385260584e-07;1.38382148407e-07
2;1;8;0;1.5397512243e-07;1.53964791139e-07
2;1;9;0;1.38389722792e-07;1.38386425874e-07
2;1;10;0;1.39286711942e-07;1.39251582709e-07
2;1;11;0;6.56711947045e-08;6.56675638311e-08
2;1;12;0;6.70363178301e-08;6.70345912113e-08
2;1;13;0;4.42781562526e-08;4.42780780929e-08
2;1;14;0;4.10304110687e-08;4.10273628404e-08
2;1;15;0;5.92001008215e-08;5.91963775776e-08
2;1;16;0;6.02544218964e-08;6.0253086076e-08
2;1;17;0;2.04246699553e-08;2.04240375723e-08
2;2;0;0;9.34833337851e-07;9.34829984089e-07
2;2;1;0;5.72239855501e-07;5.72195745008e-07
2;2;2;0;3.70703617136e-07;3.70642879943e-07
2;2;3;0;3.77847584332e-07;3.77843463184e-07
2;2;4;0;7.74054853991e-07;7.74050477048e-07
2;2;5;0;1.20972529771e-07;1.20970270245e-07
2;2;6;0;2.31899036862e-07;2.31895526781e-07
2;2;7;0;2.4126183007e-07;2.41258220512e-07
2;2;8;0;5.20912976754e-07;5.20901892287e-07
2;2;9;0;3.51482356109e-07;3.51331863158e-07
2;2;10;0;4.43410669959e-07;4.43209813739e-07
2;2;11;0;1.56835710641e-07;1.56824938813e-07
2;2;12;0;3.0007797136e-07;3.00064783687e-07
2;2;13;0;1.55299986204e-07;1.55294031856e-07
2;2;14;0;2.73972233344e-07;2.73966094255e-07
2;2;15;0;4.12884276102e-07;4.12861197674e-07
2;2;16;0;2.53579770515e-07;2.5354742661e-07
2;2;17;0;1.65596034662e-07;1.65590762435e-07
2;3;0;0;2.89302943202e-06;2.89300555778e-06
2;3;1;0;3.36397806677e-06;3.36397170031e-06
2;3;2;0;1.40784948144e-06;1.40754514177e-06
2;3;3;0;8.9823856797e-07;8.98217820122e-07
2;3;4;0;2.4513549306e-06;2.45120440923e-06
2;3;5;0;1.18580169328e-06;1.18572586416e-06
2;3;6;0;2.16129615183e-06;2.16115586227e-06
2;3;7;0;1.01618820736e-06;1.01616672055e-06
2;3;8;0;1.03257366391e-06;1.03252148165e-06
2;3;9;0;1.49592085563e-06;1.49589072862e-06
2;3;10;0;5.76118225126e-07;5.76026820909e-07
2;3;11;0;3.97721635181e-07;3.97679940534e-07
2;3;12;0;6.52833080039e-07;6.52827282011e-07
2;3;13;0;3.93042398628e-07;3.9303296262e-07
2;3;14;0;1.07267783278e-06;1.07266669147e-06
2;3;15;0;8.81753351223e-07;8.81689175003e-07
2;3;16;0;4.58774877643e-07;4.58761974187e-07
2;3;17;0;3.29093921891e-07;3.2908775438e-07
2;4;0;0;3.20587241731e-05;3.20148283208e-05
2;4;1;0;0.000170716797584;0.000170706800418
2;4;2;0;1.95086213353e-05;1.94811345864e-05
2;4;3;0;1.10813689389e-05;1.10319115265e-05
2;4;4;0;0.000186980003491;0.000186977922567
2;4;5;0;0.000215541411308;0.000215540698264
2;4;6;0;6.81857127347e-05;6.81857127347e-05
2;4;7;0;0.000154127657879;0.0001541274396
2;4;8;0;0.000501197820995;0.000501196889672
2;4;9;0;0.00131269230042;0.00131269206759
2;4;10;0;1.1236712453e-05;1.12366569738e-05
2;4;11;0;6.90494925948e-06;6.89954367772e-06
2;4;12;0;3.66187964573e-06;3.66187941836e-06
2;4;13;0;9.25582014588e-07;9.25574852317e-07
2;4;14;0;2.72558168035e-06;2.72551460512e-06
2;4;15;0;3.07748700834e-06;3.07731465909e-06
2;4;16;0;2.87377315544e-06;2.87375769403e-06
2;4;17;0;9.49028844843e-07;9.49006107476e-07
2;5;0;0;4.16643132439e-07;4.16364287048e-07
2;5;1;0;2.04594698516e-06;2.04574121199e-06
2;5;2;0;3.69081163853e-07;3.69081163853e-07
2;5;3;0;4.48995820079e-07;4.08629119875e-07
2;5;4;0;1.67149482877e-05;1.66365043697e-05
2;5;5;0;1.11079989438e-05;1.11078534246e-05
2;5;6;0;1.06643456093e-05;1.0419179489e-05
2;5;7;0;4.8051953172e-07;4.78590607145e-07
2;5;8;0;0.000311126379529;0.000311081210384
2;5;9;0;5.76565871597e-05;5.76565871597e-05
2;5;10;0;2.95664244732e-06;2.86494901047e-06
2;5;11;0;2.11881124415e-05;2.11143033084e-05
2;5;12;0;2.46793524639e-06;2.44895022661e-06
2;5;13;0;4.09706308346e-06;4.09460790252e-06
2;5;14;0;4.00591925427e-05;4.00589779019e-05
2;5;15;0;0.00102600711398;0.00102600699756
2;5;16;0;1.733321551e-05;1.72842719621e-05
2;5;17;0;1.27086639168e-06;1.27086423163e-06
2;6;0;0;7.50326378807e-08;7.46282964315e-08
2;6;1;0;1.71213471845e-07;1.71213443423e-07
2;6;2;0;4.5490153866e-08;4.21797778927e-08
2;6;3;0;9.2553349873e-08;9.25533356622e-08
2;6;4;0;6.73550687225e-07;6.73338888646e-07
2;6;5;0;2.55523218584e-06;2.55520944847e-06
2;6;6;0;3.12953898174e-06;3.12953170578e-06
2;6;7;0;4.74611908885e-07;4.7427081995e-07
2;6;8;0;2.81486109088e-07;2.81479231035e-07
2;6;9;0;2.70013083536e-06;2.69710767498e-06
2;6;10;0;9.48759861785e-07;9.34083118409e-07
2;6;11;0;4.04748590199e-07;3.9513122374e-07
2;6;12;0;4.67163232543e-07;4.67038688612e-07
2;6;13;0;4.22058917593e-07;4.22049595272e-07
2;6;14;0;2.99176406315e-07;2.99174558904e-07
2;6;15;0;2.8049487355e-07;2.8049487355e-07
2;6;16;0;1.09633231204e-06;1.09633231204e-06
2;6;17;0;3.81627586421e-07;3.81627586421e-07
2;7;0;0;2.14074773908e-07;2.13971517837e-07
2;7;1;0;1.21363754602e-07;1.21323964208e-07
2;7;2;0;7.14353660669e-08;7.14326020557e-08
2;7;3;0;7.91383243381e-08;7.91383243381e-08
2;7;4;0;2.12194791516e-07;2.12150979451e-07
2;7;5;0;8.84543140955e-08;8.84543140955e-08
2;7;6;0;2.15330686615e-07;2.15266908299e-07
2;7;7;0;9.94990827508e-08;9.94990827508e-08
2;7;8;0;6.25830267609e-08;6.2317887739e-08
2;7;9;0;1.89373238868e-07;1.89373238868e-07
2;7;10;0;1.62683960525e-07;1.62683960525e-07
2;7;11;0;8.21868226808e-08;8.21165642151e-08
2;7;12;0;3.60425289614e-08;3.59519489734e-08
2;7;13;0;2.04928070957e-07;2.04638098467e-07
2;7;14;0;1.97912839894e-07;1.96958069409e-07
2;7;15;0;2.06477125175e-07;2.05449424584e-07
2;7;16;0;2.06566184602e-07;2.05231955874e-07
2;7;17;0;1.96585929757e-07;1.96097659e-07
2;8;0;0;1.04680253799e-07;1.04675301316e-07
2;8;1;0;1.20204319387e-07;1.20200823517e-07
2;8;2;0;2.69531540198e-07;2.69530659125e-07
2;8;3;0;9.42749380783e-08;9.42748528132e-08
2;8;4;0;9.73502309876e-08;9.73461453668e-08
2;8;5;0;2.06853485452e-08;2.06837302841e-08
2;8;6;0;2.15701838613e-08;2.15699671458e-08
2;8;7;0;7.32764178224e-08;7.32754372734e-08
2;8;8;0;3.87839946825e-08;3.87833942739e-08
2;8;9;0;9.7772598906e-08;9.7769706997e-08
2;8;10;0;1.08002474519e-07;1.08002453203e-07
2;8;11;0;6.42359623271e-08;6.42005986151e-08
2;8;12;0;7.31409954824e-08;7.31389206976e-08
2;8;13;0;8.63067839418e-08;8.63025917397e-08
2;8;14;0;8.91143230319e-08;8.91041835871e-08
2;8;15;0;9.74716414248e-08;9.74566418677e-08
2;8;16;0;4.03584351716e-07;4.03238800573e-07
2;8;17;0;7.76993260843e-08;7.76992976625e-08
2;9;0;0;9.148546809e-08;9.14805227126e-08
2;9;1;0;9.2081990033e-07;9.20818592931e-07
2;9;2;0;7.12658803081e-08;7.126516266e-08
2;9;3;0;5.63311850499e-08;5.63291848721e-08
2;9;4;0;7.36146077429e-08;7.3614160101e-08
2;9;5;0;2.85540352252e-07;2.85540238565e-07
2;9;6;0;1.08312292468e-07;1.08312164571e-07
2;9;7;0;2.80605632952e-07;2.80605121361e-07
2;9;8;0;1.37776609677e-07;1.37776424936e-07
2;9;9;0;2.76743605809e-07;2.76743605809e-07
2;9;10;0;1.41984912716e-07;1.41984784818e-07
2;9;11;0;1.37815007406e-07;1.37814538448e-07
2;9;12;0;1.69880358669e-08;1.69785021598e-08
2;9;13;0;8.51298409543e-08;8.51297414783e-08
2;9;14;0;1.59187635518e-07;1.59183585424e-07
2;9;15;0;1.14511259142e-07;1.14505404269e-07
2;9;16;0;1.33436870442e-07;1.33434909344e-07
2;9;17;0;1.46884232777e-07;1.46883834873e-07
