0;0;0;0;8.32508794701e-06;8.32508794701e-06
0;0;1;0;6.95969220033e-06;6.95969220033e-06
0;0;2;0;4.13088855566e-06;4.13088855566e-06
0;0;3;0;5.79200241191e-06;5.79200241191e-06
0;0;4;0;1.51231688506e-06;1.51230926804e-06
0;0;5;0;4.17439287048e-06;4.17439287048e-06
0;0;6;0;6.75620458424e-06;6.75620458424e-06
0;0;7;0;5.12116002938e-06;5.12116002938e-06
0;0;8;0;1.65762332927e-06;1.65762332927e-06
0;0;9;0;1.86919396583e-06;1.86919396583e-06
0;0;10;0;2.13426187656e-06;2.13426187656e-06
0;0;11;0;2.02359001378e-06;2.02359001378e-06
0;0;12;0;5.27898419023e-06;5.27898419023e-06
0;0;13;0;2.91391484097e-06;2.91391484097e-06
0;0;14;0;1.54730241775e-06;1.54730241775e-06
0;0;15;0;9.8337000054e-07;9.8337000054e-07
0;0;16;0;1.8720126036e-06;1.8720126036e-06
0;0;17;0;3.35040840582e-06;3.35040840582e-06
0;1;0;0;1.89944930753e-05;1.89944494196e-05
0;1;1;0;1.75669210876e-05;1.75658460648e-05
0;1;2;0;7.74416821514e-06;7.74416821514e-06
0;1;3;0;1.07440746433e-05;1.07440746433e-05
0;1;4;0;2.36730575125e-05;2.36692449107e-05
0;1;5;0;1.26284112412e-05;1.26283839563e-05
0;1;6;0;1.73354947037e-05;1.73354383151e-05
0;1;7;0;1.01763125713e-05;1.01763125713e-05
0;1;8;0;5.27644533577e-06;5.27644533577e-06
0;1;9;0;7.93441631686e-06;7.9343053585e-06
0;1;10;0;6.78674678056e-06;6.78674678056e-06
0;1;11;0;6.07143874731e-06;6.07143874731e-06
0;1;12;0;1.02000813058e-05;1.02000813058e-05
0;1;13;0;5.28865575689e-06;5.28865575689e-06
0;1;14;0;6.7920705078e-06;6.7920705078e-06
0;1;15;0;5.3515846048e-06;5.3515846048e-06
0;1;16;0;6.28227644484e-06;6.28227644484e-06
0;1;17;0;6.09013113717e-06;6.09013113717e-06
0;2;0;0;0.000755801098421;0.000750500359572
0;2;1;0;0.000141288939631;0.000138779505505
0;2;2;0;0.000207056335057;0.000159594768775
0;2;3;0;0.000364321283996;0.000287405739073
0;2;4;0;2.7272850275e-05;2.72666493402e-05
0;2;5;0;4.71196763101e-05;4.62694151793e-05
0;2;6;0;0.000124892219901;0.000122018253023
0;2;7;0;0.000290809053695;0.000290639814921
0;2;8;0;3.51763483195e-05;3.5115488572e-05
0;2;9;0;4.39654832007e-05;4.33614768554e-05
0;2;10;0;1.43306224345e-05;1.43027327795e-05
0;2;11;0;1.07067417048e-05;1.05842764242e-05
0;2;12;0;3.31288356392e-05;3.31288356392e-05
0;2;13;0;1.18013149404e-05;1.18013149404e-05
0;2;14;0;1.83501651918e-05;1.83491702046e-05
0;2;15;0;1.75240711542e-05;1.74806973519e-05
0;2;16;0;1.63842069014e-05;1.63842069014e-05
0;2;17;0;1.1168891433e-05;1.1168891433e-05
0;3;0;0;0.000603274907917;0.000603268388659
0;3;1;0;0.000603620312177;0.000566785456613
0;3;2;0;0.000509379140567;0.000503626186401
0;3;3;0;0.000619582482614;0.000619558093604
0;3;4;0;0.000317849160638;0.000128047846374
0;3;5;0;0.000907204288524;0.00067012605723
0;3;6;0;0.000477476074593;0.000371468049707
0;3;7;0;0.000347036519088;0.000347018707544
0;3;8;0;0.000315314740874;0.000253314879956
0;3;9;0;0.000919681682717;0.00086903211195
0;3;10;0;0.000427281454904;0.000297976570437
0;3;11;0;0.000363604660379;0.000264257687377
0;3;12;0;0.000949426030274;0.000767710211221
0;3;13;0;0.000284597655991;0.00020487535221
0;3;14;0;0.000106888153823;8.81201776792e-05
0;3;15;0;0.000110348257294;0.000110346518341
0;3;16;0;0.000253687758232;0.000105173232441
0;3;17;0;0.000349764857674;0.000340026221238
0;4;0;0;0.00186264817603;0.00186119275168
0;4;1;0;0.00259198644198;0.00259192916565
0;4;2;0;0.00120364793111;0.00120364793111
0;4;3;0;0.000456651963759;0.000456381880213
0;4;4;0;0.00129834038671;0.00128771562595
0;4;5;0;0.00237379758619;0.00235998188145
0;4;6;0;0.00171685719397;0.00169873819686
0;4;7;0;0.000976453826297;0.000971322471742
0;4;8;0;0.00125731795561;0.00125682656653
0;4;9;0;0.00250659976155;0.0025063357316
0;4;10;0;0.000387596985092;0.000364561885362
0;4;11;0;0.0010981594678;0.00109721953049
0;4;12;0;0.00114933913574;0.0011493145721
0;4;13;0;0.00190907565411;0.00190898927394
0;4;14;0;0.000816548708826;0.000807213713415
0;4;15;0;0.00084755406715;0.000832640391309
0;4;16;0;0.0010810730746;0.00108102429658
0;4;17;0;0.000823122856673;0.000823082460556
0;5;0;0;2.16645139517e-06;2.16634884964e-06
0;5;1;0;3.74846706563e-07;3.7479992443e-07
0;5;2;0;4.2926708943e-07;3.37726959287e-07
0;5;3;0;7.61093801316e-08;7.08949556838e-08
0;5;4;0;0.00156499713194;0.00156497885473
0;5;5;0;0.00118699122686;0.00118696782738
0;5;6;0;0.000847095448989;0.000847095448989
0;5;7;0;0.000546768424101;0.000546768424101
0;5;8;0;0.000765881035477;0.000765871198382
0;5;9;0;0.00374834239483;0.00374802621081
0;5;10;0;0.00103523745202;0.00103523745202
0;5;11;0;0.000716760405339;0.000716760405339
0;5;12;0;0.000594630953856;0.000594630953856
0;5;13;0;0.000516592990607;0.000496803957503
0;5;14;0;0.00069002417149;0.000689984299242
0;5;15;0;0.000299268402159;0.000298225146253
0;5;16;0;0.000213281848119;0.000204612428206
0;5;17;0;0.000725031539332;0.000725031539332
0;6;0;0;1.45842577126e-07;1.45768311199e-07
0;6;1;0;4.37353584459e-08;4.37287042132e-08
0;6;2;0;1.56997415957e-07;1.56867940859e-07
0;6;3;0;1.1852193893e-08;1.18127747584e-08
0;6;4;0;1.517302195e-07;1.51704966811e-07
0;6;5;0;6.43150599444e-08;6.42949089524e-08
0;6;6;0;1.44231492527e-07;1.44202843444e-07
0;6;7;0;8.69166285611e-08;8.65311093889e-08
0;6;8;0;9.17427698255e-08;9.17217377605e-08
0;6;9;0;2.99909089563e-07;2.99892349176e-07
0;6;10;0;5.56807790986e-08;5.53879253573e-08
0;6;11;0;5.02347958786e-08;5.02088326471e-08
0;6;12;0;1.5057867131e-07;1.5042355983e-07
0;6;13;0;3.46560753428e-08;3.45890782683e-08
0;6;14;0;2.55121818782e-07;2.55114002812e-07
0;6;15;0;2.09671696894e-07;2.09430581322e-07
0;6;16;0;1.67295141296e-07;1.67050785649e-07
0;6;17;0;1.48557873558e-07;1.47997795352e-07
0;7;0;0;2.93119370554e-07;2.93097343729e-07
0;7;1;0;1.53004279468e-07;1.52951585619e-07
0;7;2;0;5.68532669831e-08;5.67705029653e-08
0;7;3;0;1.49437056507e-07;1.49411448547e-07
0;7;4;0;2.9836778026e-07;2.98346947147e-07
0;7;5;0;7.02631242078e-09;7.01925406688e-09
0;7;6;0;2.98351778838e-07;2.98321424452e-07
0;7;7;0;1.67039626575e-08;1.66786779943e-08
0;7;8;0;1.50610446781e-07;1.50604876126e-07
0;7;9;0;1.04560541558e-07;1.04517702937e-07
0;7;10;0;1.21265770758e-07;1.21187255786e-07
0;7;11;0;1.51621250666e-07;1.51589745201e-07
0;7;12;0;5.10420719024e-08;5.10231714657e-08
0;7;13;0;2.98536377841e-07;2.98467938364e-07
0;7;14;0;2.92317878348e-07;2.92288945047e-07
0;7;15;0;2.98604987847e-07;2.98517761621e-07
0;7;16;0;3.02775731598e-07;3.02631320892e-07
0;7;17;0;2.96813965406e-07;2.967816215e-07
0;8;0;0;7.17989436794e-08;7.17123569416e-08
0;8;1;0;5.5480072092e-08;5.54586208068e-08
0;8;2;0;3.06104254832e-07;3.06070944589e-07
0;8;3;0;3.68275010487e-08;3.68209036594e-08
0;8;4;0;1.49265318328e-07;1.4925603864e-07
0;8;5;0;8.89304008211e-09;8.87182505238e-09
0;8;6;0;2.04605754561e-08;2.04534664761e-08
0;8;7;0;1.45606406932e-07;1.45585573819e-07
0;8;8;0;2.16501501171e-08;2.16491482519e-08
0;8;9;0;1.49546650619e-07;1.49514647774e-07
0;8;10;0;5.1732751416e-08;5.16027647279e-08
0;8;11;0;2.12625330676e-08;2.12512993869e-08
0;8;12;0;4.17364489635e-08;4.15277909838e-08
0;8;13;0;1.4811448068e-07;1.48092041741e-07
0;8;14;0;2.43415438916e-08;2.43082158846e-08
0;8;15;0;1.59953060574e-07;1.5995281899e-07
0;8;16;0;4.53891800589e-07;4.53809377632e-07
0;8;17;0;5.77063641316e-09;5.7379727636e-09
0;9;0;0;7.58264988576e-08;7.58189528938e-08
0;9;1;0;8.75455441474e-07;8.75424746027e-07
0;9;2;0;8.11746545537e-08;8.11438383153e-08
0;9;3;0;5.39817754941e-08;5.39422373436e-08
0;9;4;0;7.04140816765e-08;7.04057470102e-08
0;9;5;0;3.00787803553e-07;3.00786837215e-07
0;9;6;0;1.04915585553e-07;1.04894603226e-07
0;9;7;0;2.96282109957e-07;2.96277022471e-07
0;9;8;0;1.53101183287e-07;1.53100430111e-07
0;9;9;0;2.99802934478e-07;2.99779998159e-07
0;9;10;0;1.10391518149e-07;1.10362741168e-07
0;9;11;0;1.51910555246e-07;1.51904615109e-07
0;9;12;0;4.65134668559e-08;4.6469242676e-08
0;9;13;0;8.03739723665e-08;8.03618505074e-08
0;9;14;0;9.79648788757e-08;9.79433707471e-08
0;9;15;0;1.11673756464e-07;1.11633639222e-07
0;9;16;0;1.51398481307e-07;1.51387496317e-07
0;9;17;0;1.41382329844e-07;1.41356721883e-07
1;0;0;0;7.83860832598e-06;7.83860832598e-06
1;0;1;0;4.95178619531e-06;4.95178619531e-06
1;0;2;0;3.40949259225e-06;3.40949259225e-06
1;0;3;0;4.11517066823e-06;4.11517066823e-06
1;0;4;0;3.29357681039e-06;3.29357681039e-06
1;0;5;0;2.9166819786e-06;2.9166819786e-06
1;0;6;0;3.44756654158e-06;3.44756654158e-06
1;0;7;0;3.74322689822e-06;3.74225987798e-06
1;0;8;0;2.46182798946e-06;2.46182798946e-06
1;0;9;0;3.24952247865e-06;3.24952247865e-06
1;0;10;0;1.94294898392e-06;1.94232325157e-06
1;0;11;0;1.8440363192e-06;1.84352131782e-06
1;0;12;0;3.96545829062e-06;3.96545829062e-06
1;0;13;0;1.86113572909e-06;1.86113572909e-06
1;0;14;0;2.67580026048e-06;2.67580026048e-06
1;0;15;0;1.74211163539e-06;1.74211163539e-06
1;0;16;0;1.8496660914e-06;1.8496660914e-06
1;0;17;0;2.31150988839e-06;2.31150988839e-06
1;1;0;0;1.16744758998e-05;1.16744758998e-05
1;1;1;0;1.26001677927e-05;1.26001677927e-05
1;1;2;0;7.49357332097e-06;7.49198215999e-06
1;1;3;0;8.08766071714e-06;8.08548611531e-06
1;1;4;0;1.02825870272e-05;1.02825870272e-05
1;1;5;0;7.50078424971e-06;7.50077333578e-06
1;1;6;0;8.34332695376e-06;8.34332695376e-06
1;1;7;0;7.72093699197e-06;7.72085877543e-06
1;1;8;0;6.60026989863e-06;6.60026989863e-06
1;1;9;0;7.94388961367e-06;7.94388961367e-06
1;1;10;0;5.33195816388e-06;5.33195816388e-06
1;1;11;0;4.60573892269e-06;4.60573892269e-06
1;1;12;0;7.53210451876e-06;7.53201129555e-06
1;1;13;0;3.57562657882e-06;3.57562657882e-06
1;1;14;0;6.97713267073e-06;6.97713267073e-06
1;1;15;0;5.4258102864e-06;5.4258102864e-06
1;1;16;0;4.97806649946e-06;4.97806649946e-06
1;1;17;0;4.46378771812e-06;4.46378771812e-06
1;2;0;0;0.000710164720658;0.000696222181432
1;2;1;0;0.000302087806631;0.00013486034004
1;2;2;0;0.00030681755743;0.000263780151727
1;2;3;0;0.000389832741348;0.000332814350259
1;2;4;0;2.19696848944e-05;2.19696848944e-05
1;2;5;0;4.65704470116e-05;4.65704470116e-05
1;2;6;0;4.43499448011e-05;4.12258923461e-05
1;2;7;0;0.000111904359073;0.000111904359073
1;2;8;0;1.20092299767e-05;1.20092299767e-05
1;2;9;0;3.02239695884e-05;2.99641724268e-05
1;2;10;0;1.08270287456e-05;1.07052137537e-05
1;2;11;0;7.43461714592e-06;7.41001622373e-06
1;2;12;0;1.68140541064e-05;1.68138267327e-05
1;2;13;0;8.72665259521e-06;8.72576947586e-06
1;2;14;0;1.12720863399e-05;1.12720863399e-05
1;2;15;0;1.21532602861e-05;1.21370949273e-05
1;2;16;0;1.20089889606e-05;1.197381971e-05
1;2;17;0;8.56412043504e-06;8.56203405419e-06
1;3;0;0;0.000828636344522;0.000828567368444
1;3;1;0;0.00171247764956;0.00171247764956
1;3;2;0;0.00103567098267;0.00102151918691
1;3;3;0;0.000744269054849;0.000744269054849
1;3;4;0;0.00132602534723;0.000951799796894
1;3;5;0;0.00128243491054;0.000531321042217
1;3;6;0;0.000863858731464;0.000437620852608
1;3;7;0;0.00201344816014;0.00200698547997
1;3;8;0;0.000566064845771;0.000561149558052
1;3;9;0;0.000562724948395;0.000273264653515
1;3;10;0;0.00306854303926;0.00189471547492
1;3;11;0;0.000982434721664;0.000904374348465
1;3;12;0;0.00672484748065;0.00666465889663
1;3;13;0;0.000604014028795;0.000547927920707
1;3;14;0;0.000396514573367;0.000393767462811
1;3;15;0;0.000517141597811;0.000104870610812
1;3;16;0;0.000214930449147;0.000115295719297
1;3;17;0;0.000727887498215;0.000709478743374
1;4;0;0;0.00217095506378;0.00216778740287
1;4;1;0;0.00393506605178;0.00393506605178
1;4;2;0;0.00100624165498;0.0010060260538
1;4;3;0;0.000427173741627;0.000422933808295
1;4;4;0;0.00141786993481;0.00141786993481
1;4;5;0;0.0033722219523;0.0033722219523
1;4;6;0;0.00129843084142;0.00128013326321
1;4;7;0;0.000978691037744;0.000968125881627
1;4;8;0;0.00317079317756;0.00316840992309
1;4;9;0;0.00297600706108;0.00297600706108
1;4;10;0;0.000612127245404;0.000603187305387
1;4;11;0;0.00109975575469;0.00109975575469
1;4;12;0;0.000981008866802;0.000978961936198
1;4;13;0;0.00201054732315;0.00200290884823
1;4;14;0;0.00101950229146;0.00101348967291
1;4;15;0;0.00222933501936;0.00222731404938
1;4;16;0;0.00159684941173;0.00159626384266
1;4;17;0;0.000923101615626;0.000922960287426
1;5;0;0;2.42154828811e-06;1.75647187461e-06
1;5;1;0;8.32586010802e-07;8.31659860978e-07
1;5;2;0;8.92674279385e-07;8.78670789461e-07
1;5;3;0;3.75950577336e-07;3.6423733718e-07
1;5;4;0;0.00106387375854;0.00106387375854
1;5;5;0;0.000761242758017;0.000761242758017
1;5;6;0;0.00100629974622;0.00100621418096
1;5;7;0;0.00042573796236;0.000425323727541
1;5;8;0;0.00154498778284;0.00154498778284
1;5;9;0;0.00392026314512;0.00392026314512
1;5;10;0;0.00106441718526;0.00106391008012
1;5;11;0;0.000838323147036;0.000838323147036
1;5;12;0;0.000599341583438;0.000599321851041
1;5;13;0;0.00064178428147;0.000636559911072
1;5;14;0;0.00128818419762;0.00128713040613
1;5;15;0;0.000429975305451;0.00042972288793
1;5;16;0;0.000266962102614;0.000264909729594
1;5;17;0;0.000666636740789;0.0006264251424
1;6;0;0;1.4492918865e-07;1.44723159679e-07
1;6;1;0;4.13293363977e-08;4.12528642357e-08
1;6;2;0;1.56754111913e-07;1.56707969268e-07
1;6;3;0;1.49332830546e-08;1.48988377191e-08
1;6;4;0;1.48792310029e-07;1.48666018163e-07
1;6;5;0;6.49696403343e-08;6.45326707627e-08
1;6;6;0;2.03618668593e-08;2.01965839608e-08
1;6;7;0;8.92483313919e-08;8.91400802061e-08
1;6;8;0;2.0497845199e-08;1.57083164254e-08
1;6;9;0;3.00396806097e-07;3.00176338897e-07
1;6;10;0;6.25419858125e-08;6.20747471203e-08
1;6;11;0;7.06113993942e-08;7.05762488451e-08
1;6;12;0;1.49699317831e-07;1.49506661273e-07
1;6;13;0;4.46432153467e-08;4.45999930321e-08
1;6;14;0;2.43492308982e-07;2.0679625834e-07
1;6;15;0;1.94298891643e-07;1.94013466626e-07
1;6;16;0;4.86156011448e-07;4.8615288506e-07
1;6;17;0;1.6321459384e-07;1.62739027587e-07
1;7;0;0;2.94017922897e-07;2.93993281275e-07
1;7;1;0;1.53676637638e-07;1.53509176926e-07
1;7;2;0;5.63188358171e-08;5.62712862973e-08
1;7;3;0;1.4928646408e-07;1.49269780536e-07
1;7;4;0;2.98325971926e-07;2.98290274259e-07
1;7;5;0;6.93107482519e-09;6.92569068761e-09
1;7;6;0;1.14148100749e-07;1.13930013868e-07
1;7;7;0;1.73437566531e-08;1.7323520396e-08
1;7;8;0;1.50554910761e-07;1.50493207229e-07
1;7;9;0;1.0237378234e-07;1.02301264349e-07
1;7;10;0;1.22567726635e-07;1.22508723166e-07
1;7;11;0;1.51645224378e-07;1.5160752298e-07
1;7;12;0;4.96006045125e-08;4.95821410595e-08
1;7;13;0;2.98670101984e-07;2.98610984828e-07
1;7;14;0;2.91616629511e-07;2.91529147489e-07
1;7;15;0;2.98352858863e-07;2.98271515931e-07
1;7;16;0;3.02700755128e-07;3.02590308365e-07
1;7;17;0;2.96887577633e-07;2.96829512081e-07
1;8;0;0;8.80187300822e-08;8.79771278051e-08
1;8;1;0;6.66853097187e-08;6.66770105795e-08
1;8;2;0;3.0626549119e-07;3.06250967697e-07
1;8;3;0;3.29859837223e-08;3.29823066636e-08
1;8;4;0;1.49354619339e-07;1.4933236514e-07
1;8;5;0;9.40282696149e-09;9.39356503693e-09
1;8;6;0;3.40606227667e-08;3.40581820524e-08
1;8;7;0;3.39731478505e-08;3.39705117369e-08
1;8;8;0;2.1730922839e-08;2.17242988043e-08
1;8;9;0;1.49816472117e-07;1.49797969584e-07
1;8;10;0;5.32441468692e-08;5.31915205215e-08
1;8;11;0;2.11772288594e-08;2.11713864218e-08
1;8;12;0;4.1211752233e-08;4.11330098871e-08
1;8;13;0;1.48127071498e-07;1.48114750687e-07
1;8;14;0;2.54284397982e-08;2.53761580638e-08
1;8;15;0;1.56937034035e-07;1.56925125339e-07
1;8;16;0;4.53497506214e-07;4.53477440487e-07
1;8;17;0;5.99019944758e-09;5.97541127689e-09
1;9;0;0;9.1016204351e-08;9.1006128855e-08
1;9;1;0;9.17409408885e-07;9.17378031318e-07
1;9;2;0;7.65427756733e-08;7.65198322483e-08
1;9;3;0;6.33372252423e-08;6.32832239944e-08
1;9;4;0;7.51200701643e-08;7.51038342628e-08
1;9;5;0;3.00614459547e-07;3.00612299498e-07
1;9;6;0;1.0665954342e-08;1.06588817772e-08
1;9;7;0;2.96290409096e-07;2.96285548984e-07
1;9;8;0;1.54684514087e-07;1.54681373488e-07
1;9;9;0;3.00271381093e-07;3.00264559883e-07
1;9;10;0;1.16612937973e-07;1.16598954492e-07
1;9;11;0;1.52333512915e-07;1.52328098579e-07
1;9;12;0;4.3256601856e-08;4.32385256488e-08
1;9;13;0;7.94489878331e-08;7.9441754508e-08
1;9;14;0;1.50457907466e-07;1.50431219481e-07
1;9;15;0;1.01978599787e-07;1.019153828e-07
1;9;16;0;1.51872356469e-07;1.51860035658e-07
1;9;17;0;1.40512966595e-07;1.40501597912e-07
2;0;0;0;5.46532191947e-06;5.46532191947e-06
2;0;1;0;3.65394771507e-06;3.65394771507e-06
2;0;2;0;2.7670118925e-06;2.76697619483e-06
2;0;3;0;3.0898361274e-06;3.08978974317e-06
2;0;4;0;2.30287218983e-06;2.30287218983e-06
2;0;5;0;1.87492776149e-06;1.87491502857e-06
2;0;6;0;3.25985524796e-06;3.25979840454e-06
2;0;7;0;2.72331385531e-06;2.72324859907e-06
2;0;8;0;1.91649633052e-06;1.91649633052e-06
2;0;9;0;2.44372608904e-06;2.44344596467e-06
2;0;10;0;1.75395484803e-06;1.75363436483e-06
2;0;11;0;1.79296955594e-06;1.79226026376e-06
2;0;12;0;2.58058776126e-06;2.58041063717e-06
2;0;13;0;1.70232931396e-06;1.70231885477e-06
2;0;14;0;1.99999726647e-06;1.99999726647e-06
2;0;15;0;1.38762334245e-06;1.38762050028e-06
2;0;16;0;1.53979021889e-06;1.5397840798e-06
2;0;17;0;2.02310707209e-06;2.02302157959e-06
2;1;0;0;8.17892032501e-06;8.17883028503e-06
2;1;1;0;7.59855038268e-06;7.59855038268e-06
2;1;2;0;5.73411625737e-06;5.72731369175e-06
2;1;3;0;5.13391569257e-06;5.09748588229e-06
2;1;4;0;7.3886917562e-06;7.3886917562e-06
2;1;5;0;4.64409595224e-06;4.64408140033e-06
2;1;6;0;6.41625319986e-06;6.41615997665e-06
2;1;7;0;4.81973120259e-06;4.8178230827e-06
2;1;8;0;4.69084761789e-06;4.69084761789e-06
2;1;9;0;5.46882120034e-06;5.46881801711e-06
2;1;10;0;4.00070530304e-06;4.00039789383e-06
2;1;11;0;3.35536151397e-06;3.35535060003e-06
2;1;12;0;4.55478129879e-06;4.54766632174e-06
2;1;13;0;3.6172370983e-06;3.61712773156e-06
2;1;14;0;4.96118855153e-06;4.96118855153e-06
2;1;15;0;3.83127371606e-06;3.83123506253e-06
2;1;16;0;3.66849690181e-06;3.66844847122e-06
2;1;17;0;3.37424557983e-06;3.37422852681e-06
2;2;0;0;0.000705162412487;0.000689897860866
2;2;1;0;0.000400049349992;0.000122023375297
2;2;2;0;0.000321684754454;4.96922366438e-05
2;2;3;0;0.000407900719438;9.50763569563e-05
2;2;4;0;1.00574661701e-05;1.0056195606e-05
2;2;5;0;3.61989295925e-05;3.61985985364e-05
2;2;6;0;2.89378167508e-05;2.66205152002e-05
2;2;7;0;1.39281473821e-05;1.00965044112e-05
2;2;8;0;8.93412470759e-06;8.92939715413e-06
2;2;9;0;1.829005123e-05;1.82405419764e-05
2;2;10;0;7.58250644139e-06;7.54813481763e-06
2;2;11;0;4.63409287477e-06;3.04868149215e-06
2;2;12;0;5.17830494573e-06;5.17749458595e-06
2;2;13;0;5.57262319489e-06;5.498405244e-06
2;2;14;0;8.15265320853e-06;8.15232124296e-06
2;2;15;0;8.28564043331e-06;8.26832365419e-06
2;2;16;0;8.2785527411e-06;8.24360085971e-06
2;2;17;0;5.51428138351e-06;5.47376885152e-06
2;3;0;0;0.00135140412021;0.00135099887848
2;3;1;0;0.00295616313815;0.00293074711226
2;3;2;0;0.00162133516278;0.00159671285655
2;3;3;0;0.00099371233955;0.000992255983874
2;3;4;0;0.00147886550985;0.00127068336587
2;3;5;0;0.00185356941074;0.000631433387753
2;3;6;0;0.00118912628386;0.000366747553926
2;3;7;0;0.00118273147382;0.000143118551932
2;3;8;0;0.00128866790328;0.00128849502653
2;3;9;0;0.00153746746946;0.00146248820238
2;3;10;0;0.00544499745592;0.00143073312938
2;3;11;0;0.0047569735907;0.0016308905324
2;3;12;0;0.00446978397667;0.00386640126817
2;3;13;0;0.000660728255752;0.000103325197415
2;3;14;0;0.000522485293914;0.000484721938847
2;3;15;0;0.000675869174302;0.000203494739253
2;3;16;0;0.00205937772989;0.000861297652591
2;3;17;0;0.000423807563493;0.000140419913805
2;4;0;0;0.00186840246897;0.0018679004861
2;4;1;0;0.00355589925312;0.00355574372225
2;4;2;0;0.00139846163802;0.00139309489168
2;4;3;0;0.00068754266249;0.000687164254487
2;4;4;0;0.00117393326946;0.0011718487367
2;4;5;0;0.00228256545961;0.00228241924196
2;4;6;0;0.00116818002425;0.00116811308544
2;4;7;0;0.00151539035141;0.00151125318371
2;4;8;0;0.00392907904461;0.00392907904461
2;4;9;0;0.00354659394361;0.00354659394361
2;4;10;0;0.000522935122717;0.000507155898958
2;4;11;0;0.00157018343452;0.00157014175784
2;4;12;0;0.00144407025073;0.00143271731213
2;4;13;0;0.00155499204993;0.00155485910363
2;4;14;0;0.00128954474349;0.00128954474349
2;4;15;0;0.00304000638425;0.0030398897361
2;4;16;0;0.00229126983322;0.00229121441953
2;4;17;0;0.00110988039523;0.0011048236629
2;5;0;0;1.0978269529e-06;8.37338518522e-07
2;5;1;0;9.28844372083e-07;9.26117365907e-07
2;5;2;0;5.97132270741e-07;5.89087676417e-07
2;5;3;0;1.87862497114e-06;3.65711571249e-07
2;5;4;0;0.00111019273754;0.00110959820449
2;5;5;0;0.000806493568234;0.00080544227967
2;5;6;0;0.000755306624342;0.000755306624342
2;5;7;0;0.000404858030379;0.000404858030379
2;5;8;0;0.00144013727549;0.00144013727549
2;5;9;0;0.00325714214705;0.00325714214705
2;5;10;0;0.000961702899076;0.000961702899076
2;5;11;0;0.000905789085664;0.000905717199203
2;5;12;0;0.00039581337478;0.00039581337478
2;5;13;0;0.000413766712882;0.000411281507695
2;5;14;0;0.00112906214781;0.00112902908586
2;5;15;0;0.00030074865208;0.000300715822959
2;5;16;0;0.000344457046594;0.000339738238836
2;5;17;0;0.00034772415529;0.000317611906212
2;6;0;0;1.4500733414e-07;1.44930979218e-07
2;6;1;0;4.25854764785e-08;4.24262296406e-08
2;6;2;0;1.57846500315e-07;1.56813200647e-07
2;6;3;0;1.73475314114e-08;9.69658486838e-09
2;6;4;0;1.48717958837e-07;1.486799448e-07
2;6;5;0;6.46002220606e-08;6.44797140126e-08
2;6;6;0;1.44305488448e-07;1.44209835184e-07
2;6;7;0;1.05261243277e-07;1.03493924541e-07
2;6;8;0;2.60276742381e-08;2.53310208365e-08
2;6;9;0;3.00260808217e-07;3.00126600905e-07
2;6;10;0;6.09074746194e-08;3.4505028168e-08
2;6;11;0;6.07366033023e-08;3.42765495986e-08
2;6;12;0;1.85797702557e-07;1.84645486456e-07
2;6;13;0;1.82864056342e-07;1.26821703361e-07
2;6;14;0;1.56322087719e-07;1.55146338443e-07
2;6;15;0;1.66846746197e-07;1.6681254067e-07
2;6;16;0;1.95347254817e-07;1.50700174117e-07
2;6;17;0;2.88253716008e-07;1.96079483317e-07
2;7;0;0;2.93774917282e-07;2.93732284717e-07
2;7;1;0;1.53347585297e-07;1.53211431098e-07
2;7;2;0;5.84199710829e-08;5.82915724578e-08
2;7;3;0;1.50842225821e-07;1.50787087705e-07
2;7;4;0;2.98373549867e-07;2.98311732649e-07
2;7;5;0;7.6751254241e-09;7.66107266514e-09
2;7;6;0;2.98473423754e-07;2.9841416449e-07
2;7;7;0;7.27764515318e-09;7.24972792909e-09
2;7;8;0;1.50585080405e-07;1.50474889438e-07
2;7;9;0;1.01992711166e-07;1.01724246804e-07
2;7;10;0;1.20902612366e-07;1.20842727824e-07
2;7;11;0;1.51549741645e-07;1.51511983404e-07
2;7;12;0;3.85582481499e-08;3.85509189016e-08
2;7;13;0;2.99220431543e-07;2.99200678455e-07
2;7;14;0;2.91703031507e-07;2.91672137109e-07
2;7;15;0;2.98860527437e-07;2.98626417816e-07
2;7;16;0;3.02745803538e-07;3.02410512631e-07
2;7;17;0;2.97049581377e-07;2.96963634128e-07
2;8;0;0;8.23368608849e-08;8.23046875098e-08
2;8;1;0;6.19744824348e-08;6.19597955165e-08
2;8;2;0;3.06478483481e-07;3.06450317566e-07
2;8;3;0;3.7775119921e-08;3.77696025566e-08
2;8;4;0;1.49226480062e-07;1.49195571453e-07
2;8;5;0;1.2318451148e-08;1.22946373082e-08
2;8;6;0;2.67635869022e-08;2.67434536738e-08
2;8;7;0;1.12418705456e-08;1.12290381438e-08
2;8;8;0;1.98972998078e-08;1.98911553895e-08
2;8;9;0;1.49754200152e-07;1.49744096234e-07
2;8;10;0;5.1685042024e-08;5.15124440881e-08
2;8;11;0;2.2955289225e-08;2.29406449392e-08
2;8;12;0;2.78102874063e-08;2.77923408731e-08
2;8;13;0;1.48316914306e-07;1.4828223982e-07
2;8;14;0;2.42179378773e-08;2.4158463674e-08
2;8;15;0;1.57066381234e-07;1.57059020012e-07
2;8;16;0;4.53589080962e-07;4.53512257081e-07
2;8;17;0;5.62344304456e-09;5.54138379627e-09
2;9;0;0;8.75132073475e-08;8.74946408658e-08
2;9;1;0;9.13045312245e-07;9.12988241453e-07
2;9;2;0;7.16037007464e-08;7.15654664418e-08
2;9;3;0;5.33265804847e-08;5.33012673998e-08
2;9;4;0;7.46833563881e-08;7.46800949969e-08
2;9;5;0;3.00547185361e-07;3.00539170439e-07
2;9;6;0;1.03646542016e-07;1.03611938584e-07
2;9;7;0;2.95180569765e-07;2.95173578024e-07
2;9;8;0;1.54769409733e-07;1.54765317006e-07
2;9;9;0;3.00446600932e-07;2.99962607642e-07
2;9;10;0;1.20438770068e-07;1.20415208471e-07
2;9;11;0;1.53002844172e-07;1.52996406655e-07
2;9;12;0;2.37417534521e-08;2.36790089758e-08
2;9;13;0;6.54663878663e-08;6.54578826698e-08
2;9;14;0;1.46622241459e-07;1.46613260199e-07
2;9;15;0;1.06172059589e-07;1.06039969694e-07
2;9;16;0;1.52298824219e-07;1.52290482447e-07
2;9;17;0;1.25004859797e-07;1.24990464201e-07
