0;0;0;0;3.14474596053e-06;3.14468798024e-06
0;0;1;0;3.12210977427e-06;3.12210977427e-06
0;0;2;0;3.01087311527e-06;3.01087061416e-06
0;0;3;0;3.39326629728e-06;3.39326629728e-06
0;0;4;0;2.42485680246e-06;2.42478949986e-06
0;0;5;0;2.13833413909e-06;2.13833413909e-06
0;0;6;0;3.61326374332e-06;3.61326237908e-06
0;0;7;0;3.09383881358e-06;3.09383722197e-06
0;0;8;0;1.98760722014e-06;1.98755333258e-06
0;0;9;0;2.17458864427e-06;2.16168223233e-06
0;0;10;0;1.81279267508e-06;1.81244729447e-06
0;0;11;0;1.87492400983e-06;1.87219688996e-06
0;0;12;0;2.97303472507e-06;2.97303472507e-06
0;0;13;0;1.70020916812e-06;1.70020916812e-06
0;0;14;0;1.88569561033e-06;1.8369122472e-06
0;0;15;0;1.35635173137e-06;1.35629511533e-06
0;0;16;0;1.5750528064e-06;1.57502211096e-06
0;0;17;0;2.12675377043e-06;2.12675377043e-06
0;1;0;0;4.68426014777e-06;4.68426014777e-06
0;1;1;0;4.80195876662e-06;4.80194694319e-06
0;1;2;0;5.52219535166e-06;5.52213805349e-06
0;1;3;0;7.06295031705e-06;7.06294758857e-06
0;1;4;0;4.20120113631e-06;4.2011943151e-06
0;1;5;0;4.23626352131e-06;4.23626261181e-06
0;1;6;0;8.05427407613e-06;8.05427407613e-06
0;1;7;0;6.64274830342e-06;6.64274830342e-06
0;1;8;0;3.39127996085e-06;3.39121925208e-06
0;1;9;0;3.79819039154e-06;3.79204630008e-06
0;1;10;0;4.39516861661e-06;4.39485029347e-06
0;1;11;0;3.84131089959e-06;3.84118948205e-06
0;1;12;0;6.73047316013e-06;6.73042131893e-06
0;1;13;0;2.09917470784e-06;2.0991508336e-06
0;1;14;0;3.1239069358e-06;3.12390102408e-06
0;1;15;0;2.92443019134e-06;2.92442746286e-06
0;1;16;0;3.82333837479e-06;3.82333837479e-06
0;1;17;0;3.51440394297e-06;3.5144037156e-06
0;2;0;0;1.26216218632e-05;1.25619581013e-05
0;2;1;0;1.2884640455e-05;1.28494584715e-05
0;2;2;0;1.09925695142e-05;1.06043335109e-05
0;2;3;0;1.19935948533e-05;1.19094602269e-05
0;2;4;0;1.18917268992e-05;1.18905481941e-05
0;2;5;0;1.31436763695e-05;1.31436418087e-05
0;2;6;0;1.97845529328e-05;1.97841964109e-05
0;2;7;0;1.1814604477e-05;1.18097041195e-05
0;2;8;0;1.06425432023e-05;1.06425432023e-05
0;2;9;0;1.08132626337e-05;1.08132571768e-05
0;2;10;0;8.78326954989e-06;8.78306582308e-06
0;2;11;0;8.09289031167e-06;8.09197445051e-06
0;2;12;0;1.03093334474e-05;1.02964195321e-05
0;2;13;0;7.67100209487e-06;7.67091751186e-06
0;2;14;0;4.75050046589e-06;4.75022034152e-06
0;2;15;0;7.42905558582e-06;7.42899419492e-06
0;2;16;0;7.995246051e-06;7.99523513706e-06
0;2;17;0;7.42775864637e-06;7.42771044315e-06
0;3;0;0;0.000357494456694;0.000341324717738
0;3;1;0;0.000701618904714;0.000347493507434
0;3;2;0;0.000354124320438;0.000103659935121
0;3;3;0;0.000236877938733;2.94991277769e-05
0;3;4;0;0.000349953566911;0.000349636771716
0;3;5;0;0.00022659622482;0.000226530057262
0;3;6;0;0.000210089739994;0.000152621374582
0;3;7;0;0.000100468118035;4.91554310429e-05
0;3;8;0;0.000126974060549;5.50241020392e-05
0;3;9;0;0.000353393552359;0.000353247480234
0;3;10;0;7.74765721872e-05;5.81496569794e-05
0;3;11;0;8.54660320329e-05;5.40775363334e-05
0;3;12;0;0.000100468590972;7.89184778114e-05
0;3;13;0;3.9405113057e-05;3.38981008099e-05
0;3;14;0;1.3412412045e-05;1.33405155793e-05
0;3;15;0;3.50582922692e-05;5.36198240297e-06
0;3;16;0;8.24265225674e-05;7.93780054664e-05
0;3;17;0;1.30388589241e-05;1.30365597215e-05
0;4;0;0;0.000348375178874;0.000348372326698
0;4;1;0;0.00065527157858;0.000655271520372
0;4;2;0;0.000196713168407;0.000186135905096
0;4;3;0;0.000168576778378;0.000168379265233
0;4;4;0;0.000336956960382;0.000336952216458
0;4;5;0;0.000295773381367;0.000295770936646
0;4;6;0;0.000106609018985;0.000106601313746
0;4;7;0;9.00094673852e-05;9.00094164535e-05
0;4;8;0;0.000411125540268;0.000411108892877
0;4;9;0;0.00029999515391;0.00029999515391
0;4;10;0;7.90892154328e-05;3.48211324308e-05
0;4;11;0;0.000145531521412;0.000145187266753
0;4;12;0;0.000175370048964;0.000175368913915
0;4;13;0;6.17364930804e-05;5.95325727772e-05
0;4;14;0;0.000369122426491;0.000324413063936
0;4;15;0;0.00266420701519;0.000244081355049
0;4;16;0;0.000518592307344;0.000169238264789
0;4;17;0;0.00023310467077;3.80979545298e-05
0;5;0;0;0.000514155020937;0.000505757634528
0;5;1;0;0.000657612166833;0.000657599477563
0;5;2;0;0.000173133652424;0.000173130116309
0;5;3;0;0.000181626892299;0.000173397231265
0;5;4;0;0.00051924912259;0.000504509836901
0;5;5;0;0.000501900911331;0.00050147715956
0;5;6;0;0.000200039590709;0.00018937693676
0;5;7;0;0.000290189142106;0.000288207636913
0;5;8;0;0.000773898325861;0.000773898325861
0;5;9;0;0.000947818509303;0.000901944644284
0;5;10;0;8.9807290351e-05;4.85011369165e-05
0;5;11;0;0.000171089792275;0.000171089792275
0;5;12;0;0.000391709851101;0.000391617446439
0;5;13;0;0.000191905113752;0.000191818849999
0;5;14;0;0.000362987222616;0.000362405728083
0;5;15;0;0.00129025615752;0.0012902560411
0;5;16;0;0.000345211621607;0.000345211621607
0;5;17;0;0.000174231652636;0.000173375490704
0;6;0;0;0.000747020414565;0.000747017445974
0;6;1;0;1.90068858501e-05;1.9005872673e-05
0;6;2;0;2.46998806688e-05;2.46882009378e-05
0;6;3;0;9.26657594391e-05;9.26614520722e-05
0;6;4;0;0.000105145722046;0.000105136583443
0;6;5;0;0.000138891831739;0.000138889125083
0;6;6;0;0.000105527680716;0.000105523824459
0;6;7;0;0.00017738644965;0.000177381851245
0;6;8;0;6.04195956839e-05;6.02999134571e-05
0;6;9;0;0.000196314533241;0.000196304259589
0;6;10;0;0.000117393807159;0.000117393763503
0;6;11;0;6.65877669235e-05;6.65877596475e-05
0;6;12;0;9.30542300921e-05;9.20315578696e-05
0;6;13;0;3.96721261495e-05;3.95198912884e-05
0;6;14;0;0.000283341796603;0.000279402680462
0;6;15;0;9.20424499782e-05;9.20390812098e-05
0;6;16;0;0.000217807100853;0.000217227076064
0;6;17;0;0.000173297987203;0.000172864165506
0;7;0;0;2.93242976568e-07;2.9309171623e-07
0;7;1;0;1.55093630383e-07;1.54807409558e-07
0;7;2;0;6.00927165806e-08;6.00169443032e-08
0;7;3;0;1.49291253138e-07;1.49237393998e-07
0;7;4;0;2.98508695096e-07;2.98151945799e-07
0;7;5;0;6.54027676461e-09;6.50593534601e-09
0;7;6;0;2.98389494446e-07;2.98261682019e-07
0;7;7;0;2.12093169694e-08;2.11405755124e-08
0;7;8;0;1.66607762253e-07;1.66595867768e-07
0;7;9;0;1.47411213902e-07;1.44027396232e-07
0;7;10;0;1.58376622039e-07;1.57843743409e-07
0;7;11;0;1.72471956716e-07;1.72425842493e-07
0;7;12;0;7.94451011643e-08;7.90934606698e-08
0;7;13;0;1.78745608537e-07;1.43050527868e-07
0;7;14;0;0.000190447768546;0.000190440274309
0;7;15;0;8.7398562755e-05;8.73974568094e-05
0;7;16;0;6.19877537247e-05;6.19861821178e-05
0;7;17;0;0.000125251739519;0.000125242266222
0;8;0;0;7.21395423398e-08;7.21208621712e-08
0;8;1;0;5.67806459628e-08;5.67316043032e-08
0;8;2;0;3.06160444552e-07;3.06143391526e-07
0;8;3;0;3.75542406061e-08;3.75531818975e-08
0;8;4;0;1.49241571989e-07;1.49224391066e-07
0;8;5;0;8.70212701898e-09;8.64869154071e-09
0;8;6;0;2.03793817377e-08;2.03736032489e-08
0;8;7;0;1.45611309676e-07;1.45571107169e-07
0;8;8;0;2.32600374517e-08;2.32500561026e-08
0;8;9;0;1.49808016658e-07;1.49733040189e-07
0;8;10;0;5.42763807232e-08;5.42230118583e-08
0;8;11;0;2.42389770477e-08;2.42187070398e-08
0;8;12;0;4.29661106693e-08;4.2718994564e-08
0;8;13;0;1.48103239894e-07;1.48075002926e-07
0;8;14;0;2.39292763382e-08;2.38799646723e-08
0;8;15;0;1.59583535719e-07;1.59583464665e-07
0;8;16;0;4.54133868288e-07;4.54065684607e-07
0;8;17;0;5.87850923495e-09;5.84491255395e-09
0;9;0;0;7.59517675419e-08;7.59388854021e-08
0;9;1;0;8.75855675986e-07;8.75755119978e-07
0;9;2;0;8.1361008597e-08;8.13497038621e-08
0;9;3;0;5.38789635129e-08;5.38023954277e-08
0;9;4;0;7.06942770989e-08;7.0684585296e-08
0;9;5;0;3.00780612861e-07;3.0077461588e-07
0;9;6;0;1.05169668529e-07;1.05132613726e-07
0;9;7;0;2.96292682833e-07;2.96278045653e-07
0;9;8;0;1.53219218646e-07;1.53218437049e-07
0;9;9;0;2.99728469599e-07;2.99707977547e-07
0;9;10;0;1.11099730304e-07;1.11077433473e-07
0;9;11;0;1.52018273525e-07;1.52006109033e-07
0;9;12;0;4.66621372652e-08;4.66216967254e-08
0;9;13;0;8.08413815889e-08;8.08252664797e-08
0;9;14;0;9.86718333706e-08;9.86560166893e-08
0;9;15;0;1.11738252428e-07;1.11613772447e-07
0;9;16;0;1.51470715082e-07;1.51448716679e-07
0;9;17;0;1.41802559028e-07;1.41757041661e-07
1;0;0;0;3.65029677596e-06;3.65025744031e-06
1;0;1;0;3.00115516438e-06;3.00115516438e-06
1;0;2;0;2.81435814031e-06;2.81435814031e-06
1;0;3;0;2.94407686852e-06;2.94407686852e-06
1;0;4;0;2.8536753689e-06;2.8536753689e-06
1;0;5;0;2.2885094495e-06;2.2885094495e-06
1;0;6;0;2.46337913268e-06;2.46332251663e-06
1;0;7;0;2.69324345936e-06;2.69324345936e-06
1;0;8;0;1.88207411611e-06;1.88207411611e-06
1;0;9;0;2.17813794734e-06;2.17811316361e-06
1;0;10;0;1.72974284851e-06;1.72925786046e-06
1;0;11;0;1.79947073775e-06;1.79943117473e-06
1;0;12;0;2.64160894403e-06;2.64153572971e-06
1;0;13;0;1.56463670464e-06;1.56462101586e-06
1;0;14;0;2.08429128179e-06;2.08420897252e-06
1;0;15;0;1.4651109268e-06;1.46500542542e-06
1;0;16;0;1.57530030265e-06;1.57481861152e-06
1;0;17;0;1.91980484487e-06;1.91980484487e-06
1;1;0;0;6.69527162245e-06;6.69527162245e-06
1;1;1;0;6.3460452111e-06;6.34561365587e-06
1;1;2;0;6.17324212726e-06;6.17324212726e-06
1;1;3;0;6.4095520429e-06;6.4095520429e-06
1;1;4;0;6.18864078206e-06;6.18864078206e-06
1;1;5;0;5.01483964399e-06;5.01482509208e-06
1;1;6;0;5.9939447965e-06;5.99387749389e-06
1;1;7;0;5.9912499637e-06;5.9912499637e-06
1;1;8;0;3.5265020415e-06;3.5265020415e-06
1;1;9;0;5.23947528563e-06;5.23943481312e-06
1;1;10;0;4.06817889598e-06;4.06817889598e-06
1;1;11;0;3.44503632732e-06;3.44503632732e-06
1;1;12;0;5.78163871978e-06;5.78163871978e-06
1;1;13;0;2.02314095077e-06;2.02310752684e-06
1;1;14;0;3.70202110389e-06;3.70202110389e-06
1;1;15;0;3.74216369892e-06;3.74216369892e-06
1;1;16;0;3.60944750355e-06;3.60944750355e-06
1;1;17;0;3.10979271489e-06;3.10979271489e-06
1;2;0;0;1.24373309518e-05;1.2428977243e-05
1;2;1;0;1.10166038212e-05;1.09783441076e-05
1;2;2;0;1.27259836518e-05;1.24951047837e-05
1;2;3;0;1.19417209135e-05;1.19416608868e-05
1;2;4;0;1.09730954136e-05;1.09726788651e-05
1;2;5;0;9.27638666326e-06;9.27638484427e-06
1;2;6;0;1.29050895339e-05;1.29050104078e-05
1;2;7;0;1.14610866149e-05;1.14597105494e-05
1;2;8;0;8.34660841065e-06;8.34657294035e-06
1;2;9;0;1.18989992188e-05;1.1898968296e-05
1;2;10;0;8.5532101366e-06;8.55253620102e-06
1;2;11;0;7.87946464698e-06;7.87893623055e-06
1;2;12;0;1.00003626358e-05;9.99948406388e-06
1;2;13;0;7.0353821684e-06;7.03522300682e-06
1;2;14;0;6.80363382344e-06;6.80363382344e-06
1;2;15;0;8.18388798507e-06;8.18387525214e-06
1;2;16;0;8.04786941444e-06;8.04786577646e-06
1;2;17;0;6.73859949529e-06;6.73855220157e-06
1;3;0;0;0.000158025562996;3.26302797475e-05
1;3;1;0;0.000292129960144;7.46698497096e-05
1;3;2;0;0.000223273571464;4.44089091616e-05
1;3;3;0;0.000165143384947;3.87334766856e-05
1;3;4;0;5.52438395971e-05;3.44777472492e-05
1;3;5;0;0.00011344372615;3.13726632157e-05
1;3;6;0;0.000126086408272;4.08389641962e-05
1;3;7;0;7.6930024079e-05;5.04989729961e-05
1;3;8;0;0.000166731420904;0.000162916068803
1;3;9;0;0.000459691334981;0.000455351051642
1;3;10;0;4.57345122413e-05;4.57345122413e-05
1;3;11;0;4.12441368098e-05;2.91021005978e-05
1;3;12;0;9.91704146145e-05;9.91700144368e-05
1;3;13;0;4.29142201028e-05;4.19747557316e-05
1;3;14;0;2.10939306271e-05;2.06669374165e-05
1;3;15;0;1.59268565767e-05;1.59215142048e-05
1;3;16;0;4.08785454056e-05;2.49183776759e-05
1;3;17;0;1.2752886505e-05;1.27518296722e-05
1;4;0;0;0.000128392028273;0.000128391417093
1;4;1;0;0.000483047537273;0.0004830325488
1;4;2;0;0.000198922440177;0.000198922440177
1;4;3;0;0.000165941382875;0.000165934994584
1;4;4;0;0.000121251192468;0.000121248114738
1;4;5;0;0.000158540002303;0.000158310969709
1;4;6;0;0.000104300859675;0.000104085716885
1;4;7;0;0.000101997422462;0.000101786834421
1;4;8;0;0.000174074302777;0.000169977967744
1;4;9;0;0.000149042069097;0.000149041879922
1;4;10;0;7.22628610674e-05;5.05223142682e-05
1;4;11;0;0.000119898009871;0.000119448042824
1;4;12;0;0.000161229152582;0.000161168427439
1;4;13;0;6.51391965221e-05;5.64656438655e-05
1;4;14;0;0.000266094255494;2.77133603959e-05
1;4;15;0;0.000227123047807;8.93287433428e-05
1;4;16;0;0.000172865999048;8.86053385329e-05
1;4;17;0;0.000201625662157;4.08378873544e-05
1;5;0;0;0.000328759517288;0.000327945250319
1;5;1;0;0.00102528615389;0.000982892466709
1;5;2;0;0.000181683673873;0.000176845293026
1;5;3;0;0.000250232522376;0.00023856095504
1;5;4;0;0.000287163478788;0.000280141917756
1;5;5;0;0.000765647389926;0.000751362065785
1;5;6;0;0.000603159074672;0.000603154650889
1;5;7;0;0.000370387191651;0.000315942394082
1;5;8;0;0.000640518032014;0.000540146080311
1;5;9;0;0.0286485813558;0.00247601466253
1;5;10;0;0.000151344778715;0.000118115938676
1;5;11;0;0.000195338041522;0.000154791108798
1;5;12;0;0.000435324764112;0.000423077319283
1;5;13;0;0.000174983157194;0.000174110740772
1;5;14;0;0.000164061741089;0.000163868520758
1;5;15;0;0.00123226922005;0.0010811467655
1;5;16;0;0.00031366100302;0.000312607211526
1;5;17;0;0.000157824484631;0.000157816379215
1;6;0;0;0.000312458374538;0.000312456773827
1;6;1;0;6.84337373968e-06;6.8405388447e-06
1;6;2;0;3.21561456076e-05;3.21071238432e-05
1;6;3;0;0.00011238346633;0.000112378387712
1;6;4;0;0.000101626064861;0.000101623634691
1;6;5;0;0.000187337223906;0.000187336176168
1;6;6;0;0.000172895932337;0.000172893094714
1;6;7;0;0.000215918495087;0.000215911539271
1;6;8;0;0.000133418274345;0.000133417415782
1;6;9;0;0.000229695287999;0.000228793243878
1;6;10;0;0.000180224189535;0.000180219300091
1;6;11;0;0.000121594974189;0.000121569188195
1;6;12;0;0.000110126697109;0.000109676497232
1;6;13;0;4.2266852688e-05;3.96177856601e-05
1;6;14;0;0.000310800387524;0.000310798233841
1;6;15;0;0.000102549085568;0.000102433397842
1;6;16;0;0.000342115235981;0.000341213104548
1;6;17;0;0.000258532876614;0.000236435662373
1;7;0;0;2.93833181786e-07;2.93783131156e-07
1;7;1;0;1.53617520482e-07;1.53496742428e-07
1;7;2;0;5.90770952158e-08;5.90147450907e-08
1;7;3;0;1.49391908622e-07;1.4929477743e-07
1;7;4;0;2.97881427969e-07;2.97761459933e-07
1;7;5;0;6.07231687155e-09;5.96559690536e-09
1;7;6;0;1.28023359025e-07;1.27740435119e-07
1;7;7;0;2.26962413308e-08;2.26444267781e-08
1;7;8;0;1.9232861348e-07;1.92226892182e-07
1;7;9;0;1.08390210585e-07;1.08274541333e-07
1;7;10;0;1.60610269972e-07;1.59829994573e-07
1;7;11;0;1.72897344441e-07;1.7273121955e-07
1;7;12;0;7.83241276281e-08;7.80474067597e-08
1;7;13;0;2.45606997851e-07;1.35387239197e-07
1;7;14;0;0.000188350182725;0.00018834900402
1;7;15;0;9.44056300796e-05;9.44025741774e-05
1;7;16;0;7.53634376451e-05;7.53555141273e-05
1;7;17;0;0.000152425287524;0.000152424487169
1;8;0;0;8.83493456172e-08;8.82654660472e-08
1;8;1;0;6.55796483784e-08;6.5569267349e-08
1;8;2;0;3.06342855083e-07;3.06323158838e-07
1;8;3;0;3.34129062196e-08;3.34070620056e-08
1;8;4;0;1.49336429445e-07;1.49297363805e-07
1;8;5;0;1.05350315138e-08;1.05127870853e-08
1;8;6;0;3.38579226877e-08;3.38539472011e-08
1;8;7;0;3.41225288025e-08;3.41162085249e-08
1;8;8;0;2.19172875404e-08;2.1907986536e-08
1;8;9;0;1.49540568373e-07;1.49502469071e-07
1;8;10;0;5.55111441258e-08;5.54404167019e-08
1;8;11;0;2.49662708285e-08;2.49644429573e-08
1;8;12;0;4.23212505041e-08;4.21343528956e-08
1;8;13;0;1.48101591435e-07;1.48072444972e-07
1;8;14;0;2.40789539419e-08;2.39771633659e-08
1;8;15;0;1.56963963605e-07;1.56941865725e-07
1;8;16;0;4.5394452286e-07;4.53861758842e-07
1;8;17;0;6.20361273462e-09;6.17700246508e-09
1;9;0;0;9.08547121981e-08;9.08106798647e-08
1;9;1;0;9.16914302707e-07;9.16864451028e-07
1;9;2;0;7.65393082247e-08;7.64385887919e-08
1;9;3;0;6.33970813624e-08;6.33091303825e-08
1;9;4;0;7.57156186637e-08;7.56721760808e-08
1;9;5;0;3.00605080383e-07;3.00594990676e-07
1;9;6;0;1.05714885734e-08;1.05526272165e-08
1;9;7;0;2.96305842085e-07;2.96293904967e-07
1;9;8;0;1.54973122335e-07;1.54967139565e-07
1;9;9;0;3.00249325846e-07;3.00061572034e-07
1;9;10;0;1.17152573864e-07;1.17110197095e-07
1;9;11;0;1.52668235387e-07;1.52660831532e-07
1;9;12;0;4.33874802752e-08;4.33559428359e-08
1;9;13;0;7.95039838408e-08;7.949848424e-08
1;9;14;0;1.50671226606e-07;1.50628835627e-07
1;9;15;0;1.02528311174e-07;1.02401294555e-07
1;9;16;0;1.51920858116e-07;1.5189382907e-07
1;9;17;0;1.40288534567e-07;1.40286047667e-07
2;0;0;0;3.07340610561e-06;3.07336267724e-06
2;0;1;0;2.52219251706e-06;2.52216295848e-06
2;0;2;0;2.70617510978e-06;2.70616419584e-06
2;0;3;0;3.1698600651e-06;3.16984301207e-06
2;0;4;0;2.28919748224e-06;2.28919748224e-06
2;0;5;0;2.24884274758e-06;2.24884115596e-06
2;0;6;0;3.25927067024e-06;3.25919518218e-06
2;0;7;0;2.78906009044e-06;2.78903689832e-06
2;0;8;0;1.5413706933e-06;1.5413706933e-06
2;0;9;0;1.95319194063e-06;1.95312668438e-06
2;0;10;0;1.79272103651e-06;1.79155813385e-06
2;0;11;0;1.84689099569e-06;1.84682846793e-06
2;0;12;0;2.62701610154e-06;2.62701450993e-06
2;0;13;0;1.77665242518e-06;1.7766470819e-06
2;0;14;0;1.46778393173e-06;1.46778393173e-06
2;0;15;0;1.04192565686e-06;1.04191656192e-06
2;0;16;0;1.54097722316e-06;1.54097222094e-06
2;0;17;0;2.10219673136e-06;2.10213124774e-06
2;1;0;0;5.37160531167e-06;5.3715989452e-06
2;1;1;0;4.99142061017e-06;4.99111138197e-06
2;1;2;0;5.20497769685e-06;5.20383491676e-06
2;1;3;0;5.47688887309e-06;5.47344825463e-06
2;1;4;0;5.03473575009e-06;5.03473575009e-06
2;1;5;0;3.97120629714e-06;3.97120629714e-06
2;1;6;0;5.50940922039e-06;5.50936783839e-06
2;1;7;0;5.05597290612e-06;5.05573007104e-06
2;1;8;0;2.98481609207e-06;2.98481609207e-06
2;1;9;0;4.45295972895e-06;4.45295972895e-06
2;1;10;0;4.06609387937e-06;4.0659519982e-06
2;1;11;0;3.46268438989e-06;3.46267461282e-06
2;1;12;0;4.74926127936e-06;4.74891476188e-06
2;1;13;0;3.74702904082e-06;3.74688374905e-06
2;1;14;0;3.06865263155e-06;3.06865263155e-06
2;1;15;0;2.3441959911e-06;2.34417166212e-06
2;1;16;0;3.62367291018e-06;3.62365881301e-06
2;1;17;0;3.4891515952e-06;3.48914250026e-06
2;2;0;0;9.93786488834e-06;9.93772209767e-06
2;2;1;0;8.27510666568e-06;8.27380517876e-06
2;2;2;0;8.10791607364e-06;7.83818541095e-06
2;2;3;0;7.50830986362e-06;7.50398930904e-06
2;2;4;0;8.96129586181e-06;8.96125766303e-06
2;2;5;0;8.36705839902e-06;8.36705658003e-06
2;2;6;0;1.07032919914e-05;1.07027872218e-05
2;2;7;0;7.55046312406e-06;7.52963569539e-06
2;2;8;0;6.9540324148e-06;6.95402559359e-06
2;2;9;0;9.16046883503e-06;9.16039334697e-06
2;2;10;0;6.6854859142e-06;6.68401753501e-06
2;2;11;0;6.01313649895e-06;6.01139618084e-06
2;2;12;0;7.19458603271e-06;7.15555279385e-06
2;2;13;0;6.07366291661e-06;6.07313313594e-06
2;2;14;0;5.48283242097e-06;5.48277284906e-06
2;2;15;0;5.66284825254e-06;5.660795523e-06
2;2;16;0;6.51798745821e-06;6.51724531053e-06
2;2;17;0;5.94372295382e-06;5.94345601712e-06
2;3;0;0;9.56774529186e-05;3.69839326595e-05
2;3;1;0;0.000237018990447;9.94491201709e-05
2;3;2;0;0.000170721454197;6.12188378e-05
2;3;3;0;9.57185329753e-05;3.81448335247e-05
2;3;4;0;4.240486669e-05;4.240486669e-05
2;3;5;0;8.94204276847e-05;3.40307997249e-05
2;3;6;0;7.67412348068e-05;5.05311836605e-05
2;3;7;0;7.17860166333e-05;3.91155008401e-05
2;3;8;0;0.00010948113777;0.000109480984975
2;3;9;0;0.000198118024855;0.000195646993234
2;3;10;0;2.59397293121e-05;1.59645114763e-05
2;3;11;0;2.61712029896e-05;8.33581816551e-06
2;3;12;0;4.58445501863e-05;3.60239864676e-05
2;3;13;0;9.89609634416e-06;5.80372170589e-06
2;3;14;0;1.71648880496e-05;1.70762505149e-05
2;3;15;0;1.11296203613e-05;1.11296203613e-05
2;3;16;0;1.99368423637e-05;1.73665994225e-05
2;3;17;0;7.30006104277e-06;7.29517614673e-06
2;4;0;0;0.000135122259962;0.00013510340068
2;4;1;0;0.000492331804708;0.000492331688292
2;4;2;0;0.000227768789046;0.000222416972974
2;4;3;0;0.000168358354131;0.000168335827766
2;4;4;0;0.000115933638881;0.000115928167361
2;4;5;0;0.000155258385348;0.000155258356244
2;4;6;0;0.000103559577838;0.000103559505078
2;4;7;0;6.13965603407e-05;6.13965457887e-05
2;4;8;0;0.000144756049849;0.000144756049849
2;4;9;0;0.000139353942359;0.000139333613333
2;4;10;0;8.93234537216e-05;8.48035997478e-05
2;4;11;0;0.000164167315233;0.000162885844475
2;4;12;0;0.000101063858892;9.85802835203e-05
2;4;13;0;7.77644963819e-05;4.49710423709e-05
2;4;14;0;0.000211458813283;2.04009847948e-05
2;4;15;0;0.000318721460644;8.3794206148e-05
2;4;16;0;0.000259986059973;6.31398725091e-05
2;4;17;0;0.000117910603876;3.93317241105e-05
2;5;0;0;0.000529680342879;0.00049107032828
2;5;1;0;0.000783279770985;0.000769595848396
2;5;2;0;0.000231208046898;0.000231207857723
2;5;3;0;0.000173399617779;0.000152862310642
2;5;4;0;0.000914126459975;0.000616624078248
2;5;5;0;0.000814283033833;0.000796319392975
2;5;6;0;0.000791028665844;0.000439731695224
2;5;7;0;0.000177559195436;0.000177526162588
2;5;8;0;0.00133719923906;0.000541878805961
2;5;9;0;0.0147049780935;0.00228268536739
2;5;10;0;0.00203276565298;0.00131773669273
2;5;11;0;0.00192236329895;0.00106157024857
2;5;12;0;0.000211185935768;0.000211185921216
2;5;13;0;0.000176310597453;0.000176310451934
2;5;14;0;0.000167736667208;0.000165264995303
2;5;15;0;0.00164006871637;0.00164006871637
2;5;16;0;0.000524138857145;0.000524138857145
2;5;17;0;0.000170699015143;0.000170551225892
2;6;0;0;0.000371967500541;0.000371964415535
2;6;1;0;4.56120960735e-06;4.55829558632e-06
2;6;2;0;9.60395664151e-06;9.60126544669e-06
2;6;3;0;7.71688282839e-05;7.71370978327e-05
2;6;4;0;0.000110539513116;0.000110532782855
2;6;5;0;0.000114269911137;0.000114262918942
2;6;6;0;9.71006884356e-05;9.70986948232e-05
2;6;7;0;0.000117990290164;0.000117984149256
2;6;8;0;0.000227787706535;0.000227787706535
2;6;9;0;0.000285250338493;0.000285187998088
2;6;10;0;0.00012560551113;0.00012560551113
2;6;11;0;6.96670249454e-05;6.96600618539e-05
2;6;12;0;5.58174906473e-05;5.5817028624e-05
2;6;13;0;5.43162896065e-05;5.43155802006e-05
2;6;14;0;0.000404304330004;0.000404304271797
2;6;15;0;0.000120050310215;0.000117345756735
2;6;16;0;0.000378796714358;0.000378796394216
2;6;17;0;0.000164594777743;0.000149883504491
2;7;0;0;2.93772387749e-07;2.93706591492e-07
2;7;1;0;1.53625379085e-07;1.5345405302e-07
2;7;2;0;5.86226427401e-08;5.84452877206e-08
2;7;3;0;1.50601096038e-07;1.50582550873e-07
2;7;4;0;2.97852039921e-07;2.97693588891e-07
2;7;5;0;6.01324767757e-09;5.98816329855e-09
2;7;6;0;2.98468648907e-07;2.98363715956e-07
2;7;7;0;6.76516398457e-09;6.67101529572e-09
2;7;8;0;1.93892304878e-07;1.93574166474e-07
2;7;9;0;1.22755906773e-07;1.21615315152e-07
2;7;10;0;1.55147688474e-07;1.5503405848e-07
2;7;11;0;1.60907958957e-07;1.60779336511e-07
2;7;12;0;6.4508384412e-08;6.44605435696e-08
2;7;13;0;1.89445842125e-07;1.87015388065e-07
2;7;14;0;0.000178013200639;0.000177996756975
2;7;15;0;9.66957450146e-05;9.6690186183e-05
2;7;16;0;3.25401633745e-05;3.25246946886e-05
2;7;17;0;8.29794444144e-05;8.29773271107e-05
2;8;0;0;8.27158004313e-08;8.26635471185e-08
2;8;1;0;6.36242489804e-08;6.35879615629e-08
2;8;2;0;3.06428688646e-07;3.06413255657e-07
2;8;3;0;3.77474016489e-08;3.77405697805e-08
2;8;4;0;1.49226494273e-07;1.49162360685e-07
2;8;5;0;1.19078329419e-08;1.1878552364e-08
2;8;6;0;2.61814143698e-08;2.61668109403e-08
2;8;7;0;1.11752234133e-08;1.11681552895e-08
2;8;8;0;1.98569676257e-08;1.98554843678e-08
2;8;9;0;1.49727028997e-07;1.49715461362e-07
2;8;10;0;5.35748476693e-08;5.35381765587e-08
2;8;11;0;2.30245955635e-08;2.30109264976e-08
2;8;12;0;2.79117458035e-08;2.78557088507e-08
2;8;13;0;1.48291277924e-07;1.4826045458e-07
2;8;14;0;2.26192966579e-08;2.25796341624e-08
2;8;15;0;1.57275422907e-07;1.57250440225e-07
2;8;16;0;4.53777715848e-07;4.53686340052e-07
2;8;17;0;5.5117661546e-09;5.4804578653e-09
2;9;0;0;8.7281094352e-08;8.72304113386e-08
2;9;1;0;9.12886889637e-07;9.12856478408e-07
2;9;2;0;7.16697456937e-08;7.1614600472e-08
2;9;3;0;5.34340216518e-08;5.34128119511e-08
2;9;4;0;7.47912380916e-08;7.47319077732e-08
2;9;5;0;3.00542978948e-07;3.00535447195e-07
2;9;6;0;1.03687817443e-07;1.03631045079e-07
2;9;7;0;2.95174686471e-07;2.95167552622e-07
2;9;8;0;1.54920016371e-07;1.54870676283e-07
2;9;9;0;3.00469281456e-07;3.00398227182e-07
2;9;10;0;1.21208884707e-07;1.21137958331e-07
2;9;11;0;1.53082339693e-07;1.53078701715e-07
2;9;12;0;2.3387979553e-08;2.33223058643e-08
2;9;13;0;6.56740510863e-08;6.56668390775e-08
2;9;14;0;1.46982685578e-07;1.46949076907e-07
2;9;15;0;1.06228441155e-07;1.05890002544e-07
2;9;16;0;1.52392047426e-07;1.52371882223e-07
2;9;17;0;1.25022381781e-07;1.24978399185e-07
