0;0;0;0;8.30969111121e-06;7.32718990548e-06
0;0;1;0;1.42678600241e-05;1.42678600241e-05
0;0;2;0;5.91935076955e-06;5.76601405555e-06
0;0;3;0;8.97204517969e-06;8.58839302964e-06
0;0;4;0;5.86692613069e-06;5.81038102609e-06
0;0;5;0;1.43974521052e-05;1.43974457387e-05
0;0;6;0;1.2472837625e-05;1.24718399093e-05
0;0;7;0;7.92360515334e-06;7.89807290857e-06
0;0;8;0;3.17786748383e-06;3.143634558e-06
0;0;9;0;5.1602169151e-06;4.85887221657e-06
0;0;10;0;2.51511892202e-06;2.49905360761e-06
0;0;11;0;2.38219581661e-06;2.25907751883e-06
0;0;12;0;8.22644415166e-06;8.01195801614e-06
0;0;13;0;6.25761049378e-06;6.25740858595e-06
0;0;14;0;2.40867075263e-06;2.3825923563e-06
0;0;15;0;2.64786854132e-06;2.64753998636e-06
0;0;16;0;2.57007013715e-06;2.56947532762e-06
0;0;17;0;6.00359499003e-06;5.97151029069e-06
0;1;0;0;0.00336823728867;0.000701962504536
0;1;1;0;0.000189435333596;0.000123187026475
0;1;2;0;0.000144653924508;0.000126102488139
0;1;3;0;0.000235762461671;0.000232326798141
0;1;4;0;4.16426373704e-05;1.14072763608e-05
0;1;5;0;6.63283644826e-05;4.77248868265e-05
0;1;6;0;0.000124539728859;0.000113459558634
0;1;7;0;9.68361709965e-05;9.68361709965e-05
0;1;8;0;2.27789878409e-05;8.08598997537e-06
0;1;9;0;2.49138356594e-05;2.23370916501e-05
0;1;10;0;2.80215790553e-05;1.52257716763e-05
0;1;11;0;1.96885430341e-05;1.27879393403e-05
0;1;12;0;3.58113720722e-05;3.46739579982e-05
0;1;13;0;1.095020707e-05;9.87158455246e-06
0;1;14;0;8.39622862259e-06;7.34759987608e-06
0;1;15;0;2.07566063182e-05;2.06879194593e-05
0;1;16;0;1.11452354759e-05;1.07553505586e-05
0;1;17;0;9.25937729335e-06;8.98015605344e-06
0;2;0;0;0.000480658665765;0.000480069371406
0;2;1;0;0.00131164642517;0.00129748764448
0;2;2;0;0.00166603119578;0.00166023534257
0;2;3;0;9.53357448452e-05;9.53306735028e-05
0;2;4;0;0.000629757530987;0.000561350956559
0;2;5;0;0.000492691353429;0.000465416145744
0;2;6;0;0.000357515062205;0.000328357127728
0;2;7;0;0.000191563056433;0.000184137650649
0;2;8;0;0.000402083300287;0.000250615878031
0;2;9;0;0.000424801604822;0.000379148143111
0;2;10;0;0.000417205679696;0.000391698704334
0;2;11;0;0.000249757518759;0.000195915767108
0;2;12;0;0.000175225170096;0.000174009575858
0;2;13;0;0.000386748753954;0.000367622094927
0;2;14;0;0.000191630344489;7.34550558263e-05
0;2;15;0;0.000126511105918;0.000126511105918
0;2;16;0;8.49015632411e-05;5.34351675014e-05
0;2;17;0;0.000326419598423;0.000324528635247
0;3;0;0;0.00177597347647;0.00177561701275
0;3;1;0;0.00381509866565;0.00381507864222
0;3;2;0;0.00221860804595;0.00221860781312
0;3;3;0;0.000446158228442;0.000437175389379
0;3;4;0;0.00105073477607;0.00102600082755
0;3;5;0;0.00297068851069;0.00297068851069
0;3;6;0;0.00258709513582;0.00258707534522
0;3;7;0;0.00296463165432;0.00295801344328
0;3;8;0;0.00140953622758;0.0014095006045
0;3;9;0;0.00274011096917;0.00274011096917
0;3;10;0;0.000581584346946;0.000568723713513
0;3;11;0;0.00175315490924;0.00174213049468
0;3;12;0;0.00202536419965;0.00201549101621
0;3;13;0;0.000300721498206;0.000299527309835
0;3;14;0;0.000403032056056;0.000402220903197
0;3;15;0;0.00174221280031;0.00172894063871
0;3;16;0;0.00211867177859;0.00210482976399
0;3;17;0;0.000151336265844;0.000151319283759
0;4;0;0;0.00166615191847;0.00166615191847
0;4;1;0;0.000378315628041;0.000378314463887
0;4;2;0;9.36263677431e-05;9.13009571377e-05
0;4;3;0;0.000475512642879;0.000475435343105
0;4;4;0;0.00123269041069;0.00123000040185
0;4;5;0;0.000613081618212;0.000613058044109
0;4;6;0;0.000633649586234;0.000627586792689
0;4;7;0;0.00024610888795;0.000245597591856
0;4;8;0;0.00195281009655;0.0019527876284
0;4;9;0;0.00474534928799;0.00474532367662
0;4;10;0;0.000460747891339;0.000459565548226
0;4;11;0;0.00123132159933;0.00122785684653
0;4;12;0;0.000711588072591;0.000709305866621
0;4;13;0;0.000814704049844;0.000813350139651
0;4;14;0;0.001452840399;0.00140324526001
0;4;15;0;0.00276264338754;0.0022206613794
0;4;16;0;0.00188931927551;0.00188899121713
0;4;17;0;0.000858788494952;0.000858762010466
0;5;0;0;1.43917532114e-07;1.43904799188e-07
0;5;1;0;4.49276086556e-07;4.48677980103e-07
0;5;2;0;5.60568480523e-07;5.03463866153e-07
0;5;3;0;3.57485170355e-08;3.43014505688e-08
0;5;4;0;0.00104878318962;0.00104877992999
0;5;5;0;1.31585707663e-07;1.29648753955e-07
0;5;6;0;1.34101719595e-05;1.34073534355e-05
0;5;7;0;7.40390191822e-07;4.97359792462e-07
0;5;8;0;0.00108067900874;0.00108067784458
0;5;9;0;0.002603743691;0.00260373810306
0;5;10;0;0.000750338134822;0.000750318577047
0;5;11;0;0.000470801664051;0.000470772007247
0;5;12;0;0.000653675582726;0.000653675058857
0;5;13;0;0.000712518231012;0.000712518231012
0;5;14;0;0.000985115999356;0.000985112390481
0;5;15;0;9.725271957e-05;9.71267581917e-05
0;5;16;0;5.3972191381e-05;5.39655993634e-05
0;5;17;0;0.000598505488597;0.00059849669924
0;6;0;0;2.58713782841e-07;2.58699230926e-07
0;6;1;0;1.07024099805e-07;1.07012155581e-07
0;6;2;0;2.55747579558e-07;2.55724927456e-07
0;6;3;0;1.08102703678e-07;1.08090041806e-07
0;6;4;0;2.69036974032e-07;2.69029555966e-07
0;6;5;0;3.56808058655e-08;3.56697960058e-08
0;6;6;0;2.61238852772e-07;2.61192184325e-07
0;6;7;0;4.14382128611e-08;4.14044478703e-08
0;6;8;0;1.25013457364e-07;1.25012647345e-07
0;6;9;0;4.24942840027e-07;4.24931528187e-07
0;6;10;0;5.84755994737e-08;5.83919081976e-08
0;6;11;0;1.32899884875e-07;1.32863803515e-07
0;6;12;0;2.70819299431e-07;2.70763536037e-07
0;6;13;0;2.10195896244e-08;2.10042507831e-08
0;6;14;0;2.78478381688e-07;2.78453370584e-07
0;6;15;0;2.80115045825e-07;2.80083071402e-07
0;6;16;0;2.8995330581e-07;2.89887907456e-07
0;6;17;0;2.84228121927e-07;2.84004954665e-07
0;7;0;0;3.72032872065e-07;3.7202531189e-07
0;7;1;0;2.19682220859e-07;2.19656385525e-07
0;7;2;0;5.42720890451e-08;5.42424807293e-08
0;7;3;0;2.22460272425e-07;2.22439425102e-07
0;7;4;0;3.84960458177e-07;3.8495650756e-07
0;7;5;0;8.17671477193e-08;8.17631118366e-08
0;7;6;0;3.79582502319e-07;3.79572554721e-07
0;7;7;0;7.95516612584e-08;7.9522109786e-08
0;7;8;0;2.40547819885e-07;2.40544153485e-07
0;7;9;0;1.01257434437e-07;1.0124052352e-07
0;7;10;0;7.71192745219e-08;7.70994219579e-08
0;7;11;0;2.40244190763e-07;2.40228246184e-07
0;7;12;0;5.07065642807e-08;5.07038997455e-08
0;7;13;0;3.94845869778e-07;3.94838508555e-07
0;7;14;0;3.94478263388e-07;3.94470021092e-07
0;7;15;0;3.9261846041e-07;3.9260282847e-07
0;7;16;0;3.96147470383e-07;3.9611234115e-07
0;7;17;0;3.98801404344e-07;3.98788415623e-07
0;8;0;0;7.18320549709e-08;7.1826953274e-08
0;8;1;0;6.39081960685e-08;6.39032577965e-08
0;8;2;0;3.39832354257e-07;3.39828261531e-07
0;8;3;0;5.29056940479e-08;5.29048698183e-08
0;8;4;0;2.01731424454e-07;2.01729775995e-07
0;8;5;0;8.61251336914e-09;8.60782289891e-09
0;8;6;0;2.03954684252e-08;2.03919672259e-08
0;8;7;0;1.93895630218e-07;1.93889263755e-07
0;8;8;0;5.97088103405e-08;5.97077089992e-08
0;8;9;0;2.06707369443e-07;2.06702125638e-07
0;8;10;0;4.97316570147e-08;4.97231802399e-08
0;8;11;0;5.8332766173e-08;5.83254120556e-08
0;8;12;0;4.18115604361e-08;4.17456789137e-08
0;8;13;0;2.10453592331e-07;2.10443744209e-07
0;8;14;0;6.40906776539e-08;6.40822932496e-08
0;8;15;0;2.16158170474e-07;2.16158113631e-07
0;8;16;0;5.1315669225e-07;5.13142595082e-07
0;8;17;0;6.28125178537e-08;6.28003462566e-08
0;9;0;0;7.60431788649e-08;7.6042631747e-08
0;9;1;0;8.67472124355e-07;8.67465075771e-07
0;9;2;0;8.07948197235e-08;8.0785568457e-08
0;9;3;0;5.43700835465e-08;5.43613687398e-08
0;9;4;0;7.0469788227e-08;7.04688503106e-08
0;9;5;0;3.16106991249e-07;3.16106849141e-07
0;9;6;0;1.04722239769e-07;1.04719660499e-07
0;9;7;0;3.1078138818e-07;3.10779967094e-07
0;9;8;0;1.74965762767e-07;1.74965691713e-07
0;9;9;0;3.23401820879e-07;3.23398467117e-07
0;9;10;0;1.09698902406e-07;1.09696202344e-07
0;9;11;0;1.72858591441e-07;1.72857127723e-07
0;9;12;0;4.70820609166e-08;4.70692285148e-08
0;9;13;0;7.87035432381e-08;7.87003600067e-08
0;9;14;0;9.71857900822e-08;9.71845111053e-08
0;9;15;0;1.12015975162e-07;1.12009431064e-07
0;9;16;0;1.77169681592e-07;1.77165503601e-07
0;9;17;0;1.28430230006e-07;1.2842397723e-07
1;0;0;0;1.39270623549e-05;1.35269656312e-05
1;0;1;0;1.29877798827e-05;1.29863028633e-05
1;0;2;0;7.28625218471e-06;7.28360055291e-06
1;0;3;0;8.46204693516e-06;8.42082044983e-06
1;0;4;0;5.60697162655e-06;5.60593116461e-06
1;0;5;0;8.39501171868e-06;8.39499807626e-06
1;0;6;0;8.39148742671e-06;8.39148742671e-06
1;0;7;0;7.53497670303e-06;7.52844016461e-06
1;0;8;0;3.54303438144e-06;3.54203939423e-06
1;0;9;0;7.29266048438e-06;7.29266048438e-06
1;0;10;0;2.70149848802e-06;2.7014857551e-06
1;0;11;0;2.38779693973e-06;2.38693678511e-06
1;0;12;0;7.29526118448e-06;7.24520668882e-06
1;0;13;0;6.32492219665e-06;6.32492219665e-06
1;0;14;0;4.23825122198e-06;4.22981429438e-06
1;0;15;0;2.94308210869e-06;2.94294227388e-06
1;0;16;0;2.66563756668e-06;2.66557412942e-06
1;0;17;0;5.73561464989e-06;5.7296488194e-06
1;1;0;0;0.000673448841553;0.000670847890433
1;1;1;0;7.85376905696e-05;6.64971594233e-05
1;1;2;0;7.89752884884e-05;7.04144549672e-05
1;1;3;0;0.000162829077453;0.000160099763889
1;1;4;0;2.66588740487e-05;1.62390297191e-05
1;1;5;0;4.80590642837e-05;4.22449993494e-05
1;1;6;0;3.19208083965e-05;3.17278609145e-05
1;1;7;0;6.45988475299e-05;6.38701385469e-05
1;1;8;0;1.36077078423e-05;1.01423947854e-05
1;1;9;0;2.14900865103e-05;2.14899573621e-05
1;1;10;0;1.74178621819e-05;1.33469129651e-05
1;1;11;0;1.04109640233e-05;8.20777222543e-06
1;1;12;0;1.71272658918e-05;1.4350967831e-05
1;1;13;0;8.79292656464e-06;8.79053186509e-06
1;1;14;0;1.18867783385e-05;1.18573625514e-05
1;1;15;0;1.50935038619e-05;1.50468622451e-05
1;1;16;0;1.30693651954e-05;1.30693651954e-05
1;1;17;0;9.14357406145e-06;9.09125628823e-06
1;2;0;0;0.000881193147507;0.000880060368218
1;2;1;0;0.00310363294557;0.00308924238198
1;2;2;0;0.00168341188692;0.00167582428548
1;2;3;0;0.000140110540087;0.000140110540087
1;2;4;0;0.000567700772081;0.000543629052117
1;2;5;0;0.000406368984841;0.000388641434256
1;2;6;0;0.000333622272592;0.000318497302942
1;2;7;0;0.000206417345908;0.000201495902729
1;2;8;0;0.000589579693042;0.000574106990825
1;2;9;0;0.000603083171882;0.0005995411193
1;2;10;0;0.00037197486381;0.000359735800885
1;2;11;0;0.000209226185689;0.000187474142876
1;2;12;0;0.000122901241411;0.000122901241411
1;2;13;0;0.000281246931991;0.000238717810134
1;2;14;0;0.000330889743054;0.00033088910277
1;2;15;0;0.000121557233797;0.00011720344628
1;2;16;0;8.02721478976e-05;5.99808627157e-05
1;2;17;0;0.000254994345596;0.000244434457272
1;3;0;0;0.00203831819817;0.00203830958344
1;3;1;0;0.00310638686642;0.00310638686642
1;3;2;0;0.00181347492617;0.0018132472178
1;3;3;0;0.000375874020392;0.000239712113398
1;3;4;0;0.000919156998862;0.000919108686503
1;3;5;0;0.00270430464298;0.00270430441014
1;3;6;0;0.00287526845932;0.00287510524504
1;3;7;0;0.00311973085627;0.00311186537147
1;3;8;0;0.00236345594749;0.00236345548183
1;3;9;0;0.00197335286066;0.00196688133292
1;3;10;0;0.000624652428087;0.000622189603746
1;3;11;0;0.00163716822863;0.00162450538483
1;3;12;0;0.00189853447955;0.00189057237003
1;3;13;0;0.000299028732115;0.0002975249663
1;3;14;0;0.000182651841897;0.00018144932983
1;3;15;0;0.00352019630373;0.00351618137211
1;3;16;0;0.00251501356252;0.00250347959809
1;3;17;0;0.000171713196323;0.000171321880771
1;4;0;0;0.00103579508141;0.00103541172575
1;4;1;0;7.09956948413e-05;7.09837840986e-05
1;4;2;0;0.000144337609527;0.000144186997204
1;4;3;0;0.00037793951924;0.00037793951924
1;4;4;0;0.000769971404225;0.000769969483372
1;4;5;0;0.000485344819026;0.000485204218421
1;4;6;0;0.000288690702291;0.000288564799121
1;4;7;0;0.000194485852262;0.000194214720977
1;4;8;0;0.00257469853386;0.00257384567522
1;4;9;0;0.00176081678364;0.00176073948387
1;4;10;0;0.000233468497754;0.000228927921853
1;4;11;0;0.000696779461578;0.000694793707225
1;4;12;0;0.000326174078509;0.000324063410517
1;4;13;0;0.000493715051562;0.000491898332257
1;4;14;0;0.00169643282425;0.00162255275063
1;4;15;0;0.00216185441241;0.00216185441241
1;4;16;0;0.0013065834064;0.0013065834064
1;4;17;0;0.00062289176276;0.000615546654444
1;5;0;0;1.56666246198e-07;1.56467734769e-07
1;5;1;0;4.77747335026e-07;4.77551850508e-07
1;5;2;0;1.53952078108e-06;1.5344141957e-06
1;5;3;0;4.54191109611e-07;4.54002957895e-07
1;5;4;0;0.00063087278977;0.000630867667496
1;5;5;0;6.27287636235e-06;6.2728154262e-06
1;5;6;0;1.7956854208e-05;1.795479875e-05
1;5;7;0;1.16394937777e-06;1.16393198368e-06
1;5;8;0;0.00103997474071;0.00103996053804
1;5;9;0;0.002555526793;0.002555513056
1;5;10;0;0.000631614995655;0.000631614646409
1;5;11;0;0.000487600686029;0.000487596786115
1;5;12;0;0.000514025567099;0.00051402382087
1;5;13;0;0.000591724819969;0.000591724703554
1;5;14;0;0.000840330903884;0.000840243999846
1;5;15;0;8.86972557055e-05;7.83443101682e-05
1;5;16;0;6.34955940768e-05;6.34900497971e-05
1;5;17;0;0.000454213382909;0.000454211898614
1;6;0;0;2.57992240904e-07;2.57975131035e-07
1;6;1;0;1.09507908519e-07;1.09490692068e-07
1;6;2;0;2.58813543041e-07;2.58798820596e-07
1;6;3;0;1.09222106914e-07;1.09217111799e-07
1;6;4;0;2.68975782092e-07;2.68965436589e-07
1;6;5;0;3.71920023667e-08;3.71817598932e-08
1;6;6;0;9.18879461409e-09;9.14663811358e-09
1;6;7;0;6.7916019475e-08;6.79063916209e-08
1;6;8;0;1.27091155377e-07;1.27067167455e-07
1;6;9;0;4.27533223046e-07;4.27522735436e-07
1;6;10;0;9.72167342184e-08;9.71824647422e-08
1;6;11;0;2.29425523912e-07;2.29425509701e-07
1;6;12;0;3.11392000185e-07;3.11388077989e-07
1;6;13;0;2.35116772274e-07;2.35116772274e-07
1;6;14;0;2.77224813772e-07;2.77085064226e-07
1;6;15;0;2.82601092749e-07;2.82532312212e-07
1;6;16;0;7.19259446669e-07;7.19259446669e-07
1;6;17;0;3.35823415298e-07;3.35823415298e-07
1;7;0;0;3.73032520429e-07;3.73026779243e-07
1;7;1;0;2.19707487759e-07;2.19663888856e-07
1;7;2;0;5.36825339736e-08;5.36523714345e-08
1;7;3;0;2.22472266387e-07;2.22468116817e-07
1;7;4;0;3.85022303817e-07;3.85014288895e-07
1;7;5;0;8.17843357481e-08;8.17821685928e-08
1;7;6;0;7.15502253001e-08;7.15417982633e-08
1;7;7;0;7.93657690679e-08;7.93611860672e-08
1;7;8;0;2.40357820758e-07;2.40351596403e-07
1;7;9;0;9.7317418124e-08;9.73025180429e-08
1;7;10;0;7.98685420023e-08;7.98412074232e-08
1;7;11;0;2.40361117676e-07;2.40352733272e-07
1;7;12;0;5.44937748259e-08;5.44914193767e-08
1;7;13;0;3.9473218294e-07;3.94725617525e-07
1;7;14;0;3.94031957285e-07;3.94001517634e-07
1;7;15;0;3.92297181406e-07;3.92285699036e-07
1;7;16;0;3.96214403509e-07;3.96199254737e-07
1;7;17;0;3.9874115032e-07;3.98734385954e-07
1;8;0;0;8.7443950747e-08;8.74293561992e-08
1;8;1;0;7.40293941703e-08;7.40240153618e-08
1;8;2;0;3.40072915606e-07;3.40062427995e-07
1;8;3;0;4.76121755355e-08;4.76108681369e-08
1;8;4;0;2.01795614885e-07;2.01790129495e-07
1;8;5;0;9.33638943934e-09;9.3342098495e-09
1;8;6;0;3.42912578333e-08;3.42903767603e-08
1;8;7;0;3.2453119303e-08;3.24525331052e-08
1;8;8;0;5.93267230897e-08;5.93229252388e-08
1;8;9;0;2.06773663081e-07;2.0677282464e-07
1;8;10;0;5.05238375581e-08;5.0517584782e-08
1;8;11;0;5.85583386226e-08;5.85530379738e-08
1;8;12;0;4.0404355417e-08;4.03863360532e-08
1;8;13;0;2.10462104633e-07;2.10458551919e-07
1;8;14;0;6.19692528403e-08;6.19562712245e-08
1;8;15;0;2.13549014916e-07;2.13547011185e-07
1;8;16;0;5.13014242642e-07;5.13001225499e-07
1;8;17;0;6.28745553399e-08;6.28681959824e-08
1;9;0;0;9.10492872208e-08;9.1038216965e-08
1;9;1;0;9.06825846414e-07;9.06821071567e-07
1;9;2;0;7.62919540875e-08;7.62836123158e-08
1;9;3;0;6.29614973491e-08;6.29395131568e-08
1;9;4;0;7.550797676e-08;7.549135006e-08
1;9;5;0;3.15877855428e-07;3.15872654255e-07
1;9;6;0;1.04401225443e-08;1.04257518174e-08
1;9;7;0;3.10806854031e-07;3.10805205572e-07
1;9;8;0;1.7647781192e-07;1.76470592805e-07
1;9;9;0;3.23933704749e-07;3.23892948018e-07
1;9;10;0;1.13523405787e-07;1.13513010547e-07
1;9;11;0;1.7327873536e-07;1.7327739954e-07
1;9;12;0;4.36935216896e-08;4.36755094313e-08
1;9;13;0;7.77339153046e-08;7.77331976565e-08
1;9;14;0;1.3737928839e-07;1.37370847142e-07
1;9;15;0;1.04328847783e-07;1.04245188481e-07
1;9;16;0;1.77489482667e-07;1.77481311425e-07
1;9;17;0;1.27513303028e-07;1.27509537151e-07
2;0;0;0;1.20901404443e-05;1.18444786494e-05
2;0;1;0;8.87123860593e-06;8.87115584192e-06
2;0;2;0;5.91783464188e-06;5.80510459258e-06
2;0;3;0;3.96178575102e-06;3.83386668545e-06
2;0;4;0;5.14930752615e-06;5.14926750839e-06
2;0;5;0;5.30936040377e-06;5.3093558563e-06
2;0;6;0;6.36332879367e-06;6.36206550553e-06
2;0;7;0;3.55558722731e-06;3.54933308699e-06
2;0;8;0;3.76368393518e-06;3.76046887141e-06
2;0;9;0;4.79374193674e-06;4.79372056361e-06
2;0;10;0;2.06030381378e-06;2.05735841519e-06
2;0;11;0;2.02750902645e-06;2.027478331e-06
2;0;12;0;3.27018346979e-06;3.23429821947e-06
2;0;13;0;1.98690349862e-06;1.9831352347e-06
2;0;14;0;4.33196100857e-06;4.32697061115e-06
2;0;15;0;2.29911574934e-06;2.29793408835e-06
2;0;16;0;2.00605654754e-06;2.00602903533e-06
2;0;17;0;2.58217710325e-06;2.57126657743e-06
2;1;0;0;0.000483172188979;0.000481800467242
2;1;1;0;6.45838517812e-05;6.00834537181e-05
2;1;2;0;4.39482064394e-05;2.00818685698e-05
2;1;3;0;4.37169510406e-05;4.3707608711e-05
2;1;4;0;1.68435999512e-05;1.4002916032e-05
2;1;5;0;3.27283123625e-05;2.99400307995e-05
2;1;6;0;3.96506329707e-05;3.87025938835e-05
2;1;7;0;1.47115060827e-05;1.03903857962e-05
2;1;8;0;9.70081873675e-06;9.69646043814e-06
2;1;9;0;1.70440744114e-05;1.70440707734e-05
2;1;10;0;1.18764264698e-05;9.58466262091e-06
2;1;11;0;7.98717974249e-06;3.63967592421e-06
2;1;12;0;1.15081265903e-05;3.11582766699e-06
2;1;13;0;4.2424012463e-06;4.21458162236e-06
2;1;14;0;1.0334712897e-05;1.03264646896e-05
2;1;15;0;1.03379379652e-05;1.03376387415e-05
2;1;16;0;9.01021030586e-06;8.9248360382e-06
2;1;17;0;4.36934215031e-06;4.23236315328e-06
2;2;0;0;0.000404868595069;0.000404769845773
2;2;1;0;0.0013343503233;0.00130564486608
2;2;2;0;0.00102431664709;0.00100106548052
2;2;3;0;6.01978972554e-05;6.01978972554e-05
2;2;4;0;0.00038313519326;0.000366092048353
2;2;5;0;0.000236991429119;0.000229214783758
2;2;6;0;0.000190395410755;0.000184483447811
2;2;7;0;8.53372039273e-05;7.7241769759e-05
2;2;8;0;0.000674029346555;0.000671333167702
2;2;9;0;0.00065177102806;0.000648467510473
2;2;10;0;0.000300829473417;0.00029044324765
2;2;11;0;0.00067109358497;0.000652949442156
2;2;12;0;6.1479404394e-05;4.9930284149e-05
2;2;13;0;6.73823960824e-05;5.44531758351e-05
2;2;14;0;0.000428775616456;0.000422611832619
2;2;15;0;0.000114821341413;0.000114821319585
2;2;16;0;8.43265879666e-05;6.46745902486e-05
2;2;17;0;5.58610408916e-05;4.94411287946e-05
2;3;0;0;0.00206892588176;0.00206892285496
2;3;1;0;0.00370730995201;0.00370730995201
2;3;2;0;0.00114161684178;0.00114161684178
2;3;3;0;3.13809869112e-05;1.07306541395e-05
2;3;4;0;0.000854829500895;0.000854542537127
2;3;5;0;0.00302911829203;0.00302911829203
2;3;6;0;0.0019732543733;0.0019732543733
2;3;7;0;0.000631360628176;0.000616915407591
2;3;8;0;0.00236441963352;0.00236441963352
2;3;9;0;0.00219287979417;0.00219287956133
2;3;10;0;0.000894489057828;0.000872296630405
2;3;11;0;0.00207682792097;0.00207682792097
2;3;12;0;0.000274375925073;0.000269186828518
2;3;13;0;0.000120701544802;0.000120062104543
2;3;14;0;0.000182938354556;0.000181091832928
2;3;15;0;0.00357332383282;0.00357332383282
2;3;16;0;0.00299614015967;0.00299614015967
2;3;17;0;8.60637010192e-05;8.60637010192e-05
2;4;0;0;0.000728624989279;0.000728527549654
2;4;1;0;6.26774781267e-05;6.26254768576e-05
2;4;2;0;4.02333171223e-05;4.01554498239e-05
2;4;3;0;0.000167461665114;0.000167459555087
2;4;4;0;0.000468075013487;0.000468057522085
2;4;5;0;0.000487787328893;0.000487787328893
2;4;6;0;0.000147006154293;0.000147006139741
2;4;7;0;2.09767258639e-05;1.75647637661e-05
2;4;8;0;0.00250153522938;0.00250153522938
2;4;9;0;0.00489034364;0.00489034364
2;4;10;0;7.00177406543e-05;6.73137619742e-05
2;4;11;0;0.000914410920814;0.000914410920814
2;4;12;0;2.47806274274e-05;1.78388454515e-05
2;4;13;0;2.41702236963e-05;1.71956962731e-05
2;4;14;0;0.00226234691218;0.00226234691218
2;4;15;0;0.00410103332251;0.00410103332251
2;4;16;0;0.00143752899021;0.00143748731352
2;4;17;0;1.95374486793e-05;1.23602012536e-05
2;5;0;0;2.73178898169e-07;2.73040200227e-07
2;5;1;0;6.58379633478e-07;6.5771212121e-07
2;5;2;0;4.8414142384e-07;4.83665814954e-07
2;5;3;0;1.40541942528e-07;1.40459519571e-07
2;5;4;0;0.000506346637849;0.000506341166329
2;5;5;0;3.26922258864e-06;3.26916324411e-06
2;5;6;0;4.13885345552e-06;3.85560542782e-06
2;5;7;0;3.38609680739e-07;2.93939621088e-07
2;5;8;0;0.00104085053317;0.00104085041676
2;5;9;0;0.00249754381366;0.00249754381366
2;5;10;0;0.000298550614389;0.000298524537357
2;5;11;0;0.000332000490744;0.000331954943249
2;5;12;0;0.000182925316039;0.000182925316039
2;5;13;0;0.000238144566538;0.000238141743466
2;5;14;0;0.000628263805993;0.000628262350801
2;5;15;0;8.71743031894e-05;8.71357915457e-05
2;5;16;0;6.94896152709e-05;6.94816262694e-05
2;5;17;0;0.000182465068065;0.000182463656529
2;6;0;0;2.58030070199e-07;2.58025778521e-07
2;6;1;0;1.06964094471e-07;1.06963170765e-07
2;6;2;0;2.57323705455e-07;2.57320834862e-07
2;6;3;0;1.09245895885e-07;1.0924498639e-07
2;6;4;0;2.68767905709e-07;2.68763130862e-07
2;6;5;0;3.60408733968e-08;3.60400704835e-08
2;6;6;0;2.61125222778e-07;2.61122153233e-07
2;6;7;0;4.30347739666e-08;4.30327631307e-08
2;6;8;0;1.46630128484e-07;1.46567629145e-07
2;6;9;0;4.25266847515e-07;4.25265341164e-07
2;6;10;0;6.40097468363e-08;6.39514894374e-08
2;6;11;0;1.37438590286e-07;1.37432976999e-07
2;6;12;0;2.77777985502e-07;2.77777729707e-07
2;6;13;0;1.56259972073e-07;1.56236566795e-07
2;6;14;0;3.08499551238e-07;3.08499494395e-07
2;6;15;0;2.94360830821e-07;2.94170916959e-07
2;6;16;0;3.19800875559e-07;3.19571711316e-07
2;6;17;0;3.17422035323e-07;3.17283138429e-07
2;7;0;0;3.72811228999e-07;3.72806823634e-07
2;7;1;0;2.19655177602e-07;2.19641719923e-07
2;7;2;0;5.54828503141e-08;5.54717018986e-08
2;7;3;0;2.2329200533e-07;2.23291380053e-07
2;7;4;0;3.84947497878e-07;3.84945508358e-07
2;7;5;0;8.186558631e-08;8.18642220679e-08
2;7;6;0;3.79658445127e-07;3.79655745064e-07
2;7;7;0;7.95138888066e-08;7.95117927055e-08
2;7;8;0;2.40341449853e-07;2.40339147695e-07
2;7;9;0;9.79708545401e-08;9.7964850454e-08
2;7;10;0;7.69193846395e-08;7.69092380892e-08
2;7;11;0;2.40243565486e-07;2.40241774918e-07
2;7;12;0;3.52168250117e-08;3.52161109163e-08
2;7;13;0;3.95295700173e-07;3.95294790678e-07
2;7;14;0;3.94032355189e-07;3.94027267703e-07
2;7;15;0;3.92629488033e-07;3.92622496292e-07
2;7;16;0;3.95956135435e-07;3.95944368847e-07
2;7;17;0;3.98919354438e-07;3.98917507027e-07
2;8;0;0;8.12118727822e-08;8.12067639799e-08
2;8;1;0;6.89167123369e-08;6.89137280574e-08
2;8;2;0;3.40078656791e-07;3.40075075655e-07
2;8;3;0;5.42485842914e-08;5.42475326881e-08
2;8;4;0;2.01699563718e-07;2.01695044666e-07
2;8;5;0;1.22321166529e-08;1.22308847494e-08
2;8;6;0;2.62721044919e-08;2.62691113306e-08
2;8;7;0;1.09876134857e-08;1.09872067e-08
2;8;8;0;5.89100928039e-08;5.89090305425e-08
2;8;9;0;2.06889666288e-07;2.06888827847e-07
2;8;10;0;4.89096194656e-08;4.88998459502e-08
2;8;11;0;5.87592161594e-08;5.87585127221e-08
2;8;12;0;2.76890581574e-08;2.76875002925e-08
2;8;13;0;2.10620370922e-07;2.10618978258e-07
2;8;14;0;6.17332389652e-08;6.17289899196e-08
2;8;15;0;2.13840323227e-07;2.13839456364e-07
2;8;16;0;5.12954102305e-07;5.12948247433e-07
2;8;17;0;6.369207739e-08;6.36895620687e-08
2;9;0;0;8.70970850997e-08;8.70932339581e-08
2;9;1;0;9.0438635425e-07;9.04373450794e-07
2;9;2;0;7.15004020435e-08;7.14957266723e-08
2;9;3;0;5.35267545843e-08;5.35184412342e-08
2;9;4;0;7.39764587365e-08;7.39753645007e-08
2;9;5;0;3.15854663313e-07;3.15854492783e-07
2;9;6;0;1.03389325545e-07;1.03385644934e-07
2;9;7;0;3.09677204768e-07;3.09676153165e-07
2;9;8;0;1.75834657057e-07;1.75834287575e-07
2;9;9;0;3.23925462453e-07;3.23922733969e-07
2;9;10;0;1.1856883475e-07;1.18564479124e-07
2;9;11;0;1.73710759555e-07;1.73709111095e-07
2;9;12;0;2.40249491412e-08;2.40077628888e-08
2;9;13;0;6.49929319252e-08;6.49917950568e-08
2;9;14;0;1.37659625921e-07;1.37658744848e-07
2;9;15;0;1.07371675995e-07;1.07363462121e-07
2;9;16;0;1.78001371864e-07;1.77998899176e-07
2;9;17;0;1.14206329727e-07;1.14191600176e-07
