0;0;0;0;7.26798035089e-08;7.26392457295e-08
0;0;1;0;4.25792308079e-08;4.24123918208e-08
0;0;2;0;6.96866635508e-08;6.96780233511e-08
0;0;3;0;7.82966225188e-08;7.82865257065e-08
0;0;4;0;1.06371494724e-07;1.0635796599e-07
0;0;5;0;5.49770362568e-08;5.49713767839e-08
0;0;6;0;1.038906845e-07;1.03816013564e-07
0;0;7;0;6.98916622355e-08;6.98860276316e-08
0;0;8;0;5.55347661191e-08;5.5531131693e-08
0;0;9;0;1.41555872801e-07;1.41515243968e-07
0;0;10;0;9.50694172275e-08;9.50306002778e-08
0;0;11;0;1.25992812627e-07;1.25986630906e-07
0;0;12;0;1.07947215611e-07;1.07869091437e-07
0;0;13;0;4.74759680458e-08;4.74646526527e-08
0;0;14;0;1.88549819313e-07;1.88549819313e-07
0;0;15;0;1.4749315369e-07;1.4748316346e-07
0;0;16;0;2.76030959867e-07;2.76030959867e-07
0;0;17;0;6.00359385317e-07;6.00359385317e-07
0;1;0;0;2.20876373191e-07;2.20099835246e-07
0;1;1;0;3.49924277998e-07;3.49892587792e-07
0;1;2;0;2.74413793022e-07;2.74262305311e-07
0;1;3;0;1.52811040266e-07;1.52796189923e-07
0;1;4;0;1.48222596863e-07;1.48155351098e-07
0;1;5;0;5.7289799571e-08;5.72624792028e-08
0;1;6;0;2.04680752347e-08;1.98758236536e-08
0;1;7;0;1.09664547665e-07;1.09661051795e-07
0;1;8;0;7.75997222036e-08;7.73744730509e-08
0;1;9;0;1.7257194429e-07;1.72354347683e-07
0;1;10;0;1.01371803396e-07;1.01194302715e-07
0;1;11;0;1.05866014621e-07;1.0584488308e-07
0;1;12;0;4.14507965729e-08;4.14482208555e-08
0;1;13;0;4.17286294407e-09;4.03189082121e-09
0;1;14;0;4.522706476e-08;4.52172415066e-08
0;1;15;0;6.16022290956e-08;6.15914999003e-08
0;1;16;0;3.88474106217e-08;3.88247514138e-08
0;1;17;0;3.12793275725e-08;3.12322860907e-08
0;2;0;0;2.12978761738e-06;2.12977397496e-06
0;2;1;0;2.38208463088e-06;2.38203392655e-06
0;2;2;0;7.40662301268e-07;7.40537359434e-07
0;2;3;0;8.5701418584e-07;8.57010149957e-07
0;2;4;0;1.77292292847e-06;1.77291633463e-06
0;2;5;0;5.44171371075e-07;5.43940814168e-07
0;2;6;0;1.20597212572e-06;1.20594643249e-06
0;2;7;0;7.16809665846e-07;7.16802276202e-07
0;2;8;0;1.30427554268e-06;1.30426974465e-06
0;2;9;0;7.90670185324e-07;7.90647561644e-07
0;2;10;0;6.08809386904e-07;6.08681091308e-07
0;2;11;0;1.33271470304e-07;1.3259770526e-07
0;2;12;0;7.30327883502e-07;7.30177305286e-07
0;2;13;0;1.61780945973e-07;1.61746854133e-07
0;2;14;0;3.11861839464e-07;3.11449468882e-07
0;2;15;0;6.85663849254e-07;6.85582392634e-07
0;2;16;0;3.85159836469e-07;3.85105380474e-07
0;2;17;0;1.23717939005e-07;1.23704182897e-07
0;3;0;0;4.45892601419e-06;4.4589000936e-06
0;3;1;0;5.25647419636e-06;5.2564237194e-06
0;3;2;0;2.73775754067e-06;2.73655632554e-06
0;3;3;0;3.00731971947e-06;3.00722467728e-06
0;3;4;0;3.68388509742e-06;3.6829869714e-06
0;3;5;0;1.90459627447e-06;1.90456569271e-06
0;3;6;0;5.13579516337e-06;5.13489021614e-06
0;3;7;0;2.63330275629e-06;2.63328138317e-06
0;3;8;0;2.68208850684e-06;2.68208782472e-06
0;3;9;0;2.36151913668e-06;2.36151913668e-06
0;3;10;0;1.26582983739e-06;1.26114855448e-06
0;3;11;0;1.11962390292e-06;1.11927295166e-06
0;3;12;0;2.67253381026e-06;2.67246628027e-06
0;3;13;0;9.17173849757e-07;9.17159695746e-07
0;3;14;0;2.38543702835e-06;2.38539587372e-06
0;3;15;0;1.38717587106e-06;1.38714335662e-06
0;3;16;0;1.22059668684e-06;1.22058884244e-06
0;3;17;0;8.92370735528e-07;8.92359253157e-07
0;4;0;0;6.76406580169e-06;6.55430585539e-06
0;4;1;0;1.36897078846e-05;1.36897078846e-05
0;4;2;0;8.11715926829e-06;7.78498997533e-06
0;4;3;0;6.68163147566e-06;6.68163147566e-06
0;4;4;0;6.03542457611e-06;6.00838939135e-06
0;4;5;0;1.30915395857e-05;1.30894050017e-05
0;4;6;0;1.24006992337e-05;1.24005428006e-05
0;4;7;0;8.11112204246e-06;8.10983783595e-06
0;4;8;0;4.9899554142e-06;4.98920462633e-06
0;4;9;0;7.87292992754e-06;7.86473901826e-06
0;4;10;0;4.37986182078e-06;4.37331482317e-06
0;4;11;0;4.249318863e-06;4.24904965257e-06
0;4;12;0;4.95600397699e-06;4.94079586133e-06
0;4;13;0;3.05224716612e-06;3.05206049234e-06
0;4;14;0;4.60390174339e-06;4.6035484047e-06
0;4;15;0;3.20194180858e-06;3.20165054291e-06
0;4;16;0;4.01075431e-06;4.01046054321e-06
0;4;17;0;3.0176954624e-06;3.01763066091e-06
0;5;0;0;0.000551979523152;0.000551906647161
0;5;1;0;0.00205399561673;0.00205396208912
0;5;2;0;0.00022003367485;0.000219386391109
0;5;3;0;0.000347786059137;0.000347786059137
0;5;4;0;0.000369562651031;0.000353400362656
0;5;5;0;0.00426999665797;0.00426999665797
0;5;6;0;0.00188040488865;0.000706156715751
0;5;7;0;0.000785593816545;0.000785593816545
0;5;8;0;0.000232307778788;0.000220538917347
0;5;9;0;0.000178891714313;3.25776345562e-05
0;5;10;0;0.000737829250284;0.000262314919382
0;5;11;0;0.000292731332593;8.30565113574e-05
0;5;12;0;0.000228042757954;0.000202719515073
0;5;13;0;9.42446349654e-05;9.40798636293e-05
0;5;14;0;1.16472292575e-05;1.14881795525e-05
0;5;15;0;7.70020051277e-05;7.64280339354e-05
0;5;16;0;0.000100297715107;4.36710288341e-05
0;5;17;0;2.16097141674e-05;2.15488325921e-05
0;6;0;0;1.41189448186e-05;1.40777819979e-05
0;6;1;0;7.08679581294e-05;7.08671213943e-05
0;6;2;0;3.38728350471e-05;3.25940054609e-05
0;6;3;0;4.32680353697e-05;2.08078345167e-05
0;6;4;0;7.34617206035e-05;1.4756431483e-05
0;6;5;0;0.000153357614181;8.5156672867e-05
0;6;6;0;0.000204709082027;8.5283181761e-06
0;6;7;0;0.00015673681628;9.51230686042e-05
0;6;8;0;4.36071240983e-05;1.45683807204e-05
0;6;9;0;0.000206950295251;0.000113857757242
0;6;10;0;0.000254468788626;9.82600540738e-05
0;6;11;0;0.000161580072017;9.22662511584e-05
0;6;12;0;0.000247757358011;0.00016009308456
0;6;13;0;3.83767437597e-05;3.61301135854e-05
0;6;14;0;4.38363676949e-05;1.77636738954e-05
0;6;15;0;5.98267433816e-05;5.97019679844e-05
0;6;16;0;0.000122718323837;0.000122261699289
0;6;17;0;0.000221912996494;0.000221912996494
0;7;0;0;1.9946917007e-07;1.99120933075e-07
0;7;1;0;1.27947856754e-07;1.27901714109e-07
0;7;2;0;8.74926513461e-08;8.74183001542e-08
0;7;3;0;7.90385001892e-08;7.89218717046e-08
0;7;4;0;1.97560225956e-07;1.97319295125e-07
0;7;5;0;1.0830650865e-07;1.08271159149e-07
0;7;6;0;2.01188981919e-07;2.01025883939e-07
0;7;7;0;1.47814120055e-07;1.47597873479e-07
0;7;8;0;4.84101505549e-08;4.80090669441e-08
0;7;9;0;2.27903100836e-07;2.27903100836e-07
0;7;10;0;1.91483394474e-07;1.91483394474e-07
0;7;11;0;1.12465620816e-07;1.12419073162e-07
0;7;12;0;7.96659719526e-07;7.96574227024e-07
0;7;13;0;2.205275905e-06;1.47859532262e-06
0;7;14;0;1.83487330219e-07;1.81688221801e-07
0;7;15;0;1.92230331209e-07;1.91144053474e-07
0;7;16;0;1.92502966456e-07;1.90810538925e-07
0;7;17;0;3.47217537637e-05;2.53689904639e-05
0;8;0;0;8.95780374321e-08;8.95779308507e-08
0;8;1;0;1.25321491851e-07;1.25290071651e-07
0;8;2;0;2.63813063839e-07;2.63751587681e-07
0;8;3;0;8.37386124886e-08;8.37385414343e-08
0;8;4;0;8.76839933994e-08;8.76807888517e-08
0;8;5;0;2.10934700817e-08;2.10447232973e-08
0;8;6;0;3.13108650118e-08;3.12631946997e-08
0;8;7;0;9.43620364069e-08;9.43188780411e-08
0;8;8;0;5.64682487436e-08;5.64654989432e-08
0;8;9;0;9.03386165874e-08;9.02940868741e-08
0;8;10;0;1.14196261336e-07;1.14154033781e-07
0;8;11;0;6.67617925387e-08;6.67617925387e-08
0;8;12;0;5.90992250693e-08;5.90992250693e-08
0;8;13;0;7.53971036715e-08;7.52672235649e-08
0;8;14;0;9.96730094016e-08;9.95499007672e-08
0;8;15;0;8.77966428448e-08;8.76882566558e-08
0;8;16;0;4.01712043185e-07;4.01194739652e-07
0;8;17;0;8.93400624591e-08;8.90883953275e-08
0;9;0;0;7.96449342033e-08;7.96447992002e-08
0;9;1;0;8.85166173248e-07;8.85151507646e-07
0;9;2;0;7.95611612148e-08;7.95441934542e-08
0;9;3;0;5.62690587458e-08;5.62535475979e-08
0;9;4;0;6.83929926026e-08;6.83929926026e-08
0;9;5;0;2.83082016495e-07;2.83081988073e-07
0;9;6;0;1.100265834e-07;1.100265834e-07
0;9;7;0;2.79013846693e-07;2.79011146631e-07
0;9;8;0;1.29712475427e-07;1.2971234753e-07
0;9;9;0;2.72031570603e-07;2.72031456916e-07
0;9;10;0;1.38469047783e-07;1.38462141308e-07
0;9;11;0;1.37051699767e-07;1.37044722237e-07
0;9;12;0;4.09775431365e-08;4.09472669105e-08
0;9;13;0;1.06994527016e-07;1.06994477278e-07
0;9;14;0;1.14116957661e-07;1.14116957661e-07
0;9;15;0;1.24046039218e-07;1.23940878893e-07
0;9;16;0;1.30381963004e-07;1.30374303353e-07
0;9;17;0;1.59692518764e-07;1.59692461921e-07
1;0;0;0;8.88796947152e-08;8.87416078399e-08
1;0;1;0;4.40333991492e-08;4.40188685502e-08
1;0;2;0;7.08374514602e-08;7.08173075736e-08
1;0;3;0;8.90593270242e-08;8.90441640422e-08
1;0;4;0;1.0621648272e-07;1.06202151073e-07
1;0;5;0;5.44208624831e-08;5.44123182067e-08
1;0;6;0;2.77760978662e-08;2.77721845521e-08
1;0;7;0;5.39288649293e-08;5.39201536753e-08
1;0;8;0;5.14794464834e-08;5.14700566612e-08
1;0;9;0;1.51397088644e-07;1.51397088644e-07
1;0;10;0;1.02423868498e-07;1.02336215946e-07
1;0;11;0;1.22435451999e-07;1.22419820059e-07
1;0;12;0;1.09034026252e-07;1.08873628335e-07
1;0;13;0;4.60533868818e-08;4.60372149291e-08
1;0;14;0;7.18123374099e-07;7.18123374099e-07
1;0;15;0;1.52584007651e-07;1.52577314338e-07
1;0;16;0;2.72778180488e-07;2.72778180488e-07
1;0;17;0;6.3410476514e-07;6.3410476514e-07
1;1;0;0;7.06699623265e-08;7.04283635855e-08
1;1;1;0;3.14381310318e-07;3.12974776762e-07
1;1;2;0;1.89368464021e-07;1.88069677165e-07
1;1;3;0;1.1081684903e-07;1.10786942287e-07
1;1;4;0;4.17912531248e-08;4.17746903736e-08
1;1;5;0;1.01557915855e-07;1.01542767084e-07
1;1;6;0;1.89075279877e-07;1.89021250208e-07
1;1;7;0;7.10729040065e-08;7.10272658466e-08
1;1;8;0;1.08425098233e-07;1.08252123709e-07
1;1;9;0;1.74948326048e-07;1.74885556703e-07
1;1;10;0;9.49698204522e-08;9.48503000586e-08
1;1;11;0;1.05303421094e-07;1.05248808779e-07
1;1;12;0;3.70076520539e-08;3.69917998455e-08
1;1;13;0;5.56967716392e-09;5.50270584654e-09
1;1;14;0;3.18484154604e-08;3.18085220385e-08
1;1;15;0;4.4996273374e-08;4.49775932054e-08
1;1;16;0;3.49940911804e-08;3.49303093117e-08
1;1;17;0;3.28654081727e-08;3.28089697632e-08
1;2;0;0;7.7016341038e-07;7.7015891975e-07
1;2;1;0;4.81186475554e-07;4.81136339658e-07
1;2;2;0;4.70584467394e-07;4.70504232908e-07
1;2;3;0;6.45107206765e-07;6.45100612928e-07
1;2;4;0;4.68331904813e-07;4.68323321456e-07
1;2;5;0;9.81622747531e-08;9.74719114311e-08
1;2;6;0;2.24833911489e-07;2.24827203965e-07
1;2;7;0;5.32374656359e-07;5.32370222572e-07
1;2;8;0;2.32707890291e-07;2.32643287745e-07
1;2;9;0;3.49552124135e-07;3.49513157971e-07
1;2;10;0;3.99119613803e-07;3.99085564595e-07
1;2;11;0;6.80962699562e-08;6.80280436427e-08
1;2;12;0;4.55719714409e-07;4.55382405562e-07
1;2;13;0;1.5462123315e-07;1.54596463631e-07
1;2;14;0;1.73227746814e-07;1.73197008735e-07
1;2;15;0;2.43762855234e-07;2.43691971491e-07
1;2;16;0;1.07697559315e-07;9.29357781843e-08
1;2;17;0;1.0164329467e-07;1.01634782368e-07
1;3;0;0;2.9853297292e-06;2.98523650599e-06
1;3;1;0;2.53248231274e-06;2.53234384218e-06
1;3;2;0;2.28771205002e-06;2.2869166969e-06
1;3;3;0;2.58944191955e-06;2.58940372078e-06
1;3;4;0;2.64363234237e-06;2.64350796897e-06
1;3;5;0;1.03605339064e-06;1.03603588286e-06
1;3;6;0;2.19868434215e-06;2.19864432438e-06
1;3;7;0;2.86944782601e-06;2.86938757199e-06
1;3;8;0;9.12473979042e-07;9.12470852654e-07
1;3;9;0;1.40161751006e-06;1.40115912473e-06
1;3;10;0;8.85677991391e-07;8.85326926436e-07
1;3;11;0;7.39149641049e-07;7.39015604267e-07
1;3;12;0;2.3768795927e-06;2.37632389144e-06
1;3;13;0;7.8237968637e-07;7.82371216701e-07
1;3;14;0;8.98868108834e-07;8.9886106025e-07
1;3;15;0;8.92519040008e-07;8.92500338523e-07
1;3;16;0;7.70457461385e-07;7.70428584929e-07
1;3;17;0;6.84774192905e-07;6.84765041115e-07
1;4;0;0;6.63079663354e-06;6.57269265503e-06
1;4;1;0;1.48265207827e-05;1.46729489643e-05
1;4;2;0;1.19078440548e-05;1.14303275041e-05
1;4;3;0;3.32622744281e-06;3.2897944493e-06
1;4;4;0;5.88557077208e-06;5.87326439927e-06
1;4;5;0;9.88278043224e-06;9.84246071312e-06
1;4;6;0;6.0660672716e-06;6.0655006564e-06
1;4;7;0;8.09323864814e-06;8.08559707366e-06
1;4;8;0;2.63336710304e-06;2.63332003669e-06
1;4;9;0;7.57504585636e-06;7.57256111683e-06
1;4;10;0;3.97351504944e-06;3.96666564484e-06
1;4;11;0;3.63416756954e-06;3.63331105291e-06
1;4;12;0;4.87274473926e-06;4.84840029458e-06
1;4;13;0;2.79311052509e-06;2.7929152111e-06
1;4;14;0;3.16862724503e-06;3.16853788718e-06
1;4;15;0;4.03684043704e-06;4.03647118219e-06
1;4;16;0;3.70663747162e-06;3.70619318346e-06
1;4;17;0;2.67278278443e-06;2.67266909759e-06
1;5;0;0;0.00148402515333;0.00148402445484
1;5;1;0;0.00131074618548;0.00131074618548
1;5;2;0;0.00023768794199;0.00023768794199
1;5;3;0;0.000300160754705;0.000299139530398
1;5;4;0;0.00283543672413;0.00130372634158
1;5;5;0;0.00424408307299;0.00422930484638
1;5;6;0;0.00320628518239;0.00277146883309
1;5;7;0;0.00139185460284;0.00139058078639
1;5;8;0;6.31746006547e-05;6.12817966612e-05
1;5;9;0;0.000288975017611;0.000282315362711
1;5;10;0;0.000532436184585;0.000119997843285
1;5;11;0;0.000150736639625;0.00010529915744
1;5;12;0;0.000225615993259;0.000211133708945
1;5;13;0;0.000138192393933;0.000138098170282
1;5;14;0;6.20793070993e-05;6.16609395365e-05
1;5;15;0;2.59003300016e-05;1.61709576787e-05
1;5;16;0;5.88303264522e-05;1.50798359755e-05
1;5;17;0;2.28531480388e-05;2.05723317777e-05
1;6;0;0;9.64406499406e-05;9.64406426647e-05
1;6;1;0;0.000154711044161;0.000154710724019
1;6;2;0;2.3710226742e-05;2.36834530369e-05
1;6;3;0;6.09326489212e-05;6.09326489212e-05
1;6;4;0;0.000200098540518;0.000134042769787
1;6;5;0;0.000283143570414;0.000125440608826
1;6;6;0;0.000270134798484;8.00647758297e-05
1;6;7;0;0.000202924478799;8.96822821232e-05
1;6;8;0;0.000132217945065;2.87993752863e-05
1;6;9;0;0.00081622460857;6.14672608208e-05
1;6;10;0;0.00028380882577;8.73233948369e-05
1;6;11;0;0.000192836305359;0.000114758782729
1;6;12;0;0.000241157627897;0.000159897419508
1;6;13;0;4.52731947007e-05;3.24276952597e-05
1;6;14;0;0.000124002166558;0.00012190722191
1;6;15;0;8.1118363596e-05;8.11106801848e-05
1;6;16;0;0.00013215225772;0.000132151079015
1;6;17;0;0.000127010527649;0.000124422716908
1;7;0;0;2.02073678679e-07;2.01761537255e-07
1;7;1;0;1.31981153118e-07;1.31941945369e-07
1;7;2;0;8.62798472667e-08;8.60692992433e-08
1;7;3;0;7.4113302162e-08;7.40437258173e-08
1;7;4;0;2.07825863185e-07;2.06752304166e-07
1;7;5;0;1.0558949981e-07;1.05508142667e-07
1;7;6;0;2.37731029529e-07;2.37305627593e-07
1;7;7;0;1.44228735621e-07;1.44079564279e-07
1;7;8;0;1.51479881083e-07;8.18384080503e-08
1;7;9;0;2.72387552513e-07;2.71218482339e-07
1;7;10;0;1.97708033056e-07;1.96631177118e-07
1;7;11;0;7.37882771773e-07;5.93545223637e-07
1;7;12;0;1.20473075071e-07;1.18235000457e-07
1;7;13;0;3.99706863163e-07;3.9957828335e-07
1;7;14;0;2.59204648501e-06;2.59179341811e-06
1;7;15;0;2.49908879368e-07;2.48538611913e-07
1;7;16;0;3.85708808608e-05;3.85706371162e-05
1;7;17;0;1.17115666853e-06;1.17079264328e-06
1;8;0;0;1.20668119052e-07;1.2061354937e-07
1;8;1;0;1.38342656442e-07;1.38341576417e-07
1;8;2;0;2.63424823288e-07;2.63405837586e-07
1;8;3;0;8.32279383189e-08;8.32279383189e-08
1;8;4;0;8.75498429309e-08;8.7530906967e-08
1;8;5;0;2.32575114723e-08;2.32536212508e-08
1;8;6;0;6.02690164442e-08;6.02621881285e-08
1;8;7;0;7.53338014192e-08;7.53296163225e-08
1;8;8;0;4.02974933422e-08;4.02786781706e-08
1;8;9;0;9.08946660161e-08;9.08693849055e-08
1;8;10;0;1.14554119079e-07;1.14445818156e-07
1;8;11;0;6.88762824552e-08;6.87791938958e-08
1;8;12;0;6.94881379104e-08;6.94690740488e-08
1;8;13;0;7.52626618805e-08;7.51006155042e-08
1;8;14;0;9.95421771677e-08;9.94356597062e-08
1;8;15;0;8.6949164313e-08;8.69164793471e-08
1;8;16;0;4.01942088502e-07;4.01256130544e-07
1;8;17;0;8.9044725371e-08;8.90442350965e-08
1;9;0;0;9.61849337955e-08;9.61823118928e-08
1;9;1;0;9.30709063596e-07;9.30695989609e-07
1;9;2;0;7.49265680611e-08;7.48834239062e-08
1;9;3;0;6.40866844037e-08;6.40474624447e-08
1;9;4;0;7.36143661584e-08;7.36128455969e-08
1;9;5;0;2.82915436856e-07;2.8291535159e-07
1;9;6;0;1.15401448397e-08;1.15401084244e-08
1;9;7;0;2.7896507504e-07;2.78963995015e-07
1;9;8;0;1.3436010704e-07;1.34358330683e-07
1;9;9;0;2.72614073538e-07;2.72614073538e-07
1;9;10;0;1.42265861314e-07;1.42228628874e-07
1;9;11;0;1.36215788871e-07;1.36209251878e-07
1;9;12;0;3.92396586335e-08;3.919067737e-08
1;9;13;0;1.08081188444e-07;1.08080456585e-07
1;9;14;0;1.64954002457e-07;1.64953860349e-07
1;9;15;0;1.13119590139e-07;1.1297577629e-07
1;9;16;0;1.3221794859e-07;1.32211027903e-07
1;9;17;0;1.61277000643e-07;1.61276105359e-07
2;0;0;0;7.90218237512e-08;7.88288332387e-08
2;0;1;0;3.95757560057e-08;3.94669044113e-08
2;0;2;0;5.27076124968e-08;5.2706020881e-08
2;0;3;0;9.07443364895e-08;9.07388653104e-08
2;0;4;0;1.06091214036e-07;1.06078779538e-07
2;0;5;0;4.34461036036e-08;4.34227196422e-08
2;0;6;0;1.03781445659e-07;1.03651920824e-07
2;0;7;0;4.06896560889e-08;4.06846254464e-08
2;0;8;0;4.92134617502e-08;4.92050808987e-08
2;0;9;0;1.42209756859e-07;1.42199397146e-07
2;0;10;0;1.00179434526e-07;1.00130407077e-07
2;0;11;0;1.25370490878e-07;1.25363087022e-07
2;0;12;0;1.11973278649e-07;1.11955877458e-07
2;0;13;0;4.7637929157e-08;4.7630731359e-08
2;0;14;0;7.40270536426e-07;7.40270536426e-07
2;0;15;0;1.54040364464e-07;1.54039071276e-07
2;0;16;0;2.76566822777e-07;2.76566822777e-07
2;0;17;0;6.58437500078e-07;6.58437500078e-07
2;1;0;0;5.462693764e-08;5.46147056468e-08
2;1;1;0;3.56918093303e-07;3.56643027999e-07
2;1;2;0;3.19946508398e-07;3.19890659739e-07
2;1;3;0;4.08110111039e-07;4.08053381307e-07
2;1;4;0;3.36790222377e-08;3.36731709183e-08
2;1;5;0;5.70968268221e-08;5.70921265819e-08
2;1;6;0;2.07409360797e-08;1.79279204815e-08
2;1;7;0;2.8065997526e-07;2.80651306639e-07
2;1;8;0;9.68493623077e-08;9.6637762681e-08
2;1;9;0;1.75032766947e-07;1.74309519707e-07
2;1;10;0;1.61704562629e-07;1.61511678698e-07
2;1;11;0;1.07254180648e-07;1.07166194141e-07
2;1;12;0;2.40944842744e-07;2.40940153162e-07
2;1;13;0;9.17780624832e-08;9.17742468687e-08
2;1;14;0;2.43042279635e-08;2.42836897257e-08
2;1;15;0;4.65133851435e-08;4.64447396098e-08
2;1;16;0;3.56816691749e-08;3.5656540831e-08
2;1;17;0;3.3550247025e-08;3.35478844704e-08
2;2;0;0;6.08243624356e-07;6.08238565292e-07
2;2;1;0;4.05513986834e-07;4.05496535905e-07
2;2;2;0;6.94753396147e-07;6.94688026215e-07
2;2;3;0;1.24081589092e-06;1.24077246255e-06
2;2;4;0;3.42641754969e-07;3.42623451388e-07
2;2;5;0;1.11825841032e-07;1.11672370906e-07
2;2;6;0;8.57345185068e-07;8.57343252392e-07
2;2;7;0;1.07204471078e-06;1.07199070953e-06
2;2;8;0;1.50351652906e-07;1.50312544633e-07
2;2;9;0;4.17881949488e-07;4.17860007929e-07
2;2;10;0;6.79207801113e-07;6.79126344494e-07
2;2;11;0;1.70340783257e-07;1.70320248571e-07
2;2;12;0;1.03685454178e-06;1.03672516616e-06
2;2;13;0;5.37922062449e-07;5.37919902399e-07
2;2;14;0;1.73058722908e-07;1.72967602907e-07
2;2;15;0;2.33113794934e-07;2.33005451378e-07
2;2;16;0;1.89134155448e-07;1.89087501212e-07
2;2;17;0;5.15578733484e-07;5.15575607096e-07
2;3;0;0;2.48338460551e-06;2.48337119046e-06
2;3;1;0;2.00492831937e-06;2.00471254175e-06
2;3;2;0;2.12232657759e-06;2.12138797906e-06
2;3;3;0;2.66131746685e-06;2.66111760538e-06
2;3;4;0;2.29846887123e-06;2.29831653087e-06
2;3;5;0;8.0565649796e-07;8.05592549113e-07
2;3;6;0;2.58120076069e-06;2.58098498307e-06
2;3;7;0;2.7526446047e-06;2.75261390925e-06
2;3;8;0;7.49995535898e-07;7.49954722323e-07
2;3;9;0;1.37277686463e-06;1.37277686463e-06
2;3;10;0;1.1896745491e-06;1.18952630146e-06
2;3;11;0;1.07091454993e-06;1.07081700662e-06
2;3;12;0;2.19800631385e-06;2.19748653763e-06
2;3;13;0;1.49406230321e-06;1.4940382016e-06
2;3;14;0;7.21042908935e-07;7.21031199191e-07
2;3;15;0;1.06335721739e-06;1.06334471184e-06
2;3;16;0;1.05713968424e-06;1.05712001641e-06
2;3;17;0;1.3491894606e-06;1.34916206207e-06
2;4;0;0;1.62145861395e-05;1.60956460604e-05
2;4;1;0;1.34415831781e-05;1.32520453917e-05
2;4;2;0;4.17315141021e-06;4.00055114369e-06
2;4;3;0;4.30582031186e-06;4.26854285251e-06
2;4;4;0;4.82653877043e-06;4.82584937345e-06
2;4;5;0;9.47952685237e-06;9.47436819843e-06
2;4;6;0;5.03944420416e-06;4.98277404404e-06
2;4;7;0;4.12742201661e-06;4.08624146075e-06
2;4;8;0;2.06257664104e-06;2.06252411772e-06
2;4;9;0;7.01549606674e-06;7.01549606674e-06
2;4;10;0;3.03457318296e-06;3.02782746076e-06
2;4;11;0;2.74316766991e-06;2.74026092484e-06
2;4;12;0;3.84140503229e-06;3.80744563699e-06
2;4;13;0;3.02698981614e-06;3.02517037198e-06
2;4;14;0;2.625457455e-06;2.62533080786e-06
2;4;15;0;3.45968305737e-06;3.45950434166e-06
2;4;16;0;3.11201256409e-06;3.11174994749e-06
2;4;17;0;2.85030887426e-06;2.84994757749e-06
2;5;0;0;0.00152325327508;0.00152325152885
2;5;1;0;0.00293591129594;0.00293587520719
2;5;2;0;0.000114953378215;0.000113261856313
2;5;3;0;2.54201459029e-05;1.99831647478e-05
2;5;4;0;0.00243961857632;0.0012249245774
2;5;5;0;0.00438540289178;0.00438540289178
2;5;6;0;0.00374240172096;0.00174802110996
2;5;7;0;0.000376271404093;0.000376271404093
2;5;8;0;5.7239576563e-05;4.53799366369e-05
2;5;9;0;0.00020868210413;0.000187875339179
2;5;10;0;0.00139931542799;0.000802874797955
2;5;11;0;0.000607004680205;0.000179977854714
2;5;12;0;7.75898733991e-05;7.17779112165e-05
2;5;13;0;3.62803293683e-05;3.61973288818e-05
2;5;14;0;6.03858643444e-05;6.0384387325e-05
2;5;15;0;2.85044752673e-05;2.8076921808e-05
2;5;16;0;0.000106748397229;9.31569447857e-05
2;5;17;0;9.7872925835e-06;9.35489151743e-06
2;6;0;0;9.75116126938e-05;9.75116126938e-05
2;6;1;0;0.000134531568619;0.000134531539516
2;6;2;0;5.41133113074e-06;4.6617165026e-06
2;6;3;0;5.9674998738e-06;5.79395236855e-06
2;6;4;0;0.000176752553671;0.000114237664093
2;6;5;0;0.000197191926418;0.000118520198157
2;6;6;0;0.000192329840502;8.59874635353e-05
2;6;7;0;3.75945710402e-05;5.71581904296e-06
2;6;8;0;0.000104127582745;3.30754119204e-05
2;6;9;0;0.000238934706431;9.21093887882e-05
2;6;10;0;0.000128535335534;5.49553733435e-05
2;6;11;0;0.000173894528416;6.75020346534e-05
2;6;12;0;9.59368117037e-05;4.57907990494e-05
2;6;13;0;1.33656385515e-05;5.03187811773e-06
2;6;14;0;9.67199302977e-05;9.65966974036e-05
2;6;15;0;5.46990777366e-05;5.23617272847e-05
2;6;16;0;8.09277626104e-05;8.08890035842e-05
2;6;17;0;3.2437761547e-05;2.28846129176e-05
2;7;0;0;2.00243064796e-07;2.0002798351e-07
2;7;1;0;1.20954027238e-07;1.2089154211e-07
2;7;2;0;8.5745512024e-08;8.4161762004e-08
2;7;3;0;8.41233784854e-08;8.41179286226e-08
2;7;4;0;1.97092234089e-07;1.96877579128e-07
2;7;5;0;1.04372524845e-07;1.04372524845e-07
2;7;6;0;2.01294099611e-07;2.01137694944e-07
2;7;7;0;1.21509245332e-07;1.19242983487e-07
2;7;8;0;8.51971648785e-08;8.51133705737e-08
2;7;9;0;2.09693240549e-07;2.09693240549e-07
2;7;10;0;2.0827235403e-07;2.07816214015e-07
2;7;11;0;3.17231325653e-07;2.90255172786e-07
2;7;12;0;1.29184996922e-07;8.08209890124e-08
2;7;13;0;3.04800465756e-07;1.87185122513e-07
2;7;14;0;2.76376226793e-07;2.75719514775e-07
2;7;15;0;3.36561811309e-07;3.35447651878e-07
2;7;16;0;1.46898855746e-06;1.44103103139e-06
2;7;17;0;5.87643626204e-07;3.3793799048e-07
2;8;0;0;1.05016177088e-07;1.04991613625e-07
2;8;1;0;1.28059440385e-07;1.27896967683e-07
2;8;2;0;2.64138208195e-07;2.64133063865e-07
2;8;3;0;1.12578874223e-07;1.12578767641e-07
2;8;4;0;8.81628210436e-08;8.81133885855e-08
2;8;5;0;2.12091268992e-08;2.1192768429e-08
2;8;6;0;2.56263419374e-08;2.55832706131e-08
2;8;7;0;7.52461630782e-08;7.52331814624e-08
2;8;8;0;3.85384275603e-08;3.84701408507e-08
2;8;9;0;8.8676650023e-08;8.86675266543e-08
2;8;10;0;1.15071770779e-07;1.14963405906e-07
2;8;11;0;6.89625423433e-08;6.8896696348e-08
2;8;12;0;8.30439361721e-08;8.2958607095e-08
2;8;13;0;7.53488578198e-08;7.52513997782e-08
2;8;14;0;9.88342989672e-08;9.88332047314e-08
2;8;15;0;8.72429666288e-08;8.71582059858e-08
2;8;16;0;4.02318960369e-07;4.01220887625e-07
2;8;17;0;8.98841463481e-08;8.9767759448e-08
2;9;0;0;9.21555880495e-08;9.21551333022e-08
2;9;1;0;9.21550508792e-07;9.21547155031e-07
2;9;2;0;7.17082642154e-08;7.17029564612e-08
2;9;3;0;5.65999656033e-08;5.65544695519e-08
2;9;4;0;7.28248252813e-08;7.28248252813e-08
2;9;5;0;2.82846770006e-07;2.82846770006e-07
2;9;6;0;1.08559497392e-07;1.08559497392e-07
2;9;7;0;2.78073713389e-07;2.78062515235e-07
2;9;8;0;1.33954003445e-07;1.33953861337e-07
2;9;9;0;2.72707978866e-07;2.72707978866e-07
2;9;10;0;1.45425005371e-07;1.45373164173e-07
2;9;11;0;1.35549299785e-07;1.35535017876e-07
2;9;12;0;1.67072808921e-08;1.6600038677e-08
2;9;13;0;8.75787264931e-08;8.75733903172e-08
2;9;14;0;1.57911131282e-07;1.57899066267e-07
2;9;15;0;1.13353216591e-07;1.13223194376e-07
2;9;16;0;1.29868510612e-07;1.29857156139e-07
2;9;17;0;1.52120932739e-07;1.52117507923e-07
