0;0;0;0;6.092838521e-05;6.03553125984e-05
0;0;1;0;4.4535699999e-05;4.45244877483e-05
0;0;2;0;1.48380204337e-05;1.42483741001e-05
0;0;3;0;2.26336396736e-05;2.18372661038e-05
0;0;4;0;2.58293562183e-06;2.45465912485e-06
0;0;5;0;2.79096220765e-05;2.78220395558e-05
0;0;6;0;3.48153043888e-05;3.44264808518e-05
0;0;7;0;1.93165415112e-05;1.92590086954e-05
0;0;8;0;3.1143799788e-06;3.08590051645e-06
0;0;9;0;3.90584727938e-06;3.89824253944e-06
0;0;10;0;4.66554229206e-06;4.60891669718e-06
0;0;11;0;3.49396918864e-06;3.48119988303e-06
0;0;12;0;1.87182613445e-05;1.82520689123e-05
0;0;13;0;1.90242681128e-05;1.89872589544e-05
0;0;14;0;2.40889107772e-06;2.37599965658e-06
0;0;15;0;1.87908460703e-06;1.82182179742e-06
0;0;16;0;4.2991432565e-06;4.24668860433e-06
0;0;17;0;1.61142233992e-05;1.5984318452e-05
0;1;0;0;0.000104541039036;0.000100485762232
0;1;1;0;9.57085430855e-05;9.18071018532e-05
0;1;2;0;3.3708049159e-05;3.13944328809e-05
0;1;3;0;3.72237955162e-05;3.37630772265e-05
0;1;4;0;0.000127428633277;0.000121751108964
0;1;5;0;7.31990439817e-05;7.14876587153e-05
0;1;6;0;8.61642693053e-05;8.4153500211e-05
0;1;7;0;3.81443205697e-05;3.56635391654e-05
0;1;8;0;3.50160771632e-05;3.42754028679e-05
0;1;9;0;4.51056985185e-05;4.36530826846e-05
0;1;10;0;2.8770076824e-05;2.78916122625e-05
0;1;11;0;2.7672478609e-05;2.69366864813e-05
0;1;12;0;3.71553069272e-05;3.32639392582e-05
0;1;13;0;2.08490218938e-05;2.04381613003e-05
0;1;14;0;4.57723617728e-05;4.57551977888e-05
0;1;15;0;3.48065295839e-05;3.40580008924e-05
0;1;16;0;2.69118645519e-05;2.55942941294e-05
0;1;17;0;2.2601812816e-05;2.1780420866e-05
0;2;0;0;0.000277521117823;0.000128722953377
0;2;1;0;0.000725129153579;0.000230033314438
0;2;2;0;0.000698615913279;5.11634425493e-05
0;2;3;0;0.000498708686791;3.74067676603e-05
0;2;4;0;0.000132243643748;0.000131636348669
0;2;5;0;0.000168916187249;0.000116313814942
0;2;6;0;0.000174376298673;4.97030632687e-05
0;2;7;0;0.000199842164875;6.53017268633e-05
0;2;8;0;0.000134004163556;0.000132464090711
0;2;9;0;0.000129162493977;0.000118201365694
0;2;10;0;0.000107062311145;5.73246652493e-05
0;2;11;0;7.30860629119e-05;4.95764506923e-05
0;2;12;0;0.000164020806551;7.51289117034e-05
0;2;13;0;4.86112949147e-05;4.56983798358e-05
0;2;14;0;9.73900023382e-05;9.34240888455e-05
0;2;15;0;7.86292002886e-05;7.45512370486e-05
0;2;16;0;6.71700836392e-05;6.64622566546e-05
0;2;17;0;3.69934277842e-05;3.3962805901e-05
0;3;0;0;0.00132665631827;0.000539137399755
0;3;1;0;0.00672018714249;0.00322626903653
0;3;2;0;0.005281326361;0.00151706149336
0;3;3;0;0.00260900706053;0.00098919426091
0;3;4;0;0.00171093351673;0.000392593356082
0;3;5;0;0.00335482764058;0.000542216061149
0;3;6;0;0.0033963965252;0.000652989256196
0;3;7;0;0.00186224339996;0.000512297090609
0;3;8;0;0.00147534743883;0.000112261121103
0;3;9;0;0.00105251709465;0.000630699971225
0;3;10;0;0.00134280545171;0.000134022411657
0;3;11;0;0.00140012043994;0.000207189717912
0;3;12;0;0.00184987008106;0.000454048218671
0;3;13;0;0.00106921093538;0.000139210300404
0;3;14;0;0.000792297068983;0.000122216559248
0;3;15;0;0.0010756625561;0.000156014633831
0;3;16;0;0.000988709973171;0.000320460094372
0;3;17;0;0.000756338355131;7.25489589968e-05
0;4;0;0;0.00187255034689;0.00187253416516
0;4;1;0;0.00256902375259;0.00253180600703
0;4;2;0;0.00186656415462;0.0018610029947
0;4;3;0;0.00126334477682;0.00124936469365
0;4;4;0;0.000424526399001;0.000382063008146
0;4;5;0;0.00131131184753;0.00131130835507
0;4;6;0;0.000735197390895;0.000735195761081
0;4;7;0;0.00192876369692;0.00192875321954
0;4;8;0;0.000804577255622;0.000358955236152
0;4;9;0;0.00673200795427;0.00597286690027
0;4;10;0;0.00166840234306;0.00136926490813
0;4;11;0;0.0544770695269;0.00617167074233
0;4;12;0;0.00144173600711;0.0014417321654
0;4;13;0;0.00192968815099;0.000781013979577
0;4;14;0;0.00214642239735;0.000343708583387
0;4;15;0;0.0640911534429;0.0576965324581
0;4;16;0;0.0631253123283;0.0558116585016
0;4;17;0;0.0027473596856;0.00079209409887
0;5;0;0;0.00534156477079;0.00346739427187
0;5;1;0;0.00957059767097;0.00734953442588
0;5;2;0;0.0078433426097;0.00629386212677
0;5;3;0;0.000641289167106;0.000637869699858
0;5;4;0;0.00396572705358;0.00338082760572
0;5;5;0;0.01429213956;0.0130474139005
0;5;6;0;0.0130071220919;0.0118119614199
0;5;7;0;0.000674252863973;0.000344190571923
0;5;8;0;0.00183032639325;0.00183032639325
0;5;9;0;0.000741663039662;0.000271713448456
0;5;10;0;0.000887947855517;0.000474901782582
0;5;11;0;0.000645043910481;0.000644642743282
0;5;12;0;0.000358554447303;0.000358366552973
0;5;13;0;0.000678158481605;0.000678158481605
0;5;14;0;0.0010082765948;0.0010082765948
0;5;15;0;0.00230136374012;0.00230136048049
0;5;16;0;0.00217622634955;0.00217621237971
0;5;17;0;0.000697726325598;0.000697726325598
0;6;0;0;0.00117032369599;1.52369227635e-06
0;6;1;0;0.000475321459817;0.000151014552102
0;6;2;0;0.000284292036667;0.000183654221473
0;6;3;0;0.000298901024507;5.51967605134e-05
0;6;4;0;0.00177758303471;2.03167587642e-06
0;6;5;0;0.000876639620401;0.000408732972573
0;6;6;0;0.000706491817255;0.000580606982112
0;6;7;0;0.00056348904036;0.000332246854668
0;6;8;0;0.00210983189754;1.1122041542e-05
0;6;9;0;0.00280430540442;0.00215205247514
0;6;10;0;0.00101199781056;0.000621328421403
0;6;11;0;0.000880216306541;0.000550977420062
0;6;12;0;0.00065956718754;0.00038106853026
0;6;13;0;0.000760300375987;0.00027643473004
0;6;14;0;0.0031249744352;0.00059828220401
0;6;15;0;0.00229814904742;0.00140589335933
0;6;16;0;0.00176584848668;0.000841426895931
0;6;17;0;0.000884689099621;0.00063301587943
0;7;0;0;2.74267358691e-06;2.1820881102e-06
0;7;1;0;1.92572565538e-06;1.59546758027e-07
0;7;2;0;2.16164244193e-06;1.64958578353e-06
0;7;3;0;3.01862633023e-06;2.7446585591e-06
0;7;4;0;1.38615259857e-05;2.41869156525e-06
0;7;5;0;4.98974759466e-06;4.85006512463e-06
0;7;6;0;3.85748808185e-06;3.85697831007e-06
0;7;7;0;4.10855909649e-06;7.79462880018e-07
0;7;8;0;2.90099724225e-05;2.3148213586e-06
0;7;9;0;1.62521209859e-05;1.62521191669e-05
0;7;10;0;5.61042770642e-06;5.59885620532e-06
0;7;11;0;3.21609968523e-06;1.72267277776e-06
0;7;12;0;5.47758972971e-05;3.33480384143e-05
0;7;13;0;9.98814575723e-05;2.31991489272e-05
0;7;14;0;0.000152027583681;2.45595310844e-06
0;7;15;0;1.31250562845e-05;1.28020938064e-05
0;7;16;0;3.27294837916e-05;3.27292073052e-05
0;7;17;0;0.000234307939536;5.74371952098e-05
0;8;0;0;1.4696196331e-06;1.41890177474e-06
0;8;1;0;7.98760993348e-07;7.98646055955e-07
0;8;2;0;2.39809054392e-07;2.37474807818e-07
0;8;3;0;1.97278268388e-07;1.64039036576e-07
0;8;4;0;1.97388567358e-06;1.69820782503e-06
0;8;5;0;1.40326267228e-06;1.39170015245e-06
0;8;6;0;1.27536691252e-06;1.27513294501e-06
0;8;7;0;2.05937951137e-07;2.05890671623e-07
0;8;8;0;2.63312472271e-06;1.91228832591e-06
0;8;9;0;9.88903707366e-07;6.6727147896e-07
0;8;10;0;7.8367770584e-07;7.81257654126e-07
0;8;11;0;5.73714999064e-07;5.14680323249e-07
0;8;12;0;7.99378824468e-07;7.98366897925e-07
0;8;13;0;1.28317469716e-06;1.0100181953e-06
0;8;14;0;3.1226536521e-06;1.98518114303e-06
0;8;15;0;3.29120257447e-06;3.29112276631e-06
0;8;16;0;1.4259519503e-06;1.42429416883e-06
0;8;17;0;1.84859823094e-06;1.51110009483e-06
0;9;0;0;7.38494179586e-07;7.38296307645e-07
0;9;1;0;9.84583039099e-07;9.60581701293e-07
0;9;2;0;1.2104200664e-07;1.20007129567e-07
0;9;3;0;6.04059380294e-08;5.81277568301e-08
0;9;4;0;1.00587669749e-06;1.00587669749e-06
0;9;5;0;6.10757808772e-07;6.10276231328e-07
0;9;6;0;6.77141144934e-07;6.74929481193e-07
0;9;7;0;2.64247262294e-07;2.63709466708e-07
0;9;8;0;1.31731565034e-06;1.29084037326e-06
0;9;9;0;5.0523453865e-07;5.02815112213e-07
0;9;10;0;2.84973395992e-07;2.81902174493e-07
0;9;11;0;1.14611680146e-07;1.02840694183e-07
0;9;12;0;8.13304126268e-08;8.00006247914e-08
0;9;13;0;1.48523099597e-07;1.4630668943e-07
0;9;14;0;1.48605784034e-06;1.3844219211e-06
0;9;15;0;9.86973873296e-07;9.72984025793e-07
0;9;16;0;3.41037974749e-07;3.4103382518e-07
0;9;17;0;2.37717856066e-07;2.34156274814e-07
1;0;0;0;3.07527843688e-05;2.97249152936e-05
1;0;1;0;2.41800116783e-05;2.40604749706e-05
1;0;2;0;1.54968547577e-05;1.53372875502e-05
1;0;3;0;1.98474153876e-05;1.95591892407e-05
1;0;4;0;1.25216010929e-05;1.25133228721e-05
1;0;5;0;1.83874490176e-05;1.83874490176e-05
1;0;6;0;1.74995384441e-05;1.74995384441e-05
1;0;7;0;1.71785068233e-05;1.71748124558e-05
1;0;8;0;8.94308686838e-06;8.94308686838e-06
1;0;9;0;1.60513682204e-05;1.60513682204e-05
1;0;10;0;4.11188921134e-06;4.10902248404e-06
1;0;11;0;3.07254845211e-06;3.07100890495e-06
1;0;12;0;1.6219828467e-05;1.59965693456e-05
1;0;13;0;2.06259137485e-05;2.06259137485e-05
1;0;14;0;1.22329474834e-05;1.22274750538e-05
1;0;15;0;7.23031143934e-06;7.23031143934e-06
1;0;16;0;4.0343757064e-06;4.01445822718e-06
1;0;17;0;1.45951880768e-05;1.45951880768e-05
1;1;0;0;3.99744021706e-05;3.43854844687e-05
1;1;1;0;3.94370617869e-05;3.6853558413e-05
1;1;2;0;3.31233313773e-05;3.11958829116e-05
1;1;3;0;3.17112171615e-05;2.92524746328e-05
1;1;4;0;3.5384662624e-05;3.20085673593e-05
1;1;5;0;3.37877463608e-05;3.04981476802e-05
1;1;6;0;3.43408901244e-05;3.34096912411e-05
1;1;7;0;3.14227545459e-05;2.96592043014e-05
1;1;8;0;2.50657922152e-05;2.39556575252e-05
1;1;9;0;3.29279573634e-05;3.29212307406e-05
1;1;10;0;2.48892374657e-05;2.44704751822e-05
1;1;11;0;2.34222679865e-05;2.31389694818e-05
1;1;12;0;3.0149027225e-05;2.81939646811e-05
1;1;13;0;2.13514013012e-05;2.13220246223e-05
1;1;14;0;2.62099529209e-05;2.57492665696e-05
1;1;15;0;2.55152062891e-05;2.53879934462e-05
1;1;16;0;2.56898201769e-05;2.53874841292e-05
1;1;17;0;1.99831792997e-05;1.96553301066e-05
1;2;0;0;0.000263512221863;0.000109855311166
1;2;1;0;0.000594636658207;8.65232141223e-05
1;2;2;0;0.000609666341916;6.35682372376e-05
1;2;3;0;0.000390772620449;3.33343705279e-05
1;2;4;0;0.000139758660225;8.20587010821e-05
1;2;5;0;0.000151633430505;9.95727896225e-05
1;2;6;0;0.000120018761663;5.6680997659e-05
1;2;7;0;0.000140735806781;4.18645358877e-05
1;2;8;0;5.15892352269e-05;2.04937459785e-05
1;2;9;0;7.878310862e-05;5.55916776648e-05
1;2;10;0;7.40119430702e-05;3.75165800506e-05
1;2;11;0;5.07483819092e-05;3.32250165229e-05
1;2;12;0;0.000108741878648;4.75633532915e-05
1;2;13;0;3.64910374628e-05;3.51952658093e-05
1;2;14;0;3.77756878152e-05;3.32929521392e-05
1;2;15;0;4.13865345763e-05;3.97586663894e-05
1;2;16;0;3.71372152586e-05;3.61346938007e-05
1;2;17;0;3.19790597132e-05;2.93174507533e-05
1;3;0;0;0.00181812793016;0.000895100238267
1;3;1;0;0.00348744983785;0.00122245657258
1;3;2;0;0.00296950200573;0.000745813187677
1;3;3;0;0.00221372046508;0.000803967297543
1;3;4;0;0.00166878779419;0.000649102323223
1;3;5;0;0.00210794922896;0.000376876501832
1;3;6;0;0.00213185953908;0.000436630652985
1;3;7;0;0.00169022008777;0.00087224325398
1;3;8;0;0.00107587862294;0.000225362819037
1;3;9;0;0.00102282059379;0.000872500182595
1;3;10;0;0.00125141849276;0.000169688850292
1;3;11;0;0.00122677418403;9.79222822934e-05
1;3;12;0;0.00146611966193;0.000236064850469
1;3;13;0;0.00091227790108;0.000129258740344
1;3;14;0;0.000603071588557;6.0968377511e-05
1;3;15;0;0.000959922559559;0.00023042250541
1;3;16;0;0.000956456759013;0.000200512979063
1;3;17;0;0.000629915622994;6.97010691511e-05
1;4;0;0;0.00246510468423;0.00246510468423
1;4;1;0;0.00223186402582;0.00223186402582
1;4;2;0;0.001873304951;0.00184256618377
1;4;3;0;0.000911133654881;0.000910356466193
1;4;4;0;0.00116384611465;0.00116384390276
1;4;5;0;0.000721396470908;0.000720543845091
1;4;6;0;0.000536493898835;0.000511112855747
1;4;7;0;0.000978083116934;0.0008892636979
1;4;8;0;0.0101493401453;0.00322722154669
1;4;9;0;0.00365557265468;0.00331442942843
1;4;10;0;0.000716823153198;0.00063852861058
1;4;11;0;0.0481910407543;0.00108411628753
1;4;12;0;0.00127655547112;0.00127528235316
1;4;13;0;0.00206276751123;0.000790622318164
1;4;14;0;0.00331923365593;0.000786218850408
1;4;15;0;0.00570508558303;0.00248715328053
1;4;16;0;0.00380741595291;0.00159627792891
1;4;17;0;0.00240497337654;0.000519145629369
1;5;0;0;0.00287648453377;0.00169729301706
1;5;1;0;0.0073588504456;0.00617699511349
1;5;2;0;0.00331443268806;0.00284725474194
1;5;3;0;0.000603982771281;0.000357998855179
1;5;4;0;0.0116002261639;0.011078953743
1;5;5;0;0.0127904387191;0.0119906431064
1;5;6;0;0.0131527390331;0.0126231322065
1;5;7;0;0.000594687415287;0.000558073399588
1;5;8;0;0.00173380039632;0.00173380039632
1;5;9;0;0.000614046002738;0.000438329967437
1;5;10;0;0.00128478044644;0.00107089721132
1;5;11;0;0.000774988089688;0.0007119414513
1;5;12;0;0.000632605573628;0.000404175079893
1;5;13;0;0.000504098541569;0.000504098541569
1;5;14;0;0.00117128738202;0.00117111043073
1;5;15;0;0.00183224538341;0.00183224538341
1;5;16;0;0.00181180343498;0.00181180343498
1;5;17;0;0.000505339587107;0.000505339587107
1;6;0;0;0.000329884962412;6.75827541272e-05
1;6;1;0;8.82911263034e-05;3.18338534271e-05
1;6;2;0;9.23324623727e-05;8.7604385044e-05
1;6;3;0;9.06120912987e-05;2.03300496651e-05
1;6;4;0;0.00047985339188;0.000101697558421
1;6;5;0;0.000312363088597;0.000108714230009
1;6;6;0;0.000298868748359;0.000154068358825
1;6;7;0;0.000185881261132;3.23820495396e-05
1;6;8;0;0.000682776444592;0.000161293020938
1;6;9;0;0.000793312559836;0.000511949590873
1;6;10;0;0.000318636157317;0.000129914711579
1;6;11;0;0.000344399828464;0.000185100725503
1;6;12;0;0.000308669055812;0.000213044884731
1;6;13;0;0.000341580423992;0.000239690823946
1;6;14;0;0.00104053458199;0.00048501251149
1;6;15;0;0.000840229680762;0.000668947934173
1;6;16;0;0.000709350744728;0.000631597067695
1;6;17;0;0.00047754868865;0.000477473513456
1;7;0;0;1.85506598882e-06;1.68655174093e-06
1;7;1;0;6.31307329968e-06;6.31304510534e-06
1;7;2;0;1.19129504128e-06;1.00520310298e-06
1;7;3;0;4.21431138875e-07;1.83475165727e-07
1;7;4;0;2.82567671093e-05;2.53526377492e-05
1;7;5;0;1.69546110556e-05;1.55217567226e-05
1;7;6;0;2.41831571657e-06;1.79862684035e-06
1;7;7;0;1.23074369185e-06;7.36158710879e-07
1;7;8;0;8.35057071527e-05;8.33237136248e-05
1;7;9;0;5.03713272337e-06;3.91946787204e-06
1;7;10;0;4.76689774587e-06;1.71591966591e-06
1;7;11;0;1.86339802895e-05;1.65765868587e-05
1;7;12;0;1.77485071617e-05;1.77485071617e-05
1;7;13;0;1.56942369358e-05;7.42497059036e-06
1;7;14;0;0.000168557220604;3.07685841108e-05
1;7;15;0;5.67340721318e-05;5.6209955801e-05
1;7;16;0;6.97130235494e-05;4.86620956508e-05
1;7;17;0;5.28262426087e-05;2.70524069492e-05
1;8;0;0;1.61482745398e-07;1.61380057762e-07
1;8;1;0;2.0976541748e-07;2.03415510214e-07
1;8;2;0;2.23069477556e-07;2.22557915208e-07
1;8;3;0;1.49663122784e-07;1.49631233626e-07
1;8;4;0;1.23516429085e-06;1.23409733988e-06
1;8;5;0;4.65922568083e-07;4.64969104996e-07
1;8;6;0;8.67375717917e-08;8.58061568465e-08
1;8;7;0;1.29946428729e-07;1.29850207031e-07
1;8;8;0;2.09269910556e-06;1.7286779439e-06
1;8;9;0;1.07779982272e-07;1.07611150213e-07
1;8;10;0;1.80064233746e-07;1.78700588549e-07
1;8;11;0;1.17021286883e-07;1.03398910767e-07
1;8;12;0;9.61588426662e-08;9.45173326272e-08
1;8;13;0;1.10167057699e-07;1.07796054749e-07
1;8;14;0;1.83510383067e-06;1.2394807527e-06
1;8;15;0;5.70009149214e-07;5.63238870654e-07
1;8;16;0;4.85283635498e-07;4.82966356685e-07
1;8;17;0;3.44333443536e-07;2.67802846565e-07
1;9;0;0;9.71697815544e-08;9.71113465198e-08
1;9;1;0;9.41888515626e-07;9.41834400692e-07
1;9;2;0;7.75828610244e-08;7.73557786715e-08
1;9;3;0;6.79331506603e-08;6.75869600286e-08
1;9;4;0;7.46248929318e-08;7.46133181906e-08
1;9;5;0;2.66268500582e-07;2.66253664449e-07
1;9;6;0;1.19958629696e-08;1.17598908389e-08
1;9;7;0;2.62656641326e-07;2.62631658643e-07
1;9;8;0;1.1376021547e-07;1.13496753329e-07
1;9;9;0;2.46095339662e-07;2.46023859063e-07
1;9;10;0;1.46475017004e-07;1.45785890027e-07
1;9;11;0;1.14987869893e-07;1.14901482107e-07
1;9;12;0;3.96574648676e-08;3.93586994107e-08
1;9;13;0;1.39815426792e-07;1.3962801404e-07
1;9;14;0;1.95263694991e-07;1.95257726432e-07
1;9;15;0;1.07068032662e-07;1.06481586215e-07
1;9;16;0;1.1363983532e-07;1.13490266074e-07
1;9;17;0;2.04684411642e-07;2.04636293688e-07
2;0;0;0;2.80178755929e-05;2.75218717434e-05
2;0;1;0;2.054669676e-05;2.054669676e-05
2;0;2;0;9.90932130662e-06;9.64246464719e-06
2;0;3;0;9.45874216995e-06;8.81051346369e-06
2;0;4;0;1.11984700197e-05;1.11980180009e-05
2;0;5;0;1.24271400637e-05;1.24271400637e-05
2;0;6;0;1.5235866158e-05;1.523561059e-05
2;0;7;0;8.14337909105e-06;8.01579517429e-06
2;0;8;0;7.52744153942e-06;7.52634696255e-06
2;0;9;0;1.00093411675e-05;1.00093411675e-05
2;0;10;0;3.07633422381e-06;3.06557353724e-06
2;0;11;0;2.88666797132e-06;2.88217347588e-06
2;0;12;0;7.05067031959e-06;6.72139913149e-06
2;0;13;0;3.07770733343e-06;2.976566293e-06
2;0;14;0;9.81358425634e-06;9.81358425634e-06
2;0;15;0;4.72173314847e-06;4.72173314847e-06
2;0;16;0;2.78306947621e-06;2.76760192719e-06
2;0;17;0;4.95864742334e-06;4.79100663142e-06
2;1;0;0;3.4610304283e-05;3.06756337523e-05
2;1;1;0;3.37758465321e-05;3.33880161634e-05
2;1;2;0;1.87256628124e-05;1.54041863425e-05
2;1;3;0;1.66677873494e-05;1.37561328302e-05
2;1;4;0;2.99347484543e-05;2.77443759842e-05
2;1;5;0;2.72871384368e-05;2.54321184912e-05
2;1;6;0;2.94199453492e-05;2.8999071219e-05
2;1;7;0;1.59621031344e-05;1.35029185913e-05
2;1;8;0;2.29489305639e-05;2.24081468332e-05
2;1;9;0;2.72951165243e-05;2.72933248198e-05
2;1;10;0;1.50957648657e-05;1.41984528454e-05
2;1;11;0;1.18342404676e-05;9.98096311378e-06
2;1;12;0;1.47597456817e-05;1.29567633849e-05
2;1;13;0;1.16256687761e-05;1.04434102468e-05
2;1;14;0;2.38104566961e-05;2.37904405367e-05
2;1;15;0;1.63942168001e-05;1.61201878655e-05
2;1;16;0;1.63819968293e-05;1.6019843315e-05
2;1;17;0;1.10036962724e-05;1.01710293166e-05
2;2;0;0;0.000235742263612;7.73490755819e-05
2;2;1;0;0.000545079878066;9.08742658794e-05
2;2;2;0;0.000568079471122;7.3022354627e-05
2;2;3;0;0.000396168878069;9.18204314075e-05
2;2;4;0;6.91998211551e-05;3.31855590048e-05
2;2;5;0;0.000111505345558;5.73354955122e-05
2;2;6;0;0.000143992641824;3.03755386994e-05
2;2;7;0;0.000171568084625;1.92382594832e-05
2;2;8;0;4.48171740572e-05;2.77208037005e-05
2;2;9;0;8.1526915892e-05;4.55892986793e-05
2;2;10;0;8.27301191748e-05;1.95485390577e-05
2;2;11;0;7.14227280696e-05;1.31234646688e-05
2;2;12;0;0.000140674455906;1.60241543199e-05
2;2;13;0;1.95710454136e-05;1.4393368474e-05
2;2;14;0;3.32166600856e-05;2.99536095554e-05
2;2;15;0;3.51994640369e-05;2.80638269032e-05
2;2;16;0;3.35600343533e-05;1.93903815671e-05
2;2;17;0;1.80810930033e-05;1.46589427459e-05
2;3;0;0;0.00204746052623;0.000794291554485
2;3;1;0;0.00252722995356;0.000502106617205
2;3;2;0;0.00232596020214;0.000313701457344
2;3;3;0;0.00174330640584;0.000155614412506
2;3;4;0;0.00139674835373;0.000582790875342
2;3;5;0;0.00200234283693;0.000536328065209
2;3;6;0;0.00173477036878;0.00076663197251
2;3;7;0;0.00155595841352;0.000367895321688
2;3;8;0;0.00114676717203;0.000299363542581
2;3;9;0;0.0010155919008;0.00100606423803
2;3;10;0;0.0011242715409;0.000121814468002
2;3;11;0;0.00108420767356;0.000150123712956
2;3;12;0;0.00131566438358;0.000388935382944
2;3;13;0;0.000859763706103;0.000247560936259
2;3;14;0;0.00056989339646;3.65169180441e-05
2;3;15;0;0.000889719987754;0.000116624665679
2;3;16;0;0.000876782811247;0.000193638930796
2;3;17;0;0.000611768045928;0.000162390613696
2;4;0;0;0.00230939616449;0.00230939616449
2;4;1;0;0.00221386412159;0.00221386412159
2;4;2;0;0.00157361989841;0.00156209571287
2;4;3;0;0.000313178927172;0.000132005152409
2;4;4;0;0.0010376496939;0.0010376496939
2;4;5;0;0.000742278352845;0.000742278352845
2;4;6;0;0.000661407830194;0.000661407830194
2;4;7;0;0.000332521012751;0.000199793663342
2;4;8;0;0.09018740803;0.0878801271319
2;4;9;0;0.01008677762;0.00796008482575
2;4;10;0;0.000730642641429;0.00068424816709
2;4;11;0;0.00846933200955;0.00165974057745
2;4;12;0;0.000448265724117;0.000228581120609
2;4;13;0;0.00138575560413;0.000169345366885
2;4;14;0;0.00627961568534;0.00169946707319
2;4;15;0;0.00735905859619;0.00352842570283
2;4;16;0;0.00836825370789;0.00657453481108
2;4;17;0;0.0017760633491;0.000160290321219
2;5;0;0;0.00121532473713;0.00121532473713
2;5;1;0;0.00126492453273;0.00125976291019
2;5;2;0;0.000341368315276;0.000244734052103
2;5;3;0;0.000266607763479;4.29489700764e-05
2;5;4;0;0.0121862199157;0.0119388252497
2;5;5;0;0.0423380583525;0.0414124913514
2;5;6;0;0.00062127399724;0.000454993714811
2;5;7;0;0.000239127883106;3.78536969947e-05
2;5;8;0;0.00155573559459;0.00155573559459
2;5;9;0;0.000383496080758;0.000254410435446
2;5;10;0;0.00120488228276;0.00112500600517
2;5;11;0;0.00130536744837;0.00130459491629
2;5;12;0;0.000261491164565;0.00016098289052
2;5;13;0;0.000223916984396;5.83798209846e-05
2;5;14;0;0.000894861703273;0.000894861703273
2;5;15;0;0.00106164684985;0.00106164684985
2;5;16;0;0.00172112463042;0.00172112463042
2;5;17;0;0.000145071302541;0.000101338744571
2;6;0;0;0.000126119703054;4.15834401792e-05
2;6;1;0;4.26053557021e-05;2.30875830312e-05
2;6;2;0;3.69019435311e-05;2.38412503677e-05
2;6;3;0;7.77679742896e-05;2.68536177828e-06
2;6;4;0;0.000173078238731;5.73295765207e-05
2;6;5;0;0.000136806891533;9.83145000646e-05
2;6;6;0;0.000137931870995;0.000130419924972
2;6;7;0;0.00014656415442;2.27912596529e-06
2;6;8;0;0.000490307284053;0.000290091469651
2;6;9;0;0.000964417879004;0.000910091213882
2;6;10;0;0.000185200871783;5.54419784748e-05
2;6;11;0;0.000219739929889;9.93668872979e-05
2;6;12;0;0.000180947638;4.42408281742e-06
2;6;13;0;0.000233605242101;7.91469574324e-06
2;6;14;0;0.00058085587807;0.000441413896624
2;6;15;0;0.00069358519977;0.000623422616627
2;6;16;0;0.000547958596144;0.000413454865338
2;6;17;0;0.000264123518718;2.3846860131e-05
2;7;0;0;6.21634569598e-07;5.55907888611e-07
2;7;1;0;1.059090323e-06;1.00134695913e-06
2;7;2;0;3.27955763169e-06;3.03685123981e-06
2;7;3;0;4.17195633418e-06;2.57725605479e-06
2;7;4;0;4.55569625046e-06;8.38802918679e-07
2;7;5;0;3.61190768672e-06;2.89552031063e-06
2;7;6;0;1.99444957616e-06;1.86062152352e-06
2;7;7;0;4.61294121124e-06;2.84072189061e-06
2;7;8;0;2.49242584687e-05;2.47837306233e-05
2;7;9;0;6.37760331301e-06;6.37748689769e-06
2;7;10;0;5.99984241489e-06;3.40289216183e-06
2;7;11;0;6.74613056617e-06;5.96214795223e-06
2;7;12;0;4.66742176286e-06;2.90401226266e-06
2;7;13;0;1.88377944141e-05;3.07090158458e-06
2;7;14;0;2.36511950789e-05;2.05918586289e-05
2;7;15;0;1.20214572235e-05;1.16181963676e-05
2;7;16;0;2.11935857806e-05;1.57782124006e-05
2;7;17;0;4.38291681348e-05;2.8960016607e-06
2;8;0;0;1.38386283766e-07;1.3766660345e-07
2;8;1;0;1.87249199257e-07;1.86770094501e-07
2;8;2;0;4.37663175035e-07;4.37121826735e-07
2;8;3;0;1.3488603372e-06;1.02871319996e-06
2;8;4;0;5.73059324438e-08;5.72023530765e-08
2;8;5;0;2.90250650181e-08;2.87676886757e-08
2;8;6;0;2.86107422198e-08;2.74687170787e-08
2;8;7;0;8.29079795039e-07;6.85055397298e-07
2;8;8;0;1.75488679588e-07;1.4844518148e-07
2;8;9;0;4.84484914409e-08;4.78143427074e-08
2;8;10;0;2.06545587389e-06;1.69520774307e-06
2;8;11;0;2.25363692152e-06;1.80512938641e-06
2;8;12;0;1.92429638446e-06;1.41773409723e-06
2;8;13;0;3.36011748914e-06;2.37327776631e-06
2;8;14;0;4.56821538819e-07;3.71971651703e-07
2;8;15;0;7.91242314335e-07;6.5358443635e-07
2;8;16;0;2.02947148864e-06;1.76080152414e-06
2;8;17;0;3.51251605935e-06;2.34031404034e-06
2;9;0;0;9.52291046019e-08;9.51643031044e-08
2;9;1;0;9.27620078528e-07;9.27452390442e-07
2;9;2;0;1.02718352935e-07;1.02049185102e-07
2;9;3;0;1.46917969346e-07;1.31695543359e-07
2;9;4;0;7.42772527929e-08;7.38885432838e-08
2;9;5;0;2.65967429414e-07;2.65887763362e-07
2;9;6;0;1.20915885304e-07;1.20273895732e-07
2;9;7;0;2.96397786315e-07;2.96109618603e-07
2;9;8;0;1.10898540129e-07;1.10489658312e-07
2;9;9;0;2.46236311341e-07;2.46097584977e-07
2;9;10;0;1.55625969001e-07;6.07073928904e-08
2;9;11;0;1.18883079381e-07;1.18201811006e-07
2;9;12;0;2.61478021457e-07;2.25562686751e-07
2;9;13;0;9.40515690218e-07;8.54430368236e-07
2;9;14;0;1.83514174523e-07;1.83436256407e-07
2;9;15;0;1.19026942969e-07;1.03546661023e-07
2;9;16;0;1.03594459233e-07;9.17575491144e-08
2;9;17;0;9.64258106251e-07;8.41992346068e-07
