0;0;0;0;1.63854965649e-05;6.0241745814e-06
0;0;1;0;6.5190026362e-05;2.63725560217e-05
0;0;2;0;3.86791361962e-05;3.60610320058e-05
0;0;3;0;3.81216304959e-05;3.7642155803e-05
0;0;4;0;1.32293553179e-05;8.2835322246e-06
0;0;5;0;2.99247694784e-05;2.92284858006e-05
0;0;6;0;1.90715254575e-05;1.48915323734e-05
0;0;7;0;2.50358207268e-05;2.18037184823e-05
0;0;8;0;5.8465652728e-06;3.88484659197e-06
0;0;9;0;8.90706178325e-06;6.87934380039e-06
0;0;10;0;4.71138309877e-06;4.10241545978e-06
0;0;11;0;3.06695051222e-06;3.0117607821e-06
0;0;12;0;3.81657664548e-05;3.27452034981e-05
0;0;13;0;3.02004318655e-05;2.63024212472e-05
0;0;14;0;3.74568912775e-06;2.7653086363e-06
0;0;15;0;4.68099869977e-06;4.47022830485e-06
0;0;16;0;5.40910332347e-06;4.5628485168e-06
0;0;17;0;2.02893406822e-05;1.64961620612e-05
0;1;0;0;0.000975824543275;0.000723115750588
0;1;1;0;0.00164262531325;0.000388521322748
0;1;2;0;0.00292596803047;0.00187881581951
0;1;3;0;0.00159197335597;0.000517852429766
0;1;4;0;0.000524018309079;0.000244504248258
0;1;5;0;0.000652131566312;0.000456287467387
0;1;6;0;0.00120983179659;0.000952518486883
0;1;7;0;0.000884637236595;0.000333127391059
0;1;8;0;0.000391784997191;0.00015914098185
0;1;9;0;0.000192848863662;0.000114818773
0;1;10;0;0.000343472318491;0.000257662002696
0;1;11;0;0.00035332061816;0.000297159072943
0;1;12;0;0.000541217450518;0.000529178825673
0;1;13;0;0.000251938123256;0.000247315765591
0;1;14;0;9.03769250726e-05;3.26934023178e-05
0;1;15;0;0.000120195792988;2.00754438993e-05
0;1;16;0;5.50529803149e-05;4.27284430771e-05
0;1;17;0;3.25274959323e-05;1.05294093373e-05
0;2;0;0;0.0104867182672;0.00716373929754
0;2;1;0;0.0156895704567;0.0044661690481
0;2;2;0;0.00439378153533;0.00408252328634
0;2;3;0;0.00180587253999;0.00179556990042
0;2;4;0;0.00457510538399;0.00178211706225
0;2;5;0;0.0067118271254;0.00428689038381
0;2;6;0;0.0058389082551;0.00279552373104
0;2;7;0;0.00475807720795;0.00130918330979
0;2;8;0;0.00346684223041;0.000954749470111
0;2;9;0;0.00410750927404;0.0017857903149
0;2;10;0;0.00442629959434;0.00130764790811
0;2;11;0;0.00353698898107;0.00163573725149
0;2;12;0;0.00446058437228;0.00111286621541
0;2;13;0;0.00293404120021;0.000513951992616
0;2;14;0;0.00228689750656;0.000792286067735
0;2;15;0;0.00318245938979;0.0015513835242
0;2;16;0;0.00263783754781;0.000712826673407
0;2;17;0;0.00226689246483;0.000683527556248
0;3;0;0;0.00198749196716;0.00193645630497
0;3;1;0;0.00571489427239;0.00571489427239
0;3;2;0;0.00495770433918;0.00495770433918
0;3;3;0;0.00203667650931;0.00203408137895
0;3;4;0;0.00143572187517;0.00140326691326
0;3;5;0;0.00410454906523;0.00410454906523
0;3;6;0;0.00399083411321;0.00399083411321
0;3;7;0;0.0031207469292;0.00311081227846
0;3;8;0;0.00139876781031;0.00132250459865
0;3;9;0;0.00309440726414;0.00309440726414
0;3;10;0;0.00115087581798;0.00106142833829
0;3;11;0;0.00303457165137;0.00303456955589
0;3;12;0;0.0029003105592;0.00290030823089
0;3;13;0;0.00144096114673;0.00132336153183
0;3;14;0;0.000969541142695;0.00069591565989
0;3;15;0;0.00443118950352;0.00443118950352
0;3;16;0;0.00455102836713;0.00435896217823
0;3;17;0;0.0014166313922;0.00131584866904
0;4;0;0;0.0013677617535;0.00136774010025
0;4;1;0;0.000185097174835;0.000184308650205
0;4;2;0;0.00012692551536;0.000126902159536
0;4;3;0;0.000758828595281;0.000758826558013
0;4;4;0;0.00224942550994;0.00224913423881
0;4;5;0;0.0025971843861;0.00259705469944
0;4;6;0;0.00253142276779;0.00253122881986
0;4;7;0;0.00122934475075;0.00122930982616
0;4;8;0;0.0023366981186;0.00233573443256
0;4;9;0;0.00516228238121;0.00516228238121
0;4;10;0;0.00161537993699;0.00161537993699
0;4;11;0;0.00330067472532;0.00330060324632
0;4;12;0;0.00264121638611;0.00264115841128
0;4;13;0;0.00245783873834;0.00245783734135
0;4;14;0;0.00213618949056;0.00199043168686
0;4;15;0;0.00556480325758;0.00556345004588
0;4;16;0;0.00416977377608;0.00416966667399
0;4;17;0;0.00237225415185;0.00237225322053
0;5;0;0;4.63740570922e-06;4.63480137114e-06
0;5;1;0;3.05509661302e-06;2.67842119683e-06
0;5;2;0;1.10455096092e-06;1.10285361643e-06
0;5;3;0;3.3272877431e-07;3.32673124603e-07
0;5;4;0;0.00215946510434;0.00215945066884
0;5;5;0;0.00172702362761;0.00172698730603
0;5;6;0;0.00110418570694;0.00110415322706
0;5;7;0;0.00115251413081;0.00115251413081
0;5;8;0;0.00107364950236;0.00107362424023
0;5;9;0;0.00332680251449;0.00332675920799
0;5;10;0;0.00214295368642;0.00214295368642
0;5;11;0;0.00092793762451;0.00092793762451
0;5;12;0;0.00115836155601;0.00115835701581
0;5;13;0;0.00112014834303;0.00112014834303
0;5;14;0;0.0010549549479;0.00105485250242
0;5;15;0;0.000173528460437;0.00017352377472
0;5;16;0;0.000231550104218;0.000231544749113
0;5;17;0;0.000842592213303;0.000842434819788
0;6;0;0;1.45092855064e-07;1.45088066006e-07
0;6;1;0;5.99030300918e-08;5.98964504661e-08
0;6;2;0;1.56472637514e-07;1.56467848456e-07
0;6;3;0;1.17871028493e-08;1.17850813552e-08
0;6;4;0;1.81778233355e-07;1.81778005981e-07
0;6;5;0;7.58041380777e-08;7.58018430247e-08
0;6;6;0;1.45029716236e-07;1.45026206155e-07
0;6;7;0;8.48696615208e-08;8.48599626124e-08
0;6;8;0;1.18977126817e-07;1.18977119712e-07
0;6;9;0;4.09981083749e-07;4.09980515315e-07
0;6;10;0;7.75845592216e-08;7.75285116106e-08
0;6;11;0;8.13162301938e-08;8.1316215983e-08
0;6;12;0;1.50094805917e-07;1.5009251797e-07
0;6;13;0;2.90846884354e-08;2.90819848203e-08
0;6;14;0;6.65712889258e-07;6.6571175239e-07
0;6;15;0;5.87938700392e-07;5.87937449836e-07
0;6;16;0;4.77138314636e-07;4.77135586152e-07
0;6;17;0;1.74239289663e-07;1.74236703288e-07
0;7;0;0;2.93110645089e-07;2.9310734817e-07
0;7;1;0;1.52913614215e-07;1.52909450435e-07
0;7;2;0;5.61832251833e-08;5.61716291259e-08
0;7;3;0;1.49346107037e-07;1.4933468151e-07
0;7;4;0;2.9832537507e-07;2.9832403925e-07
0;7;5;0;7.01917546309e-09;7.01799507397e-09
0;7;6;0;2.98327734072e-07;2.98324977166e-07
0;7;7;0;1.63888334015e-08;1.63825788491e-08
0;7;8;0;1.50697900381e-07;1.50697232471e-07
0;7;9;0;1.04230721831e-07;1.042170652e-07
0;7;10;0;1.20571741036e-07;1.20562688721e-07
0;7;11;0;1.51592985276e-07;1.5158823885e-07
0;7;12;0;4.59165256927e-08;4.5913470359e-08
0;7;13;0;2.98528675557e-07;2.98524383879e-07
0;7;14;0;2.92592318374e-07;2.92588140383e-07
0;7;15;0;2.98786630992e-07;2.98777592889e-07
0;7;16;0;3.02704620481e-07;3.02692939158e-07
0;7;17;0;2.9680555258e-07;2.96800152455e-07
0;8;0;0;7.15395884754e-08;7.15310548571e-08
0;8;1;0;5.45988037004e-08;5.45948708464e-08
0;8;2;0;3.05980250914e-07;3.05976925574e-07
0;8;3;0;3.60644776265e-08;3.60635041829e-08
0;8;4;0;1.49260927174e-07;1.49259449245e-07
0;8;5;0;8.89427020923e-09;8.89153639605e-09
0;8;6;0;2.04302299522e-08;2.0427670222e-08
0;8;7;0;1.45593190837e-07;1.45580372646e-07
0;8;8;0;2.16620552607e-08;2.16618207816e-08
0;8;9;0;1.49559710394e-07;1.49555901885e-07
0;8;10;0;5.00621872845e-08;5.0055469103e-08
0;8;11;0;1.97510789945e-08;1.97503915444e-08
0;8;12;0;4.11443998871e-08;4.11290379532e-08
0;8;13;0;1.48100781416e-07;1.48094230212e-07
0;8;14;0;2.42588189536e-08;2.42550708407e-08
0;8;15;0;1.59950729994e-07;1.59946637268e-07
0;8;16;0;4.53736646477e-07;4.53729910532e-07
0;8;17;0;5.7089200034e-09;5.70432856506e-09
0;9;0;0;7.57777911531e-08;7.57756737357e-08
0;9;1;0;8.75361763519e-07;8.75325895322e-07
0;9;2;0;8.10457692069e-08;8.10315157196e-08
0;9;3;0;5.39426316948e-08;5.39256568288e-08
0;9;4;0;7.02334403968e-08;7.02322324742e-08
0;9;5;0;3.00832539324e-07;3.00830464539e-07
0;9;6;0;1.04889352315e-07;1.04866174411e-07
0;9;7;0;2.96281285728e-07;2.96279580425e-07
0;9;8;0;1.53078886456e-07;1.53078659082e-07
0;9;9;0;2.99807169313e-07;2.99755981814e-07
0;9;10;0;1.10282222465e-07;1.10275529153e-07
0;9;11;0;1.51734624865e-07;1.5173172585e-07
0;9;12;0;4.65619010015e-08;4.65457041798e-08
0;9;13;0;8.02675330647e-08;8.02663180366e-08
0;9;14;0;9.78362209025e-08;9.78340111146e-08
0;9;15;0;1.11850241069e-07;1.11839405292e-07
0;9;16;0;1.5137990772e-07;1.51378685587e-07
0;9;17;0;1.40893348544e-07;1.40889710565e-07
1;0;0;0;3.57166863978e-05;3.4784021409e-05
1;0;1;0;5.09772980877e-05;4.63616015622e-05
1;0;2;0;3.60582816938e-05;3.60582816938e-05
1;0;3;0;4.3917199946e-05;3.97369185521e-05
1;0;4;0;3.39794351021e-05;3.13200725941e-05
1;0;5;0;5.82828106417e-05;5.46867995581e-05
1;0;6;0;3.64226216334e-05;3.58911274816e-05
1;0;7;0;3.52118695446e-05;3.09040115098e-05
1;0;8;0;1.2576426343e-05;5.9043723013e-06
1;0;9;0;3.69540539396e-05;3.55375086656e-05
1;0;10;0;1.2377639905e-05;1.19929745779e-05
1;0;11;0;1.63248187164e-05;1.63248187164e-05
1;0;12;0;4.56737870991e-05;4.23723759013e-05
1;0;13;0;8.4869316197e-05;8.37535917526e-05
1;0;14;0;4.13444540754e-05;4.11957698816e-05
1;0;15;0;3.01190666505e-05;3.00560004689e-05
1;0;16;0;2.15990548895e-05;2.0803492589e-05
1;0;17;0;4.21922377427e-05;4.02582445531e-05
1;1;0;0;0.00246120337397;0.00246120267548
1;1;1;0;0.00222053215839;0.000225301817409
1;1;2;0;0.00343194883317;0.00233196560293
1;1;3;0;0.00221048854291;0.00156925828196
1;1;4;0;0.000901465071365;0.000647698296234
1;1;5;0;0.00198957463726;0.0012668762356
1;1;6;0;0.00121086160652;0.000671419606078
1;1;7;0;0.00119120639283;0.000984739046544
1;1;8;0;0.000253117003012;0.000227343654842
1;1;9;0;0.000452199048596;0.000449359999038
1;1;10;0;0.000213675841223;0.000161659379955
1;1;11;0;0.000554036465473;0.000537513580639
1;1;12;0;0.000982616445981;0.000961117795669
1;1;13;0;0.000610915420111;0.000595350342337
1;1;14;0;4.15733775299e-05;4.12264707847e-05
1;1;15;0;0.000119478405395;0.000119420743431
1;1;16;0;0.000142693461385;0.000134900692501
1;1;17;0;7.26393627701e-05;6.73354952596e-05
1;2;0;0;0.00330891390331;0.000831821700558
1;2;1;0;0.00534475361928;0.00534475361928
1;2;2;0;0.00343343662098;0.00343343662098
1;2;3;0;0.00195673084818;0.00133146252483
1;2;4;0;0.00638146558776;0.00241521652788
1;2;5;0;0.00752005213872;0.0014251008397
1;2;6;0;0.00625197775662;0.00164952792693
1;2;7;0;0.00411750096828;0.00187285733409
1;2;8;0;0.00632938044146;0.00481969024986
1;2;9;0;0.00623077480122;0.00287577230483
1;2;10;0;0.00310656428337;0.00107488024514
1;2;11;0;0.00349474535324;0.00123736390378
1;2;12;0;0.00985761266202;0.00219415617175
1;2;13;0;0.0025409089867;0.00126508693211
1;2;14;0;0.00190288759768;0.00190288678277
1;2;15;0;0.00342229241505;0.000403915066272
1;2;16;0;0.00344761111774;0.00122408161405
1;2;17;0;0.00168550456874;0.00119411607739
1;3;0;0;0.00246586068533;0.00246584415436
1;3;1;0;0.00497226091102;0.00497226091102
1;3;2;0;0.00363466725685;0.00363466655836
1;3;3;0;0.00218509626575;0.00218507414684
1;3;4;0;0.00165952485986;0.00165952462703
1;3;5;0;0.00380155490711;0.00380155490711
1;3;6;0;0.00417062733322;0.00417062733322
1;3;7;0;0.00364656280726;0.00364656280726
1;3;8;0;0.00378208025359;0.00368074933067
1;3;9;0;0.00264359195717;0.00264359172434
1;3;10;0;0.000759249553084;0.000491324346513
1;3;11;0;0.00294704758562;0.00294704758562
1;3;12;0;0.00284593598917;0.00284593342803
1;3;13;0;0.00170343520585;0.00154767453205
1;3;14;0;0.0012201241916;0.000302994740196
1;3;15;0;0.00573459547013;0.00573459547013
1;3;16;0;0.00522384978831;0.00522384978831
1;3;17;0;0.00183223909698;0.0015787758166
1;4;0;0;0.00139873079024;0.00139873079024
1;4;1;0;0.000270345975878;0.000270308024483
1;4;2;0;0.000358535238774;0.000358459510608
1;4;3;0;0.000818807980977;0.000818803498987
1;4;4;0;0.00255813752301;0.00255813426338
1;4;5;0;0.00256731268018;0.00256727915257
1;4;6;0;0.00246074446477;0.00246074376628
1;4;7;0;0.00136036856566;0.00136036856566
1;4;8;0;0.00413913466036;0.00413911789656
1;4;9;0;0.00410724803805;0.00410724803805
1;4;10;0;0.00153241807129;0.00152204721235
1;4;11;0;0.00290422933176;0.00290421489626
1;4;12;0;0.00252856290899;0.00251749600284
1;4;13;0;0.00246439105831;0.00246439105831
1;4;14;0;0.00294137978926;0.00294135021977
1;4;15;0;0.00464994134381;0.00464994134381
1;4;16;0;0.0036178608425;0.0036178608425
1;4;17;0;0.00250378251076;0.00250377715565
1;5;0;0;2.24942959903e-06;2.24562154472e-06
1;5;1;0;6.6641422336e-07;6.66089817969e-07
1;5;2;0;6.38627284388e-07;6.38617450477e-07
1;5;3;0;3.6429253214e-07;3.62452226454e-07
1;5;4;0;0.0021252753213;0.0021252753213
1;5;5;0;0.00152268970851;0.00152268970851
1;5;6;0;0.00141951150727;0.00141951150727
1;5;7;0;0.00129888311494;0.00129888311494
1;5;8;0;0.00149599392898;0.00149598962162
1;5;9;0;0.00376514368691;0.00376514228992
1;5;10;0;0.00237562856637;0.00237562856637
1;5;11;0;0.000887380796485;0.000887376547325
1;5;12;0;0.00133801496122;0.00133801496122
1;5;13;0;0.0011360112112;0.00113592925481
1;5;14;0;0.00137123686727;0.00137123675086
1;5;15;0;0.000168775412021;0.000168729791767
1;5;16;0;0.000121687531646;0.000121682503959
1;5;17;0;0.000958707591053;0.000958656775765
1;6;0;0;1.44711023609e-07;1.44683980352e-07
1;6;1;0;4.13035969871e-08;4.12774241454e-08
1;6;2;0;1.56728944489e-07;1.56712147259e-07
1;6;3;0;1.32035591349e-08;1.31987318852e-08
1;6;4;0;1.58934597039e-07;1.58934369665e-07
1;6;5;0;6.42833768438e-08;6.42616697633e-08
1;6;6;0;2.01770085084e-08;2.01606145112e-08
1;6;7;0;9.03606292013e-08;9.03262176166e-08
1;6;8;0;8.46385432851e-08;8.4638259068e-08
1;6;9;0;3.0100721915e-07;3.00942616605e-07
1;6;10;0;5.92329207905e-08;5.92117324061e-08
1;6;11;0;5.71614720002e-08;5.71614720002e-08
1;6;12;0;1.50589997361e-07;1.50575402813e-07
1;6;13;0;8.52388311046e-08;8.52304395949e-08
1;6;14;0;2.79193130837e-07;2.79188753893e-07
1;6;15;0;2.45550864975e-07;2.45548108069e-07
1;6;16;0;2.49483832704e-07;2.49479057857e-07
1;6;17;0;3.37270137152e-07;3.37114727245e-07
1;7;0;0;2.94026364145e-07;2.94005872092e-07
1;7;1;0;1.53701066097e-07;1.53650148604e-07
1;7;2;0;5.60137074501e-08;5.59639374842e-08
1;7;3;0;1.4930094494e-07;1.49287217255e-07
1;7;4;0;2.98319150716e-07;2.98305167235e-07
1;7;5;0;7.00823354904e-09;7.00345337279e-09
1;7;6;0;1.12967185828e-07;1.12947063258e-07
1;7;7;0;1.73301177853e-08;1.73176655238e-08
1;7;8;0;1.50560126144e-07;1.50544849475e-07
1;7;9;0;1.02220631959e-07;1.02179264161e-07
1;7;10;0;1.2195762622e-07;1.21928053431e-07
1;7;11;0;1.51673773985e-07;1.5163644207e-07
1;7;12;0;4.85086175672e-08;4.85027520369e-08
1;7;13;0;2.98708158653e-07;2.98632556905e-07
1;7;14;0;2.91596251145e-07;2.91591788937e-07
1;7;15;0;2.98217685213e-07;2.98191025649e-07
1;7;16;0;3.02706354205e-07;3.02683417885e-07
1;7;17;0;2.96898122087e-07;2.96845087178e-07
1;8;0;0;8.79635138062e-08;8.79494095329e-08
1;8;1;0;6.60865708824e-08;6.60560459664e-08
1;8;2;0;3.06293998165e-07;3.06264610117e-07
1;8;3;0;3.2919615478e-08;3.29179172809e-08
1;8;4;0;1.49357191503e-07;1.49344515421e-07
1;8;5;0;9.67190416645e-09;9.6654613202e-09
1;8;6;0;3.40355725825e-08;3.4032762386e-08
1;8;7;0;3.39888117651e-08;3.39856534026e-08
1;8;8;0;2.16924274099e-08;2.16893702998e-08
1;8;9;0;1.49818987438e-07;1.49807291905e-07
1;8;10;0;5.31810258053e-08;5.31312274177e-08
1;8;11;0;2.11010853235e-08;2.10943404966e-08
1;8;12;0;4.12796588023e-08;4.12408205364e-08
1;8;13;0;1.48123916688e-07;1.48108881604e-07
1;8;14;0;2.54825831547e-08;2.54678056422e-08
1;8;15;0;1.56916655669e-07;1.5691168187e-07
1;8;16;0;4.53502536857e-07;4.53460643257e-07
1;8;17;0;5.98189053846e-09;5.9625699933e-09
1;9;0;0;9.0935017738e-08;9.08622297402e-08
1;9;1;0;9.17210286389e-07;9.17185388971e-07
1;9;2;0;7.66251488926e-08;7.65947305581e-08
1;9;3;0;6.31896739378e-08;6.3131800232e-08
1;9;4;0;7.52457367525e-08;7.51627595719e-08
1;9;5;0;3.00620541793e-07;3.00603971937e-07
1;9;6;0;1.0673272044e-08;1.06613908812e-08
1;9;7;0;2.96288362733e-07;2.9628165521e-07
1;9;8;0;1.55572635663e-07;1.55550239356e-07
1;9;9;0;3.00915615981e-07;3.00593512748e-07
1;9;10;0;1.16999899546e-07;1.16978625897e-07
1;9;11;0;1.52387030994e-07;1.52384785679e-07
1;9;12;0;4.32520685933e-08;4.32362412539e-08
1;9;13;0;7.95427155253e-08;7.95371590812e-08
1;9;14;0;1.50255758058e-07;1.50253697484e-07
1;9;15;0;1.02699338811e-07;1.02669993396e-07
1;9;16;0;1.51869727461e-07;1.51858614572e-07
1;9;17;0;1.40579757613e-07;1.40554519135e-07
2;0;0;0;4.9306301662e-05;4.49381368526e-05
2;0;1;0;6.87063657097e-05;6.23017476755e-05
2;0;2;0;9.35211864999e-05;9.35211864999e-05
2;0;3;0;4.87737743242e-05;4.09236454288e-05
2;0;4;0;5.8962701587e-05;5.59725813218e-05
2;0;5;0;7.09790547262e-05;6.78264696035e-05
2;0;6;0;0.000144076766446;8.31502911751e-05
2;0;7;0;5.21504007338e-05;5.09803430759e-05
2;0;8;0;0.000101085548522;0.000101081262983
2;0;9;0;8.15291423351e-05;7.7540447819e-05
2;0;10;0;4.78783040307e-05;4.42312339146e-05
2;0;11;0;0.00017645432672;0.00017645432672
2;0;12;0;1.35276732181e-05;1.14247286547e-05
2;0;13;0;7.36975471227e-06;6.93535093887e-06
2;0;14;0;5.29542339791e-05;5.29137942067e-05
2;0;15;0;7.6846255979e-05;7.24497731426e-05
2;0;16;0;0.000145956757478;0.000145956742927
2;0;17;0;4.76169452668e-06;4.13404632127e-06
2;1;0;0;0.00422253319994;0.00420218612999
2;1;1;0;0.00191931601148;0.000955452211201
2;1;2;0;0.00336595275439;0.00235067680478
2;1;3;0;0.00151168659795;0.0010189228924
2;1;4;0;0.0039408984594;0.00393931614235
2;1;5;0;0.00340551394038;0.00306067289785
2;1;6;0;0.00086206861306;0.000505429226905
2;1;7;0;0.000522876507603;0.000247816758929
2;1;8;0;0.000580321240705;0.000500009220559
2;1;9;0;0.000807787291706;0.000807787233498
2;1;10;0;0.000249654869549;0.000236627427512
2;1;11;0;0.00038319156738;0.000356722594006
2;1;12;0;0.000450669089332;4.13419147662e-05
2;1;13;0;0.000265654583927;4.46535741503e-05
2;1;14;0;6.17536134087e-05;4.59530783701e-05
2;1;15;0;0.000220031302888;0.000207805525861
2;1;16;0;0.000506577256601;0.000486635690322
2;1;17;0;0.000102752172097;3.97846088163e-05
2;2;0;0;0.00401070574299;0.00301634636708
2;2;1;0;0.0120997251943;0.0120997251943
2;2;2;0;0.00264290347695;0.00264290347695
2;2;3;0;0.00171940447763;0.000287164031761
2;2;4;1;0.3;0.3
2;2;5;1;0.3;0.3
2;2;6;0;0.0252847634256;0.0118750063702
2;2;7;0;0.00323665398173;0.000429613923188
2;2;8;0;0.00683325761929;0.00683325761929
2;2;9;0;0.00641761999577;0.00438792584464
2;2;10;0;0.00602595508099;0.00285177747719
2;2;11;0;0.00572825968266;0.002408886794
2;2;12;0;0.00307219475508;0.000416993629187
2;2;13;0;0.00224176584743;0.000661919533741
2;2;14;0;0.00427094800398;0.0042695668526
2;2;15;0;0.00359320710413;0.00067476258846
2;2;16;0;0.00349138118327;0.000843249144964
2;2;17;0;0.00185016577598;0.000803952221759
2;3;0;0;0.00281216623262;0.00281216390431
2;3;1;0;0.00468260608613;0.00468260608613
2;3;2;0;0.00178033404518;0.00178033404518
2;3;3;0;0.00101943721529;0.000972995592747
2;3;4;0;0.00187622453086;0.00187622453086
2;3;5;0;0.00384371564724;0.00384371564724
2;3;6;0;0.00293333642185;0.00293333642185
2;3;7;0;0.00084066943964;0.000723463017493
2;3;8;0;0.00542102567852;0.00542102567852
2;3;9;0;0.00472987769172;0.00472964672372
2;3;10;0;0.000829622265883;0.000574136269279
2;3;11;0;0.0035488428548;0.0035488428548
2;3;12;0;0.000698640593328;0.000523445894942
2;3;13;0;0.00097878545057;0.000375584873836
2;3;14;0;0.00327126355842;0.00327126309276
2;3;15;0;0.00843972153962;0.00843972153962
2;3;16;0;0.00588666042313;0.00588666042313
2;3;17;0;0.00127174204681;0.000321718951454
2;4;0;0;0.00134087097831;0.00134087097831
2;4;1;0;0.000369776884327;0.000369770394173
2;4;2;0;0.000272508943453;0.000272409321042
2;4;3;0;0.000859165331349;0.000859165331349
2;4;4;0;0.00235171755776;0.00235171546228
2;4;5;0;0.00168444868177;0.00168442225549
2;4;6;0;0.00107591866981;0.00107569247484
2;4;7;0;0.000422760145739;0.000422760145739
2;4;8;0;0.00394705729559;0.00394212268293
2;4;9;0;0.00515122199431;0.00515122199431
2;4;10;0;0.000396163843106;0.000395986164222
2;4;11;0;0.00225603301078;0.00225600996055
2;4;12;0;0.0007328207721;0.000732801214326
2;4;13;0;0.000687949766871;0.000687949243002
2;4;14;0;0.00333262258209;0.00333262258209
2;4;15;0;0.00449583353475;0.00449583353475
2;4;16;0;0.0028676665388;0.0028676665388
2;4;17;0;0.000995866954327;0.000990323256701
2;5;0;0;9.06902300812e-07;9.05568867893e-07
2;5;1;0;1.00601778286e-06;1.00240242773e-06
2;5;2;0;9.41133976085e-07;7.12530038527e-07
2;5;3;0;4.32337856182e-06;1.4304457352e-07
2;5;4;0;0.0021403520368;0.0021403520368
2;5;5;0;0.00188086472917;0.00188086472917
2;5;6;0;0.000834417645819;0.000834417645819
2;5;7;0;0.000671306857839;0.000671306799632
2;5;8;0;0.00143971270882;0.00143971270882
2;5;9;0;0.00295116426423;0.00295115122572
2;5;10;0;0.00124449748546;0.00124449597206
2;5;11;0;0.000833043537568;0.000833042315207
2;5;12;0;0.000927887449507;0.000927887100261
2;5;13;0;0.00115417665802;0.00115417165216
2;5;14;0;0.00124409026466;0.00124406325631
2;5;15;0;0.000246607756708;0.000246607756708
2;5;16;0;0.000138823845191;0.000138820440043
2;5;17;0;0.000935841118917;0.000935841118917
2;6;0;0;1.44968581139e-07;1.44885476061e-07
2;6;1;0;4.27277875303e-08;4.23900452518e-08
2;6;2;0;1.61065472071e-07;1.60993437248e-07
2;6;3;0;3.58611380591e-08;1.20075114296e-08
2;6;4;0;1.48407053757e-07;1.4834259332e-07
2;6;5;0;6.67221584649e-08;6.67221584649e-08
2;6;6;0;1.44685159853e-07;1.4431267914e-07
2;6;7;0;1.14854294964e-07;7.85847475981e-08
2;6;8;0;7.16188495176e-08;7.16131509648e-08
2;6;9;0;3.00059213032e-07;2.99935607018e-07
2;6;10;0;1.08288553236e-07;4.9047059747e-08
2;6;11;0;1.32525698859e-07;7.87608982478e-08
2;6;12;0;2.43632115371e-07;1.89024362385e-07
2;6;13;0;2.60382705619e-07;8.89809115279e-09
2;6;14;0;4.84875897655e-07;4.83882161006e-07
2;6;15;0;3.29545542854e-07;3.29438762492e-07
2;6;16;0;2.24152287842e-07;1.82525937475e-07
2;6;17;0;9.03223451587e-07;1.57029219849e-07
2;7;0;0;2.93822324693e-07;2.93729158329e-07
2;7;1;0;1.53309770212e-07;1.53255953705e-07
2;7;2;0;5.91610032075e-08;5.87951447528e-08
2;7;3;0;1.51083710875e-07;1.50926382503e-07
2;7;4;0;2.9844508731e-07;2.98293542755e-07
2;7;5;0;7.72864083842e-09;7.71829711255e-09
2;7;6;0;2.98498235907e-07;2.98428261658e-07
2;7;7;0;6.99438329477e-09;6.99438329477e-09
2;7;8;0;1.50543115751e-07;1.5049255353e-07
2;7;9;0;1.02510163913e-07;1.02379495104e-07
2;7;10;0;1.2309835995e-07;1.23072950942e-07
2;7;11;0;1.51611160959e-07;1.51566709405e-07
2;7;12;0;4.1538793738e-08;4.14964631545e-08
2;7;13;0;2.99131812653e-07;2.99083467326e-07
2;7;14;0;2.91733698532e-07;2.91671824471e-07
2;7;15;0;2.98877807836e-07;2.98631761098e-07
2;7;16;0;3.03039172422e-07;3.02694559196e-07
2;7;17;0;2.97193253118e-07;2.97006096162e-07
2;8;0;0;8.22728978278e-08;8.22435026748e-08
2;8;1;0;6.22349602963e-08;6.22237621428e-08
2;8;2;0;3.065888734e-07;3.06553260998e-07
2;8;3;0;3.91661068022e-08;3.91573351521e-08
2;8;4;0;1.49233045477e-07;1.49187329157e-07
2;8;5;0;1.23258514506e-08;1.22995915675e-08
2;8;6;0;2.6813395948e-08;2.67840523094e-08
2;8;7;0;1.12783782313e-08;1.1265782085e-08
2;8;8;0;2.02055598919e-08;2.01992644833e-08
2;8;9;0;1.49752438006e-07;1.49735143395e-07
2;8;10;0;5.30588692982e-08;5.29244843506e-08
2;8;11;0;2.33762786905e-08;2.33454962029e-08
2;8;12;0;2.79020788696e-08;2.78191976122e-08
2;8;13;0;1.4831715589e-07;1.48274011735e-07
2;8;14;0;2.42372344417e-08;2.4149015232e-08
2;8;15;0;1.57029361958e-07;1.57021318614e-07
2;8;16;0;4.53707002634e-07;4.53581350257e-07
2;8;17;0;5.52347012572e-09;5.50331513693e-09
2;9;0;0;8.73037606652e-08;8.72549108522e-08
2;9;1;0;9.12856478408e-07;9.12770360628e-07
2;9;2;0;7.18993931059e-08;7.18122876719e-08
2;9;3;0;5.32777235662e-08;5.32467332448e-08
2;9;4;0;7.4446163012e-08;7.44166044342e-08
2;9;5;0;3.00533230302e-07;3.00527602803e-07
2;9;6;0;1.03701680132e-07;1.0367554637e-07
2;9;7;0;2.95177386533e-07;2.95160077712e-07
2;9;8;0;1.54362311378e-07;1.54359582893e-07
2;9;9;0;3.00386034269e-07;3.00283176102e-07
2;9;10;0;1.2107692271e-07;1.21049609447e-07
2;9;11;0;1.52873610659e-07;1.52866817871e-07
2;9;12;0;2.38951027853e-08;2.37477983944e-08
2;9;13;0;6.62052741518e-08;6.62000090301e-08
2;9;14;0;1.46730315009e-07;1.46719386862e-07
2;9;15;0;1.06240094055e-07;1.06114654841e-07
2;9;16;0;1.52339680426e-07;1.52333569758e-07
2;9;17;0;1.25441914633e-07;1.25431412812e-07
