0;0;0;0;2.47144998866e-05;2.34428898693e-05
0;0;1;0;3.39338657795e-05;3.39338657795e-05
0;0;2;0;2.98493268929e-05;1.12012812679e-05
0;0;3;0;2.36380146816e-05;2.27274977078e-05
0;0;4;0;1.64891753229e-05;1.6177076759e-05
0;0;5;0;3.05862195091e-05;3.05862195091e-05
0;0;6;0;3.74673763872e-05;3.74673763872e-05
0;0;7;0;2.05216929317e-05;2.05215310416e-05
0;0;8;0;6.66512005409e-06;6.60866635371e-06
0;0;9;0;9.36012474995e-06;9.36012474995e-06
0;0;10;0;4.05625587518e-06;4.04769434681e-06
0;0;11;0;2.28652083933e-06;1.78024413344e-06
0;0;12;0;1.8933942556e-05;1.8576212824e-05
0;0;13;0;2.10555281228e-05;2.10533962672e-05
0;0;14;0;4.11087103203e-06;4.06654044127e-06
0;0;15;0;4.64750928586e-06;4.64739605377e-06
0;0;16;0;5.36344850843e-06;5.35956314707e-06
0;0;17;0;1.91198651009e-05;1.88796257135e-05
0;1;0;0;0.00044910114957;3.96237628593e-05
0;1;1;0;0.000877327402122;5.46356241102e-05
0;1;2;0;0.000855246325955;8.50223877933e-05
0;1;3;0;0.00061198649928;4.45016012236e-05
0;1;4;0;0.000229732570006;3.39737161994e-05
0;1;5;0;0.000314051838359;4.81501483591e-05
0;1;6;0;0.000331684655976;0.000120637778309
0;1;7;0;0.000323478685459;5.79793158977e-05
0;1;8;0;0.000160632116604;2.609681178e-05
0;1;9;0;0.000139634983498;3.70679044863e-05
0;1;10;0;0.000203833027626;5.36630759598e-05
0;1;11;0;0.000183381212992;3.29162721755e-05
0;1;12;0;0.00023315672297;8.17529580672e-05
0;1;13;0;0.000145910220454;3.28378373524e-05
0;1;14;0;2.79868309008e-05;2.34494291362e-05
0;1;15;0;0.000109259759483;4.72526662634e-05
0;1;16;0;0.00011078397074;3.38283643941e-05
0;1;17;0;3.75529962184e-05;2.76235077763e-05
0;2;0;0;0.00221731257625;0.000307153881295
0;2;1;0;0.00655913865194;0.00394379347563
0;2;2;0;0.00297066452913;0.000735920737498
0;2;3;0;0.00236665038392;0.000691084307618
0;2;4;0;0.00173038989305;8.733075083e-05
0;2;5;0;0.00209788698703;0.000490160076879
0;2;6;0;0.00190836691763;9.67721352936e-05
0;2;7;0;0.00177882658318;0.000331047252985
0;2;8;0;0.00150920066517;4.77820394735e-05
0;2;9;0;0.00164667260833;0.000189998885617
0;2;10;0;0.00151845277287;0.000197090368601
0;2;11;0;0.00143773620948;0.000169211882167
0;2;12;0;0.00174769049045;0.00027229054831
0;2;13;0;0.00108655716758;0.000172680563992
0;2;14;0;0.000894802447874;3.79728444386e-05
0;2;15;0;0.001210091752;8.23611262604e-05
0;2;16;0;0.00120767834596;0.000148151564645
0;2;17;0;0.000843581510708;8.96469864529e-05
0;3;0;0;0.00105916848406;0.00100226362702
0;3;1;0;0.000250732700806;0.000192352119484
0;3;2;0;0.000497939297929;0.000497939297929
0;3;3;0;0.000860883446876;0.000860883446876
0;3;4;0;0.000813973194454;0.000698363292031
0;3;5;0;0.000752303050831;0.000748898601159
0;3;6;0;0.00059092126321;0.000196339242393
0;3;7;0;0.00124723673798;0.00071139598731
0;3;8;0;0.00305934180506;0.00146649696399
0;3;9;0;0.00376467755996;0.00291710649617
0;3;10;0;0.00158673769329;0.00105595123023
0;3;11;0;0.0114878099412;0.00374719570391
0;3;12;0;0.00230185571127;0.000977320596576
0;3;13;0;0.0026630347129;0.000838022737298
0;3;14;0;0.00307827233337;0.000961096666288
0;3;15;0;0.0782562717795;0.076146543026
0;3;16;0;0.0169499926269;0.00894953869283
0;3;17;0;0.00249037658796;0.000567231152672
0;4;0;0;0.00605155900121;0.00319558521733
0;4;1;0;0.0100223887712;0.00448720250279
0;4;2;0;0.0165898278356;0.0135189816356
0;4;3;0;0.0070327622816;0.00334193743765
0;4;4;0;0.00184265011922;0.000437559821876
0;4;5;0;0.00488697551191;0.00370397605002
0;4;6;0;0.00333537789993;0.00177592132241
0;4;7;0;0.00414134841412;0.00284709804691
0;4;8;0;0.000857876380906;0.000118234784168
0;4;9;0;0.000474768690765;0.000474724656669
0;4;10;0;0.000903109728824;0.000804290815722
0;4;11;0;0.00214382144623;0.00213040667586
0;4;12;0;0.0012117754668;0.00100475677755
0;4;13;0;0.000493029714562;0.000395111157559
0;4;14;0;0.000190148173715;0.000121717021102
0;4;15;0;0.000471019884571;0.000233943559579
0;4;16;0;0.00144951487891;0.00144498981535
0;4;17;0;0.00040130407433;0.000384462065995
0;5;0;0;0.00532899284735;0.00103698426392
0;5;1;0;0.00238732388243;0.000992410001345
0;5;2;0;0.00267944438383;0.00267944438383
0;5;3;0;0.0049477731809;0.000629825459328
0;5;4;0;0.00727610429749;0.00105528172571
0;5;5;0;0.00654641492292;0.000506019510794
0;5;6;0;0.00682936282828;0.00192508136388
0;5;7;0;0.00634768093005;0.000928406137973
0;5;8;0;0.00819470826536;0.00162337406073
0;5;9;0;0.0137766571715;0.00433868635446
0;5;10;0;0.00841374602169;0.000769453006797
0;5;11;0;0.0154471648857;0.00859377998859
0;5;12;0;0.00749042257667;0.00170669134241
0;5;13;0;0.00769937736914;0.0020186631009
0;5;14;0;0.00891796778888;0.00390728795901
0;5;15;0;0.215028062463;0.203722372651
0;5;16;0;0.0155869293958;0.0081823412329
0;5;17;0;0.00705547677353;0.00242103869095
0;6;0;0;0.000286385708023;5.38592103112e-05
0;6;1;0;9.88497558865e-05;9.88497558865e-05
0;6;2;0;0.000103550170024;7.35830108169e-05
0;6;3;0;0.00011864611588;5.24894421687e-05
0;6;4;0;0.000735009962227;7.37530062906e-05
0;6;5;0;0.000382252619602;0.000134352827445
0;6;6;0;0.000345125066815;0.000281378539512
0;6;7;0;0.000624511158094;0.000448968174169
0;6;8;0;0.00100973027293;0.00034788827179
0;6;9;0;0.00345865217969;0.00327682541683
0;6;10;0;0.00189608812798;0.00189608812798
0;6;11;0;0.00169776775874;0.00168977933936
0;6;12;0;0.00161563418806;0.000936445081607
0;6;13;0;0.00230507063679;0.00169680418912
0;6;14;0;0.00434959260747;0.00205578911118
0;6;15;0;0.00141404848546;0.00107901520096
0;6;16;0;0.00177821156103;0.000483374082251
0;6;17;0;0.00383038539439;0.000940208905376
0;7;0;0;9.20410275285e-06;4.78483070765e-06
0;7;1;0;7.88439865573e-06;5.50091363039e-06
0;7;2;0;1.14316380859e-05;9.27485871216e-06
0;7;3;0;1.46698612298e-05;1.23073796203e-05
0;7;4;0;1.06575107566e-05;5.31390151082e-06
0;7;5;0;2.14663868974e-05;2.12783925235e-05
0;7;6;0;7.83705218055e-06;6.1935083977e-06
0;7;7;0;1.06804272946e-05;7.04294052412e-06
0;7;8;0;1.12848556455e-05;4.87605984745e-06
0;7;9;0;1.14000895337e-05;9.35352090892e-06
0;7;10;0;1.4232770809e-05;1.33133326017e-05
0;7;11;0;2.01715793082e-05;1.90866994672e-05
0;7;12;0;1.97653516807e-05;1.25878696053e-05
0;7;13;0;7.76665328885e-05;7.76664892328e-05
0;7;14;0;3.74429218937e-05;7.10226413503e-06
0;7;15;0;1.9166540369e-05;1.15712928164e-05
0;7;16;0;1.09667880679e-05;6.21807885182e-06
0;7;17;0;0.000128866624436;0.000126957340399
0;8;0;0;5.14442172062e-06;3.76020511794e-06
0;8;1;0;1.53691189553e-06;1.53526264057e-06
0;8;2;0;3.22712526213e-06;2.92821846415e-06
0;8;3;0;2.9897407785e-06;2.75153433904e-06
0;8;4;0;6.47021761324e-06;4.29446845374e-06
0;8;5;0;5.76174761591e-06;5.52478422833e-06
0;8;6;0;2.14033025259e-06;2.0211748506e-06
0;8;7;0;2.62691924036e-06;2.55928853221e-06
0;8;8;0;8.16549436422e-06;4.46050262326e-06
0;8;9;0;5.44712020201e-06;3.94581775254e-06
0;8;10;0;4.83862640976e-06;3.26942449647e-06
0;8;11;0;4.7832177188e-06;3.18394745591e-06
0;8;12;0;3.46819911101e-06;3.46793672179e-06
0;8;13;0;1.1074233953e-05;9.59649059951e-06
0;8;14;0;9.06586228666e-06;4.61756826553e-06
0;8;15;0;5.837090157e-06;5.4917009038e-06
0;8;16;0;5.0986086535e-06;3.4057047742e-06
0;8;17;0;1.18537118396e-05;9.40607515076e-06
0;9;0;0;2.97370615954e-06;2.49062236435e-06
0;9;1;0;1.18554726214e-06;1.10024143396e-06
0;9;2;0;7.32997762043e-07;7.30944805127e-07
0;9;3;0;3.62652855301e-07;3.62210471394e-07
0;9;4;0;3.68203359358e-06;3.10377026835e-06
0;9;5;0;1.91510753211e-06;1.87882437785e-06
0;9;6;0;1.46786589994e-06;1.42283477089e-06
0;9;7;0;4.81123151985e-07;4.80965297811e-07
0;9;8;0;4.53646225651e-06;3.57656358574e-06
0;9;9;0;2.47025786848e-06;2.05635092243e-06
0;9;10;0;1.33696107696e-06;1.30502371576e-06
0;9;11;0;1.40586178077e-06;1.39979249525e-06
0;9;12;0;3.66271677876e-07;3.66147560271e-07
0;9;13;0;1.69601446487e-06;1.63205788795e-06
0;9;14;0;5.01738350067e-06;3.6764113247e-06
0;9;15;0;2.76572177427e-06;2.53738926403e-06
0;9;16;0;1.39372241392e-06;1.38712516673e-06
0;9;17;0;1.99136411538e-06;1.90597734218e-06
1;0;0;0;2.38018365053e-05;2.17466422328e-05
1;0;1;0;3.44100699294e-05;3.44100699294e-05
1;0;2;0;1.86573888641e-05;1.57018748723e-05
1;0;3;0;2.63662532234e-05;2.58612490143e-05
1;0;4;0;1.75083878275e-05;1.74221240741e-05
1;0;5;0;3.50399132003e-05;3.50399132003e-05
1;0;6;0;2.64674163191e-05;2.64674163191e-05
1;0;7;0;2.16379230551e-05;2.15817781282e-05
1;0;8;0;1.18903080875e-05;1.17041990961e-05
1;0;9;0;2.05824580917e-05;2.05515316338e-05
1;0;10;0;5.43059604752e-06;5.32712647328e-06
1;0;11;0;4.50925062978e-06;4.50904326499e-06
1;0;12;0;1.64710527315e-05;1.23369236462e-05
1;0;13;0;2.38005268329e-05;2.33996488532e-05
1;0;14;0;1.70979583345e-05;1.70979583345e-05
1;0;15;0;1.12919424282e-05;1.12919424282e-05
1;0;16;0;4.61344416181e-06;4.41458269052e-06
1;0;17;0;1.9127059204e-05;1.82576332008e-05
1;1;0;0;0.00041546401917;3.30237853632e-05
1;1;1;0;0.000747614423744;7.44571589166e-05
1;1;2;0;0.0007066638791;7.88125034887e-05
1;1;3;0;0.000516043161042;3.57700264431e-05
1;1;4;0;0.000210626196349;3.95176684833e-05
1;1;5;0;0.000259984342847;6.82386817061e-05
1;1;6;0;0.000234871913563;9.06681161723e-05
1;1;7;0;0.000260183674982;6.92984031048e-05
1;1;8;0;0.000147296770592;1.08473277578e-05
1;1;9;0;0.00010311389633;5.75940212002e-05
1;1;10;0;0.000153632689035;4.24196514359e-05
1;1;11;0;0.00013564938854;4.45478071924e-05
1;1;12;0;0.000183936484973;7.91247948655e-05
1;1;13;0;0.000103016136563;2.02903120226e-05
1;1;14;0;2.9989902032e-05;1.98631150852e-05
1;1;15;0;8.18834159872e-05;5.47631898371e-05
1;1;16;0;7.88060060586e-05;4.29829160566e-05
1;1;17;0;2.36600135395e-05;2.31576559599e-05
1;2;0;0;0.0019260320114;0.000325235712808
1;2;1;0;0.00250828452408;0.000487244571559
1;2;2;0;0.00233837799169;0.000402597914217
1;2;3;0;0.002016100334;0.000405218510423
1;2;4;0;0.00155909010209;0.000223099152208
1;2;5;0;0.0016834361013;0.000162007621839
1;2;6;0;0.00158797088079;0.000175544133526
1;2;7;0;0.00159085809719;0.000229047203902
1;2;8;0;0.00123801606242;8.51786753628e-05
1;2;9;0;0.00150728679728;0.000225338619202
1;2;10;0;0.00134060997516;0.000157543312525
1;2;11;0;0.00124924583361;0.000184116899618
1;2;12;0;0.00154042977374;0.000281748187263
1;2;13;0;0.000951840193011;0.000175265537109
1;2;14;0;0.000804423412774;1.25471087813e-05
1;2;15;0;0.00110489828512;0.000149885599967
1;2;16;0;0.00105377088767;0.000142818767927
1;2;17;0;0.000727812352125;7.72256607888e-05
1;3;0;0;0.000875320576597;0.000875320576597
1;3;1;0;0.000422283948865;0.00037851271918
1;3;2;0;0.000209458739846;0.000209458739846
1;3;3;0;0.000506377022248;0.000506377022248
1;3;4;0;0.00138635479379;0.000665090512484
1;3;5;0;0.000388658110751;0.000242469512159
1;3;6;0;0.000473213760415;0.000421702949097
1;3;7;0;0.00110736815259;0.000858774932567
1;3;8;0;0.0989762768149;0.00512737128884
1;3;9;0;0.0036812950857;0.00268726958893
1;3;10;0;0.0014368413249;0.000125398422824
1;3;11;0;0.00413243751973;0.00185157847591
1;3;12;0;0.00188750261441;0.000965968240052
1;3;13;0;0.00243822112679;0.00102129229344
1;3;14;0;0.00384420412593;0.00182430201676
1;3;15;0;0.00474902009591;0.00268677691929
1;3;16;0;0.00405515218154;0.00172076211311
1;3;17;0;0.00223887921311;0.000721390999388
1;4;0;0;0.0637017861009;0.0391791127622
1;4;1;0;0.0653725042939;0.0613220967352
1;4;2;0;0.0126818651333;0.0075544542633
1;4;3;0;0.00592229003087;0.00226544309407
1;4;4;0;0.00313176074997;0.002944056876
1;4;5;0;0.00694625778124;0.0054344041273
1;4;6;0;0.00205958588049;0.00128407787997
1;4;7;0;0.00331537169404;0.00172251544427
1;4;8;0;0.00160358764697;0.00160358764697
1;4;9;0;0.000961391022429;0.000943087914493
1;4;10;0;0.00103311601561;0.000530687684659
1;4;11;0;0.000967607018538;0.000967607018538
1;4;12;0;0.00120284501463;0.00120284501463
1;4;13;0;0.000512040220201;0.00039351391024
1;4;14;0;0.000484291289467;0.000484291289467
1;4;15;0;0.00091223209165;0.000790920108557
1;4;16;0;0.000822615984362;0.000822615984362
1;4;17;0;0.000508740427904;0.0004697755503
1;5;0;0;0.0048698913306;0.00211109453812
1;5;1;0;0.00357685191557;0.00144063984044
1;5;2;0;0.00357230310328;0.00180414377246
1;5;3;0;0.00490693608299;0.000875513767824
1;5;4;0;0.00734059140086;0.00174849212635
1;5;5;0;0.00701527530327;0.00170925795101
1;5;6;0;0.00715138809755;0.000475216744235
1;5;7;0;0.00630371784791;0.00134536693804
1;5;8;0;0.0557481013238;0.00717682996765
1;5;9;0;0.0483265444636;0.04368878901
1;5;10;0;0.00831153895706;0.00105457566679
1;5;11;0;0.0102080097422;0.00346533209085
1;5;12;0;0.00708175310865;0.00221351138316
1;5;13;0;0.00732799526304;0.00282961549237
1;5;14;0;0.0540755279362;0.050180952996
1;5;15;0;0.103145651519;0.0993679836392
1;5;16;0;0.0144338654354;0.00716597447172
1;5;17;0;0.00639088591561;0.00213573733345
1;6;0;0;0.000242624242674;0.000227546930546
1;6;1;0;0.000255512597505;0.00025262820418
1;6;2;0;0.000196926208446;0.000188481542864
1;6;3;0;0.000153297834913;9.47929293034e-05
1;6;4;0;0.00125178054441;0.000967392639723
1;6;5;0;0.000455698638689;0.000393741414882
1;6;6;0;0.000165158780874;3.1412262615e-05
1;6;7;0;0.000425016012741;0.000262229645159
1;6;8;0;0.0027661207132;0.0027661207132
1;6;9;0;0.00401234487072;0.00400481699035
1;6;10;0;0.00117486831732;0.00103235850111
1;6;11;0;0.0016219917452;0.0016219917452
1;6;12;0;0.00172029389068;0.00115252356045
1;6;13;0;0.00202439981513;0.000915145326871
1;6;14;0;0.00292295054533;0.00277598272078
1;6;15;0;0.00171087274794;0.000711939821485
1;6;16;0;0.00193716154899;0.000683473597746
1;6;17;0;0.00374763598666;0.00141501356848
1;7;0;0;1.08913154691e-05;9.28730241867e-06
1;7;1;0;8.68613460625e-06;7.29947760192e-06
1;7;2;0;1.19054757306e-05;9.67988671619e-06
1;7;3;0;1.92938241526e-05;1.63331951626e-05
1;7;4;0;2.96309972327e-05;1.81828927452e-05
1;7;5;0;2.91914529953e-05;2.82047112705e-05
1;7;6;0;1.48450963025e-05;1.4837875824e-05
1;7;7;0;1.0939295862e-05;6.09183598499e-06
1;7;8;0;7.80687041697e-05;7.72087878431e-05
1;7;9;0;3.05838548229e-05;3.03959259327e-05
1;7;10;0;1.70621060533e-05;1.19373662528e-05
1;7;11;0;5.77381506446e-05;5.7140023273e-05
1;7;12;0;1.13618816613e-05;4.16959392169e-06
1;7;13;0;0.000141289405292;0.000140731004649
1;7;14;0;0.000108843953058;0.000108691347123
1;7;15;0;8.01612040959e-05;7.63052812545e-05
1;7;16;0;1.27082412291e-05;8.63939749252e-06
1;7;17;0;0.000201540911803;0.000192831983441
1;8;0;0;2.44344300881e-06;2.42486976276e-06
1;8;1;0;4.76510280123e-07;4.74882028811e-07
1;8;2;0;1.41069369874e-06;1.29052136799e-06
1;8;3;0;3.21138259096e-06;2.92968320537e-06
1;8;4;0;1.15565553642e-05;1.11751924123e-05
1;8;5;0;5.54339567316e-06;5.54062626179e-06
1;8;6;0;9.60010311246e-07;9.4794756933e-07
1;8;7;0;1.3453095562e-06;1.23382756101e-06
1;8;8;0;1.39772982948e-05;1.24115349536e-05
1;8;9;0;4.58553768112e-06;4.58553586213e-06
1;8;10;0;5.302754289e-06;4.84434440295e-06
1;8;11;0;5.64541960557e-06;5.3112958085e-06
1;8;12;0;5.20527282788e-06;5.19835884916e-06
1;8;13;0;1.16222427096e-05;9.41900270846e-06
1;8;14;0;1.10637847683e-05;9.14150678e-06
1;8;15;0;6.19970842308e-06;5.23613107362e-06
1;8;16;0;4.87667330162e-06;4.36719574282e-06
1;8;17;0;1.41981599882e-05;1.00929928522e-05
1;9;0;0;9.12440114575e-08;3.59301353114e-08
1;9;1;0;1.17951196899e-06;1.17633453556e-06
1;9;2;0;2.09722074374e-07;2.09126866935e-07
1;9;3;0;7.76435172156e-07;7.7066653148e-07
1;9;4;0;7.09082257799e-07;7.08769618996e-07
1;9;5;0;4.47966783668e-07;4.41039844645e-07
1;9;6;0;1.74673644437e-07;1.74673644437e-07
1;9;7;0;8.55740154293e-07;8.54672293826e-07
1;9;8;0;1.57484180363e-06;1.57084139119e-06
1;9;9;0;5.28315922566e-07;5.28315922566e-07
1;9;10;0;4.04454226555e-07;3.87639829569e-07
1;9;11;0;7.25659333511e-07;7.24958567844e-07
1;9;12;0;7.29668897748e-07;5.5026720247e-07
1;9;13;0;1.99319993044e-06;1.91342110156e-06
1;9;14;0;1.7008795794e-06;1.62205083143e-06
1;9;15;0;4.61992755163e-07;4.2083516405e-07
1;9;16;0;2.28073773201e-07;2.25963134426e-07
1;9;17;0;2.44164471042e-06;2.31121362049e-06
2;0;0;0;2.34019680647e-05;2.06432159757e-05
2;0;1;0;3.92572401324e-05;3.83426668122e-05
2;0;2;0;1.61166335602e-05;8.66351547302e-06
2;0;3;0;9.09215123102e-06;8.97024801816e-06
2;0;4;0;1.96806540771e-05;1.76820667548e-05
2;0;5;0;3.04977165797e-05;2.99735529552e-05
2;0;6;0;2.87462753477e-05;2.70776199613e-05
2;0;7;0;9.05332854018e-06;8.24333073979e-06
2;0;8;0;1.17767267511e-05;1.08724261736e-05
2;0;9;0;2.59392163571e-05;2.56918228843e-05
2;0;10;0;4.88418754685e-06;4.79073923998e-06
2;0;11;0;3.725605211e-06;3.37495248459e-06
2;0;12;0;7.89994555817e-06;7.04211333868e-06
2;0;13;0;3.46643923876e-06;2.97244605463e-06
2;0;14;0;1.77700294444e-05;1.77586571226e-05
2;0;15;0;1.18417965496e-05;1.18031621241e-05
2;0;16;0;3.40872838933e-06;3.2227135307e-06
2;0;17;0;4.88647401653e-06;4.78883475807e-06
2;1;0;0;0.000348892936017;4.16899783886e-05
2;1;1;0;0.000695311173331;7.79847250669e-05
2;1;2;0;0.000671884743497;3.10819232254e-05
2;1;3;0;0.000501682632603;1.41048576552e-05
2;1;4;0;0.000169677703525;4.06425788242e-05
2;1;5;0;0.000225244977628;3.83899860026e-05
2;1;6;0;0.000246696203249;2.41979178099e-05
2;1;7;0;0.000270597374765;1.38313243951e-05
2;1;8;0;0.000119818716485;1.79341132025e-05
2;1;9;0;9.15530472412e-05;5.61281631235e-05
2;1;10;0;0.000155337314936;1.61633615789e-05
2;1;11;0;0.000142557037179;6.39196832708e-06
2;1;12;0;0.000191331695532;1.36147255034e-05
2;1;13;0;8.89886287041e-05;1.0256178939e-05
2;1;14;0;2.32067122852e-05;1.96811452042e-05
2;1;15;0;7.92931386968e-05;4.26951082773e-05
2;1;16;0;8.03586881375e-05;3.1923984352e-05
2;1;17;0;2.3674856493e-05;1.02090016298e-05
2;2;0;0;0.0017194126267;0.00016939730267
2;2;1;0;0.00217729294673;0.000304821005557
2;2;2;0;0.00219024065882;0.000177397829248
2;2;3;0;0.00183258729521;0.000176158471731
2;2;4;0;0.00144962139893;0.000170939223608
2;2;5;0;0.00152059970424;0.000156888578204
2;2;6;0;0.00152994832024;0.00026695500128
2;2;7;0;0.00147614185698;2.5544068194e-05
2;2;8;0;0.00120173487812;0.000106972271169
2;2;9;0;0.0013328967616;0.000273172307061
2;2;10;0;0.0012369256001;4.01455945394e-05
2;2;11;0;0.00118148000911;6.82236641296e-05
2;2;12;0;0.00143783341628;1.98779252969e-05
2;2;13;0;0.000904755317606;1.99804799195e-05
2;2;14;0;0.000709392945282;4.98936242366e-05
2;2;15;0;0.00102570850868;7.54337161197e-05
2;2;16;0;0.000993967521936;0.000138526971568
2;2;17;0;0.000695749651641;1.93175637833e-05
2;3;0;0;0.000764932134189;0.000764932134189
2;3;1;0;0.000141640222864;0.000134867485031
2;3;2;0;0.00014147926413;0.000115299983008
2;3;3;0;0.000305147259496;0.000144030505908
2;3;4;0;0.00111955998;0.000646522385068
2;3;5;0;0.00041707829223;0.000398088101065
2;3;6;0;0.000444069301011;0.000346377724782
2;3;7;0;0.000600218132604;0.000146201244206
2;3;8;0;0.0839303061366;0.00736857997254
2;3;9;0;0.00618459936231;0.00538842752576
2;3;10;0;0.0013025366934;0.000689392967615
2;3;11;0;0.0166704114527;0.000587640795857
2;3;12;0;0.000931318674702;4.12570771005e-05
2;3;13;0;0.00188348174561;0.000392011308577
2;3;14;0;0.00913297291845;0.0072387047112
2;3;15;0;0.00928610190749;0.00677694985643
2;3;16;0;0.0094629060477;0.00683283805847
2;3;17;0;0.00200307858177;0.000306793343043
2;4;0;0;0.0618573650718;0.0605598837137
2;4;1;0;0.0964242294431;0.0937182530761
2;4;2;0;0.00700868340209;0.00235457811505
2;4;3;0;0.00492795137689;0.00271660578437
2;4;4;0;0.00399505998939;0.00399505998939
2;4;5;0;0.00422557629645;0.00309120281599
2;4;6;0;0.00110676174518;0.000680017168634
2;4;7;0;0.00235864263959;0.0012696152553
2;4;8;0;0.00165403541178;0.00151354982518
2;4;9;0;0.000592339551076;0.000521079171449
2;4;10;0;0.000888283539098;0.000738071510568
2;4;11;0;0.0011913763592;0.00101855501998
2;4;12;0;0.000881778949406;0.000244390248554
2;4;13;0;0.000206947166589;0.000170068611624
2;4;14;0;0.000192245017388;0.00018018965784
2;4;15;0;0.000655980664305;0.000510958139785
2;4;16;0;0.000517975247931;0.000517975247931
2;4;17;0;0.00019160984084;0.000154154491611
2;5;0;0;0.00505063543096;0.00214655534364
2;5;1;0;0.00333145679906;0.00225973734632
2;5;2;0;0.00323277781717;0.00151510525029
2;5;3;0;0.00337005010806;0.000360336329322
2;5;4;0;0.0066847349517;0.00254206452519
2;5;5;0;0.00612994888797;0.00332564068958
2;5;6;0;0.0054718349129;0.000392943795305
2;5;7;0;0.00438344106078;0.000440961215645
2;5;8;0;0.0576227121055;0.00886618625373
2;5;9;0;0.0609876140952;0.0532328188419
2;5;10;0;0.00544276833534;0.000486338831251
2;5;11;0;0.00454897712916;0.00145195238292
2;5;12;0;0.0051567107439;0.000107284453406
2;5;13;0;0.00553582189605;0.00167498202063
2;5;14;0;0.0780664160848;0.0748603567481
2;5;15;0;0.113793469965;0.110932566226
2;5;16;0;0.00777441263199;0.00273739942349
2;5;17;0;0.00543359015137;0.002343227854
2;6;0;0;0.000257244682871;8.89061266207e-05
2;6;1;0;0.000219298424781;0.000211068458157
2;6;2;0;0.000136074435432;0.000106012274045
2;6;3;0;0.000235641302424;1.92791012523e-05
2;6;4;0;0.0015113169793;0.00139179907274
2;6;5;0;0.000420794531237;0.000407316110795
2;6;6;0;0.000358268065611;0.00035730728996
2;6;7;0;0.000745732861105;2.51000146818e-05
2;6;8;0;0.00343765271828;0.00343765271828
2;6;9;0;0.00433033471927;0.00433028722182
2;6;10;0;0.000749884464312;0.000500581343658
2;6;11;0;0.00117979326751;0.00117979326751
2;6;12;0;0.00105097377673;0.00013725439203
2;6;13;0;0.00171318918001;0.000346825952874
2;6;14;0;0.00242447899655;0.00238770875148
2;6;15;0;0.000731423031539;0.000551141041797
2;6;16;0;0.00143107492477;0.00045899147517
2;6;17;0;0.00293170940131;0.000177236157469
2;7;0;0;1.38131499625e-05;1.12771222121e-05
2;7;1;0;1.46805605254e-05;1.24727148432e-05
2;7;2;0;3.07717200485e-05;2.63904257736e-05
2;7;3;0;2.35468905885e-05;1.50991763803e-05
2;7;4;0;3.92722031393e-05;3.56834461854e-05
2;7;5;0;3.04113691527e-05;2.44826296694e-05
2;7;6;0;2.18292552745e-05;1.796905417e-05
2;7;7;0;2.42738096858e-05;1.53629753186e-05
2;7;8;0;0.000155948728207;0.000153686240083
2;7;9;0;9.27072869672e-06;9.06531204237e-06
2;7;10;0;2.5842586183e-05;1.57057856995e-05
2;7;11;0;3.54477451765e-05;2.87338298222e-05
2;7;12;0;2.38124648604e-05;1.56031619554e-05
2;7;13;0;3.91800531361e-05;1.53500495799e-05
2;7;14;0;0.000105843260826;0.000105833467387
2;7;15;0;4.66718011012e-05;4.56877569377e-05
2;7;16;0;2.06939566851e-05;1.66192639881e-05
2;7;17;0;9.71735498752e-05;1.5491992599e-05
2;8;0;0;3.40464271176e-06;3.39248003911e-06
2;8;1;0;3.33595437496e-07;2.47675217224e-07
2;8;2;0;1.87394216482e-05;1.67405723914e-05
2;8;3;0;1.87237128557e-05;1.33245730467e-05
2;8;4;0;1.33045878101e-05;1.27080656966e-05
2;8;5;0;1.0631868463e-05;1.03754227894e-05
2;8;6;0;6.08018035564e-06;6.01462033956e-06
2;8;7;0;1.82369949471e-05;1.34632782647e-05
2;8;8;0;1.66896170413e-05;1.44593996083e-05
2;8;9;0;4.62599928142e-06;4.55895633422e-06
2;8;10;0;1.86043107533e-05;1.5187038116e-05
2;8;11;0;2.1404996005e-05;1.91947892745e-05
2;8;12;0;1.98345078388e-05;1.37818715302e-05
2;8;13;0;2.23074439418e-05;1.47432374433e-05
2;8;14;0;1.33912608362e-05;1.08027206807e-05
2;8;15;0;1.98754732992e-05;1.79183462024e-05
2;8;16;0;1.43986408148e-05;1.1593412637e-05
2;8;17;0;2.2743777663e-05;1.48143508341e-05
2;9;0;0;1.37256415655e-06;1.32028389999e-06
2;9;1;0;7.07821436663e-06;6.5676158556e-06
2;9;2;0;1.2074071492e-05;1.14066979222e-05
2;9;3;0;1.55381476361e-05;1.15196999104e-05
2;9;4;0;3.49367269337e-07;3.45619582731e-07
2;9;5;0;1.72334080162e-06;1.72323518655e-06
2;9;6;0;6.06635603617e-06;6.02818772677e-06
2;9;7;0;1.73106582224e-05;1.26580107462e-05
2;9;8;0;2.74914600595e-06;2.71796761808e-06
2;9;9;0;1.49712286657e-06;1.49633262936e-06
2;9;10;0;1.58003113029e-05;1.32817167469e-05
2;9;11;0;1.71973224496e-05;1.44991427078e-05
2;9;12;0;1.66000754689e-05;1.25838550957e-05
2;9;13;0;1.77318270289e-05;1.29681393446e-05
2;9;14;0;3.07307709591e-06;2.91039373224e-06
2;9;15;0;9.53716971708e-06;8.12593498267e-06
2;9;16;0;1.45715157487e-05;1.24271673485e-05
2;9;17;0;1.78735408554e-05;1.29381451188e-05
