0;0;0;0;1.94262447621e-05;1.69681698026e-05
0;0;1;0;1.97428998945e-05;1.72496493178e-05
0;0;2;0;1.18269144878e-05;1.10906976261e-05
0;0;3;0;1.70940293174e-05;1.63984914252e-05
0;0;4;0;1.31151527967e-05;1.19043124869e-05
0;0;5;0;1.45591093315e-05;1.45591093315e-05
0;0;6;0;2.06203567359e-05;2.05971500691e-05
0;0;7;0;1.57796530402e-05;1.57796530402e-05
0;0;8;0;5.4529841691e-06;4.99713223689e-06
0;0;9;0;5.74477462578e-06;5.2346481425e-06
0;0;10;0;3.0928868e-06;3.01509976453e-06
0;0;11;0;2.10979328585e-06;1.57504337039e-06
0;0;12;0;1.59731898748e-05;1.56180904014e-05
0;0;13;0;1.68933474924e-05;1.68075093825e-05
0;0;14;0;3.51949233846e-06;3.23307472172e-06
0;0;15;0;2.36499545281e-06;2.14054534808e-06
0;0;16;0;3.67989719052e-06;3.64270431419e-06
0;0;17;0;1.51681933858e-05;1.4938471395e-05
0;1;0;0;3.29340145981e-05;2.68297280854e-05
0;1;1;0;4.49237923021e-05;3.1505311199e-05
0;1;2;0;3.82997750421e-05;2.40299450525e-05
0;1;3;0;2.83038698399e-05;2.72677716566e-05
0;1;4;0;2.81184638879e-05;2.34264880419e-05
0;1;5;0;3.38197278325e-05;3.06383808493e-05
0;1;6;0;4.80680064356e-05;4.52461172245e-05
0;1;7;0;2.9223265301e-05;2.7687077818e-05
0;1;8;0;2.1569110686e-05;1.85133139894e-05
0;1;9;0;2.43821923505e-05;2.14208685065e-05
0;1;10;0;2.10295129364e-05;1.99043279281e-05
0;1;11;0;2.04209973163e-05;1.93313280761e-05
0;1;12;0;2.61901295744e-05;2.41502948484e-05
0;1;13;0;1.36636563184e-05;1.28401725306e-05
0;1;14;0;1.95151205844e-05;1.70095954672e-05
0;1;15;0;2.02703340619e-05;1.90494156413e-05
0;1;16;0;1.95510783669e-05;1.80149509106e-05
0;1;17;0;1.73899898073e-05;1.65830369951e-05
0;2;0;0;0.00043317564996;5.02750735905e-05
0;2;1;0;0.000591216143221;4.65832199552e-05
0;2;2;0;0.000824570015538;0.00024931380176
0;2;3;0;0.000623329018708;0.000162062147865
0;2;4;0;0.000232751466683;2.84061279672e-05
0;2;5;0;0.000290243333438;8.72615964909e-06
0;2;6;0;0.000305803550873;9.05873748707e-05
0;2;7;0;0.000310282717692;3.60679077858e-05
0;2;8;0;0.000170919549419;2.25094481721e-05
0;2;9;0;0.000243469563429;3.87461695937e-05
0;2;10;0;0.000203946910915;4.52899330412e-05
0;2;11;0;0.000181347219041;3.48599787685e-05
0;2;12;0;0.000288554962026;6.17448313278e-05
0;2;13;0;9.34279742069e-05;4.17973060394e-05
0;2;14;0;4.55202243757e-05;2.63953679678e-05
0;2;15;0;0.000120887241792;5.45049042557e-05
0;2;16;0;0.000113567533845;3.52629213012e-05
0;2;17;0;4.22507109761e-05;2.93355442409e-05
0;3;0;0;0.00171882915311;0.000143395038322
0;3;1;0;0.104315973818;0.104029677808
0;3;2;0;0.0167157463729;0.0163596533239
0;3;3;0;0.00242996378802;0.00169359648135
0;3;4;0;0.00151281862054;0.000121574223158
0;3;5;0;0.00314882700332;0.000371459085727
0;3;6;0;0.00377011462115;0.00110491691157
0;3;7;0;0.00160588242579;0.000680770608597
0;3;8;0;0.0013066935353;8.88409704203e-05
0;3;9;0;0.00092048413353;0.000726899132133
0;3;10;0;0.00128063687589;0.000271450786386
0;3;11;0;0.00151706510223;0.000418812211137
0;3;12;0;0.00143194105476;0.000425446487498
0;3;13;0;0.00116922415327;0.000422769633587
0;3;14;0;0.000785920827184;8.0943107605e-05
0;3;15;0;0.000773247564211;0.000300503947074
0;3;16;0;0.000931467453483;0.000101853249362
0;3;17;0;0.000873940007295;0.000271294411505
0;4;0;0;0.000816799059976;0.000816798827145
0;4;1;0;0.00107908877544;0.00102435436565
0;4;2;0;0.000743567128666;0.000695116235875
0;4;3;0;0.000524730712641;0.000524713832419
0;4;4;0;0.000238408567384;0.000181244919077
0;4;5;0;0.00066056632204;0.000660563237034
0;4;6;0;0.000753058760893;0.000749699189328
0;4;7;0;0.000512654834893;0.000512627884746
0;4;8;0;0.000363749306416;0.000355002761353
0;4;9;0;0.000615129305515;0.000615127093624
0;4;10;0;0.000532121863216;0.000493887171615
0;4;11;0;0.000860057945829;0.000823717797175
0;4;12;0;0.000944721570704;0.000944445724599
0;4;13;0;0.000886486261152;0.000610040791798
0;4;14;0;0.000827928772196;0.000142565448186
0;4;15;0;0.0029408626724;0.00065344478935
0;4;16;0;0.00349028268829;0.00333524262533
0;4;17;0;0.00133214774542;0.000946998596191
0;5;0;0;0.0009535299032;0.000368844135664
0;5;1;0;0.00123318494298;6.43350867904e-05
0;5;2;0;0.00111410452519;0.000477718800539
0;5;3;0;0.00115570612252;0.000209544770769
0;5;4;0;0.00114571605809;0.000207318327739
0;5;5;0;0.00261806556955;0.00134600303136
0;5;6;0;0.00126162660308;0.000141893178807
0;5;7;0;0.00133574742358;0.000502615119331
0;5;8;0;0.000924561580177;0.000610309420153
0;5;9;0;0.00570188183337;0.00307496194728
0;5;10;0;0.00108937674668;0.000210170313949
0;5;11;0;0.000642304716166;0.000642257626168
0;5;12;0;0.0009086021455;0.000574185105506
0;5;13;0;0.000627853209153;0.000627852976322
0;5;14;0;0.000583611894399;0.000581590807997
0;5;15;0;0.00108467333484;0.00108464586083
0;5;16;0;0.00107824883889;0.00107640796341
0;5;17;0;0.000559270090889;0.000559269974474
0;6;0;0;9.54836796154e-05;8.80920415511e-05
0;6;1;0;0.000118230884254;0.000112401612569
0;6;2;0;5.90684685449e-05;5.89545088587e-05
0;6;3;0;0.00011748012912;8.56556507642e-05
0;6;4;0;0.000644528772682;0.00064247433329
0;6;5;0;0.000642784114461;0.00064278265927
0;6;6;0;0.000303436769173;0.000257604639046
0;6;7;0;0.000368409935618;0.000106325227534
0;6;8;0;0.000444119534222;0.000444119534222
0;6;9;0;0.00188004295342;0.00188004295342
0;6;10;0;0.000520059489645;0.000149613726535
0;6;11;0;0.000503785908222;0.000298422237393
0;6;12;0;0.000446178048151;0.00017990944616
0;6;13;0;0.000704516016413;0.000270143878879
0;6;14;0;0.000779457273893;0.000586280133575
0;6;15;0;0.000801250629593;0.000436180911493
0;6;16;0;0.000779183930717;0.00028521346394
0;6;17;0;0.000967067899182;8.58165003592e-05
0;7;0;0;2.99865547504e-07;2.99650650959e-07
0;7;1;0;2.12710961023e-06;2.12391842069e-06
0;7;2;0;2.38338020608e-06;2.23629240281e-06
0;7;3;0;4.3439208639e-06;3.87787349609e-06
0;7;4;0;2.99400824133e-07;2.9721689998e-07
0;7;5;0;1.50358658857e-07;1.50343055338e-07
0;7;6;0;3.52986148755e-07;3.02965588617e-07
0;7;7;0;2.63204651674e-06;1.34482979774e-06
0;7;8;0;3.62631567441e-07;3.62565941714e-07
0;7;9;0;4.84064628381e-07;4.7532310532e-07
0;7;10;0;1.57212457452e-06;8.66060247517e-07
0;7;11;0;4.26761425842e-06;2.66528354587e-06
0;7;12;0;9.69895245362e-06;9.69894881564e-06
0;7;13;0;6.17934856564e-05;5.26678086317e-05
0;7;14;0;1.87805403584e-06;1.87798752904e-06
0;7;15;0;1.68897258845e-05;1.68897058757e-05
0;7;16;0;1.9593293473e-05;1.85974713531e-05
0;7;17;0;0.000112545334559;9.16410135687e-05
0;8;0;0;7.56132578772e-08;7.51256976628e-08
0;8;1;0;7.91835645941e-08;7.88850371691e-08
0;8;2;0;3.07075652017e-07;3.06319265064e-07
0;8;3;0;5.85194861458e-08;2.59933727875e-08
0;8;4;0;1.49417786588e-07;1.49141939687e-07
0;8;5;0;8.93784335432e-09;8.89058338061e-09
0;8;6;0;2.04347010424e-08;2.01890735241e-08
0;8;7;0;1.56822039798e-07;1.5600620884e-07
0;8;8;0;2.31862227196e-08;2.31545236318e-08
0;8;9;0;1.50111446828e-07;1.49677632066e-07
0;8;10;0;2.86634161739e-07;2.29276551522e-07
0;8;11;0;2.73467776424e-07;2.19533689005e-07
0;8;12;0;1.07756955003e-06;1.07741141164e-06
0;8;13;0;2.45666410592e-06;2.39071823671e-06
0;8;14;0;2.62244270743e-08;2.58254519991e-08
0;8;15;0;3.59457374088e-07;2.56387863828e-07
0;8;16;0;5.86873966313e-07;5.33188085683e-07
0;8;17;0;2.59568400907e-06;1.90629225472e-06
0;9;0;0;7.63106342561e-08;7.62304850355e-08
0;9;1;0;8.75853174875e-07;8.75733064731e-07
0;9;2;0;8.29051955975e-08;8.25828720963e-08
0;9;3;0;5.46050955563e-08;5.42886127164e-08
0;9;4;0;7.14016579195e-08;7.13952914566e-08
0;9;5;0;3.00788968843e-07;3.00775496953e-07
0;9;6;0;1.07471315403e-07;1.07292564167e-07
0;9;7;0;2.96326845728e-07;2.96271906564e-07
0;9;8;0;1.53685277837e-07;1.53668452185e-07
0;9;9;0;3.00168153444e-07;2.99650082525e-07
0;9;10;0;1.20219382893e-07;1.19854760783e-07
0;9;11;0;1.52067357817e-07;1.51896472289e-07
0;9;12;0;4.75167354352e-08;4.711561985e-08
0;9;13;0;9.30332078042e-08;9.2007653052e-08
0;9;14;0;1.01323266222e-07;1.01245710482e-07
0;9;15;0;1.13494991183e-07;1.127002065e-07
0;9;16;0;1.51818497329e-07;1.51710025875e-07
0;9;17;0;1.54252518314e-07;1.52268867737e-07
1;0;0;0;1.89290294657e-05;1.8328502847e-05
1;0;1;0;1.88022313523e-05;1.87937494047e-05
1;0;2;0;1.85350909305e-05;1.83885604201e-05
1;0;3;0;1.97670724447e-05;1.95666470972e-05
1;0;4;0;1.50761898112e-05;1.48311955854e-05
1;0;5;0;1.77374604391e-05;1.77374604391e-05
1;0;6;0;1.74735396286e-05;1.74735396286e-05
1;0;7;0;1.74689703272e-05;1.74539836735e-05
1;0;8;0;9.49852801568e-06;9.42185124586e-06
1;0;9;0;1.64577686519e-05;1.64577686519e-05
1;0;10;0;4.52236918136e-06;4.52236918136e-06
1;0;11;0;3.46372053173e-06;3.46372053173e-06
1;0;12;0;1.57462018251e-05;1.55465331773e-05
1;0;13;0;2.20287492994e-05;2.20145902858e-05
1;0;14;0;1.21955436043e-05;1.218082798e-05
1;0;15;0;8.39910171635e-06;8.39910171635e-06
1;0;16;0;4.09093308917e-06;4.09065796703e-06
1;0;17;0;1.66739118868e-05;1.66302106663e-05
1;1;0;0;2.84065354208e-05;2.64477857854e-05
1;1;1;0;3.70373236365e-05;3.69421177311e-05
1;1;2;0;2.86917238554e-05;2.73303412541e-05
1;1;3;0;2.97879632853e-05;2.88686842396e-05
1;1;4;0;2.67100240308e-05;2.44350849243e-05
1;1;5;0;3.71993082808e-05;3.67843676941e-05
1;1;6;0;3.88213229598e-05;3.84473969461e-05
1;1;7;0;3.30287730321e-05;3.22747073369e-05
1;1;8;0;1.72211712197e-05;1.61756579473e-05
1;1;9;0;2.76835671684e-05;2.73779623967e-05
1;1;10;0;2.51381370617e-05;2.4916644179e-05
1;1;11;0;2.46197741944e-05;2.44429447775e-05
1;1;12;0;2.73495352303e-05;2.60179458564e-05
1;1;13;0;1.62094002008e-05;1.60252729984e-05
1;1;14;0;1.84188374988e-05;1.76579869731e-05
1;1;15;0;2.328777191e-05;2.3231797968e-05
1;1;16;0;2.32848942687e-05;2.31172525673e-05
1;1;17;0;1.95914417418e-05;1.93233390746e-05
1;2;0;0;0.00044179422548;8.16963583929e-05
1;2;1;0;0.000849718111567;0.000237879692577
1;2;2;0;0.000879134400748;0.000209770601941
1;2;3;0;0.000657679222059;0.000106611747469
1;2;4;0;0.000226671327255;2.75302281807e-05
1;2;5;0;0.000321138184518;7.5940413808e-05
1;2;6;0;0.00029157026438;4.16034636146e-05
1;2;7;0;0.000333385774866;3.63818726328e-05
1;2;8;0;0.000169135630131;8.34453476273e-06
1;2;9;0;0.000213479928789;6.62845486659e-05
1;2;10;0;0.000183002601261;5.18051965628e-05
1;2;11;0;0.000151617379743;3.84023114748e-05
1;2;12;0;0.000275195488939;7.40427713026e-05
1;2;13;0;7.81269627623e-05;4.92608851346e-05
1;2;14;0;3.70982961613e-05;2.69225365628e-05
1;2;15;0;9.74899885477e-05;5.72885255679e-05
1;2;16;0;8.99734732229e-05;4.5713288273e-05
1;2;17;0;3.49010733771e-05;3.08383641823e-05
1;3;0;0;0.00259987590834;0.00176205730531
1;3;1;0;0.159614950418;0.150780677795
1;3;2;0;0.00480319233611;0.00331569625996
1;3;3;0;0.00232619140297;0.00101990578696
1;3;4;0;0.00180356577039;0.000623040192295
1;3;5;0;0.00205155136064;0.000353403913323
1;3;6;0;0.00237285578623;0.000817710882984
1;3;7;0;0.00192637136206;0.000963353260886
1;3;8;0;0.00111237785313;0.00111237785313
1;3;9;0;0.00135352136567;0.00125581223983
1;3;10;0;0.00161421811208;0.000420845375629
1;3;11;0;0.00147596956231;0.000593517092057
1;3;12;0;0.00160746299662;0.000306902016746
1;3;13;0;0.00121807842515;0.000279731932096
1;3;14;0;0.000701941724401;0.000303067208733
1;3;15;0;0.00113681820221;0.000109055945359
1;3;16;0;0.00115134718362;0.000121281758766
1;3;17;0;0.00092289771419;0.000182902178494
1;4;0;0;0.000986978178844;0.00098693894688
1;4;1;0;0.00183907116298;0.00183907116298
1;4;2;0;0.000911740178708;0.000911721610464
1;4;3;0;0.000734566303436;0.000734225788619
1;4;4;0;0.000600943923928;0.000600943225436
1;4;5;0;0.000594353245106;0.000594330020249
1;4;6;0;0.000635090749711;0.000635090749711
1;4;7;0;0.000761650444474;0.000761650444474
1;4;8;0;0.00152257177979;0.0014006991405
1;4;9;0;0.00179556466173;0.00179553218186
1;4;10;0;0.000364095467376;0.000130750835524
1;4;11;0;0.000882260268554;0.000868438801263
1;4;12;0;0.00109458179213;0.00109458179213
1;4;13;0;0.00110278313514;0.000662342645228
1;4;14;0;0.00243962020613;0.000719689764082
1;4;15;0;0.00225392542779;0.000500176975038
1;4;16;0;0.00175624596886;0.000881799787749
1;4;17;0;0.00140166562051;0.000348180066794
1;5;0;0;0.00221228925511;0.00075399846537
1;5;1;0;0.00221283361316;0.00194058322813
1;5;2;0;0.00188761169557;0.00158189551439
1;5;3;0;0.00180379603989;0.00103926437441
1;5;4;0;0.0118767488748;0.00645900052041
1;5;5;0;0.0216026492417;0.0160899236798
1;5;6;0;0.0255321748555;0.02382109873
1;5;7;0;0.00199551368132;0.00100533140358
1;5;8;0;0.0155302593485;0.00323736714199
1;5;9;0;0.0515024960041;0.0505455061793
1;5;10;0;0.0185588952154;0.0176733043045
1;5;11;0;0.0118359439075;0.0101884873584
1;5;12;0;0.00152199459262;0.00133148045279
1;5;13;0;0.00132498797029;0.00132498797029
1;5;14;0;0.000815205043182;0.000815205043182
1;5;15;0;0.00198874785565;0.00198874785565
1;5;16;0;0.00163001671899;0.00163001671899
1;5;17;0;0.000782504794188;0.000781983486377
1;6;0;0;0.00017722749908;4.75367742183e-05
1;6;1;0;0.000109684100607;8.97557329154e-05
1;6;2;0;5.51872326469e-05;4.77332614537e-05
1;6;3;0;7.48155798647e-05;3.76449752366e-05
1;6;4;0;0.000349666865077;0.000349666865077
1;6;5;0;0.000391766079701;0.000391766079701
1;6;6;0;0.000531759287696;0.000531759287696
1;6;7;0;0.000261271052295;0.000261271052295
1;6;8;0;0.00124929833692;0.00124928774312
1;6;9;0;0.00265650171787;0.00265648216009
1;6;10;0;0.000517778156791;0.000517778156791
1;6;11;0;0.000380935904104;0.000362956721801
1;6;12;0;0.000604423403274;0.000314487144351
1;6;13;0;0.00106602837332;0.000285118585452
1;6;14;0;0.000919208629057;0.000841623812448
1;6;15;0;0.000845000555273;0.000485672673676
1;6;16;0;0.000847158837132;0.000327625661157
1;6;17;0;0.00139150209725;0.000197631758056
1;7;0;0;4.77894036521e-06;4.42570217274e-06
1;7;1;0;4.66975598101e-06;4.6697405196e-06
1;7;2;0;3.91391495214e-06;3.77678838959e-06
1;7;3;0;1.74317949586e-06;1.09802567749e-06
1;7;4;0;3.22202613461e-05;3.11001131195e-05
1;7;5;0;1.69575723703e-05;1.19981332318e-05
1;7;6;0;3.33827892973e-06;3.2685345559e-06
1;7;7;0;2.40681902142e-06;1.34983213229e-06
1;7;8;0;6.86744606355e-05;6.76059935358e-05
1;7;9;0;2.26694010053e-06;2.26693077821e-06
1;7;10;0;2.63127230937e-06;2.5639346859e-06
1;7;11;0;3.22669575326e-06;2.76412038147e-06
1;7;12;0;1.33170224217e-05;1.33170224217e-05
1;7;13;0;3.6853038182e-05;3.22931300616e-05
1;7;14;0;4.15232534579e-05;2.52238187386e-05
1;7;15;0;2.83695299004e-05;2.83695299004e-05
1;7;16;0;7.61551518735e-06;2.6434731808e-06
1;7;17;0;5.94710691075e-05;5.21630172443e-05
1;8;0;0;1.05441415599e-07;1.00307914863e-07
1;8;1;0;1.12204098457e-07;1.11995433372e-07
1;8;2;0;3.09659952791e-07;3.09229051254e-07
1;8;3;0;7.09518559461e-08;6.69458302127e-08
1;8;4;0;2.48332753472e-06;2.46251920544e-06
1;8;5;0;1.24990810946e-06;1.24848543237e-06
1;8;6;0;3.39626957668e-08;2.9066745455e-08
1;8;7;0;3.40968746571e-08;3.30312204255e-08
1;8;8;0;3.8339439925e-06;3.48826961272e-06
1;8;9;0;3.50686349293e-07;3.5058138792e-07
1;8;10;0;1.00717805651e-07;8.66703544489e-08
1;8;11;0;1.842162618e-07;1.69173475228e-07
1;8;12;0;2.68591037411e-07;2.68587569963e-07
1;8;13;0;9.36556830311e-07;7.80243908594e-07
1;8;14;0;2.99322095998e-06;2.41935072154e-06
1;8;15;0;2.82479254565e-06;2.77135723081e-06
1;8;16;0;6.71389898343e-07;6.71389898343e-07
1;8;17;0;1.04791865851e-06;7.99448571343e-07
1;9;0;0;9.17539892953e-08;9.12448783197e-08
1;9;1;0;9.17856823435e-07;9.17534407563e-07
1;9;2;0;8.04006603516e-08;8.03824633522e-08
1;9;3;0;6.32756567143e-08;6.0418102521e-08
1;9;4;0;7.61830492024e-08;7.57474154511e-08
1;9;5;0;3.00644558138e-07;3.0060303402e-07
1;9;6;0;1.07710809161e-08;1.06592548121e-08
1;9;7;0;2.96371553077e-07;2.96247804954e-07
1;9;8;0;1.55456078232e-07;1.54889988835e-07
1;9;9;0;3.00254896501e-07;3.00207034343e-07
1;9;10;0;1.29806863924e-07;1.29665210125e-07
1;9;11;0;1.52826018507e-07;1.52740767589e-07
1;9;12;0;4.65450291642e-08;4.46592025583e-08
1;9;13;0;9.89883588431e-08;9.88161019677e-08
1;9;14;0;1.65934963547e-07;1.61220512496e-07
1;9;15;0;1.13186381157e-07;1.12444695333e-07
1;9;16;0;1.52979410473e-07;1.52270430931e-07
1;9;17;0;1.58332781552e-07;1.5771523465e-07
2;0;0;0;2.13815728785e-05;2.11017668335e-05
2;0;1;0;1.80799670488e-05;1.80424431164e-05
2;0;2;0;9.36217929848e-06;8.8641891125e-06
2;0;3;0;8.96173969522e-06;8.36627987155e-06
2;0;4;0;1.89012571354e-05;1.89000347746e-05
2;0;5;0;1.30330954562e-05;1.30330563479e-05
2;0;6;0;1.60538565979e-05;1.60538565979e-05
2;0;7;0;7.72157000029e-06;7.49420814827e-06
2;0;8;0;1.01123205241e-05;1.01021032606e-05
2;0;9;0;1.29435111376e-05;1.29433447e-05
2;0;10;0;3.52451093022e-06;3.49038873537e-06
2;0;11;0;3.37348069479e-06;3.35507752425e-06
2;0;12;0;6.67766698825e-06;6.39141899228e-06
2;0;13;0;2.97403767036e-06;2.88193564302e-06
2;0;14;0;1.46121910802e-05;1.46037482409e-05
2;0;15;0;9.06075911189e-06;9.06075911189e-06
2;0;16;0;3.27072029904e-06;3.26684471474e-06
2;0;17;0;4.60737055619e-06;4.51604637419e-06
2;1;0;0;3.03658598568e-05;2.79574633169e-05
2;1;1;0;3.41086051776e-05;3.00646242977e-05
2;1;2;0;2.93243247143e-05;1.37048364195e-05
2;1;3;0;1.51554140757e-05;1.44903833643e-05
2;1;4;0;2.85216137854e-05;2.66505503532e-05
2;1;5;0;3.1474588468e-05;2.91699907393e-05
2;1;6;0;2.6382109354e-05;2.42387068283e-05
2;1;7;0;1.48666640598e-05;1.39922103699e-05
2;1;8;0;1.97765457415e-05;1.92135521502e-05
2;1;9;0;2.97243695968e-05;2.88059891318e-05
2;1;10;0;1.37219103635e-05;1.31311180667e-05
2;1;11;0;1.14275080705e-05;1.034586694e-05
2;1;12;0;1.37914794323e-05;1.29458085212e-05
2;1;13;0;1.09618413262e-05;1.0208889762e-05
2;1;14;0;2.17739125219e-05;2.14255360333e-05
2;1;15;0;1.62085816555e-05;1.56896112458e-05
2;1;16;0;1.46867741933e-05;1.44231880768e-05
2;1;17;0;1.03632373794e-05;9.69585289567e-06
2;2;0;0;0.00046090153046;7.58600581321e-05
2;2;1;0;0.000796839594841;8.24696253403e-05
2;2;2;0;0.000773455540184;5.21239599038e-05
2;2;3;0;0.00059557100758;1.46762449731e-05
2;2;4;0;0.000232175400015;1.07123032649e-05
2;2;5;0;0.000310571951559;4.11971122958e-05
2;2;6;0;0.000330678536557;3.18581551255e-05
2;2;7;0;0.000340370082995;1.7703318008e-05
2;2;8;0;0.000147510741954;2.98509712593e-05
2;2;9;0;0.000224767878535;7.43435666664e-05
2;2;10;0;0.000197009037947;1.71237734321e-05
2;2;11;0;0.000181186391274;9.81175162451e-06
2;2;12;0;0.000314573553624;1.8641094357e-05
2;2;13;0;8.44975875225e-05;1.62040741998e-05
2;2;14;0;3.34745564032e-05;2.73132736766e-05
2;2;15;0;0.000101299388916;4.63253272756e-05
2;2;16;0;0.000103097721876;3.14391145366e-05
2;2;17;0;3.61925995094e-05;1.57918420882e-05
2;3;0;0;0.00986312702298;0.00108371104579
2;3;1;0;0.160863563418;0.0939636155963
2;3;2;0;0.00547737302259;0.00340521195903
2;3;3;0;0.00133646803442;0.000110339875391
2;3;4;0;0.00188504997641;0.000474632222904
2;3;5;0;0.00229214434512;0.000402279401897
2;3;6;0;0.00222036684863;0.001061078161
2;3;7;0;0.0013925593812;0.000112402281957
2;3;8;0;0.000935105665121;0.000732596730813
2;3;9;0;0.00125683355145;0.00119701691438
2;3;10;0;0.00134529534262;0.000288361654384
2;3;11;0;0.0013771498343;0.000216042040847
2;3;12;0;0.00130368187092;0.000114878530439
2;3;13;0;0.000996374292299;4.33376408182e-05
2;3;14;0;0.00065392057877;0.000363348633982
2;3;15;0;0.00102368136868;0.000148693827214
2;3;16;0;0.00100107793696;0.000246340001468
2;3;17;0;0.000793397950474;2.32297970797e-05
2;4;0;0;0.0010165021522;0.00101647945121
2;4;1;0;0.00160169485025;0.00160018808674
2;4;2;0;0.000812886515632;0.000802491849754
2;4;3;0;0.000598898506723;0.000598898506723
2;4;4;0;0.000614800374024;0.000614797871094
2;4;5;0;0.000670944747981;0.000670693756547
2;4;6;0;0.000445252546342;0.000445216923254
2;4;7;0;0.000165892473888;0.00016079688794
2;4;8;0;0.00135666539427;0.00135666539427
2;4;9;0;0.00159917550627;0.00159917550627
2;4;10;0;0.000437678187154;0.000434832414612
2;4;11;0;0.000740948191378;0.000739978160709
2;4;12;0;0.000183625510545;0.00018212327268
2;4;13;0;0.00042497224058;0.00011392095621
2;4;14;0;0.00374225899577;0.000492375751492
2;4;15;0;0.00310665438883;0.0030926852487
2;4;16;0;0.00386642711237;0.00274311890826
2;4;17;0;0.000925812579226;0.000102358106233
2;5;0;0;0.00817360635847;0.00389104709029
2;5;1;0;0.00566246313974;0.00154397636652
2;5;2;0;0.006234833505;0.00251836166717
2;5;3;0;0.00119302095845;0.000256054714555
2;5;4;0;0.00881858728826;0.00500681763515
2;5;5;0;0.0190326441079;0.0132430410013
2;5;6;0;0.0197382047772;0.0149413272738
2;5;7;0;0.0012117420556;0.000294809578918
2;5;8;0;0.0227513145655;0.0107580274343
2;5;9;0;0.116222679615;0.113407358527
2;5;10;0;0.0213742405176;0.0199045334011
2;5;11;0;0.0122867245227;0.010967604816
2;5;12;0;0.00105106597766;0.000607913651038
2;5;13;0;0.00060307001695;0.000603061867878
2;5;14;0;0.000773972657043;0.000768941128626
2;5;15;0;0.00282845343463;0.00273849302903
2;5;16;0;0.00234933011234;0.0017355340533
2;5;17;0;0.000598829996306;0.000598829996306
2;6;0;0;0.000161050818861;1.94226231542e-05
2;6;1;0;5.94622542849e-05;2.17425131268e-05
2;6;2;0;0.000119125958008;6.75466435496e-05
2;6;3;0;0.000162763899425;6.63389946567e-05
2;6;4;0;0.00048507086467;0.000295212987112
2;6;5;0;0.000385607301723;0.000385607301723
2;6;6;0;0.000449004146503;0.000449004146503
2;6;7;0;0.000416735070758;9.64823339018e-05
2;6;8;0;0.00132972432766;0.00132922956254
2;6;9;0;0.00259275129065;0.00259223603643
2;6;10;0;0.00063660327578;0.00063660327578
2;6;11;0;0.00066366547253;0.000661223486532
2;6;12;0;0.000462616648292;0.000156048030476
2;6;13;0;0.000616969540715;0.000232187623624
2;6;14;0;0.0015243870439;0.0015243870439
2;6;15;0;0.000842653971631;0.00057215441484
2;6;16;0;0.00102790561505;0.000698489311617
2;6;17;0;0.000993145396933;0.000231522179092
2;7;0;0;1.56968144438e-06;1.41632744999e-06
2;7;1;0;4.79613026982e-06;4.68344205728e-06
2;7;2;0;3.96800669478e-06;3.8541406866e-06
2;7;3;0;3.21548782267e-06;1.48005676692e-06
2;7;4;0;1.91207454918e-05;1.74728429556e-05
2;7;5;0;1.05417138911e-05;9.9017543107e-06
2;7;6;0;3.72901445189e-06;3.72677664018e-06
2;7;7;0;3.39174653163e-06;1.6501958271e-06
2;7;8;0;5.72920616833e-05;5.59791915293e-05
2;7;9;0;5.97349981035e-06;5.96310110268e-06
2;7;10;0;4.97460996485e-06;3.37464399536e-07
2;7;11;0;4.5524802772e-06;2.93921152661e-06
2;7;12;0;3.21724132846e-06;5.24284075709e-07
2;7;13;0;2.21326827159e-05;2.45496335083e-06
2;7;14;0;3.47122295352e-05;3.4068190871e-05
2;7;15;0;3.95116221625e-05;3.42407947755e-05
2;7;16;0;1.36056378324e-05;1.36054040922e-05
2;7;17;0;5.36315710633e-05;1.33481589728e-05
2;8;0;0;1.04841710424e-07;1.04817779345e-07
2;8;1;0;1.50284009237e-07;1.50161596935e-07
2;8;2;0;8.08403456176e-07;7.2645605087e-07
2;8;3;0;1.21068444514e-06;9.3037544957e-07
2;8;4;0;5.60629246138e-07;5.60552734896e-07
2;8;5;0;1.86623680065e-07;1.8661711465e-07
2;8;6;0;1.11955493765e-07;1.11126048807e-07
2;8;7;0;1.02789329048e-06;8.03759860446e-07
2;8;8;0;1.46333673001e-06;1.39201858929e-06
2;8;9;0;2.002206827e-07;1.97895943188e-07
2;8;10;0;1.82776864222e-06;1.59037051617e-06
2;8;11;0;1.98573707166e-06;1.89779279935e-06
2;8;12;0;1.68734368344e-06;1.10478436e-06
2;8;13;0;2.65556013801e-06;1.43144097819e-06
2;8;14;0;1.50568530444e-06;1.3078702068e-06
2;8;15;0;5.51245477709e-07;5.47594368072e-07
2;8;16;0;1.60758884249e-06;1.46580634919e-06
2;8;17;0;2.79385017166e-06;1.4499316876e-06
2;9;0;0;9.19280580547e-08;9.14059228307e-08
2;9;1;0;9.39464655403e-07;9.3535072665e-07
2;9;2;0;1.66773446608e-07;1.66388844036e-07
2;9;3;0;2.78695239331e-07;2.60646714878e-07
2;9;4;0;8.10223070857e-08;8.08243640904e-08
2;9;5;0;3.00610906834e-07;3.00415223364e-07
2;9;6;0;1.14525889217e-07;1.13908704691e-07
2;9;7;0;4.56079050082e-07;4.55622256368e-07
2;9;8;0;1.62586530905e-07;1.62426843531e-07
2;9;9;0;3.03787970779e-07;3.0365097814e-07
2;9;10;0;3.3155893675e-07;3.15540233942e-07
2;9;11;0;4.0019727976e-07;4.0013011926e-07
2;9;12;0;4.7475481324e-07;4.5730055831e-07
2;9;13;0;9.90872081275e-07;8.54048323617e-07
2;9;14;0;1.70764778318e-07;1.69152372109e-07
2;9;15;0;1.90929739574e-07;1.63384314078e-07
2;9;16;0;3.41330434139e-07;3.40445410529e-07
2;9;17;0;9.84080543276e-07;8.07558365068e-07
