0;0;0;0;0.014867878519;0.00202982430346
0;0;1;0;0.0252006240189;0.00131793692708
0;0;2;0;0.0252889487892;0.00494827283546
0;0;3;0;0.018590060994;0.00410023331642
0;0;4;0;0.0106430221349;9.28389199544e-05
0;0;5;0;0.0133418673649;0.000134034416988
0;0;6;0;0.0140337916091;0.00103028980084
0;0;7;0;0.0121463919058;0.0023719293531
0;0;8;0;0.00830859970301;8.76114863786e-05
0;0;9;0;0.00792531110346;0.000286130176391
0;0;10;0;0.00719944713637;0.0003957542649
0;0;11;0;0.0088485153392;0.001491793897
0;0;12;0;0.00907699391246;0.00183898676187
0;0;13;0;0.0056075649336;0.00111843796913
0;0;14;0;0.00224034488201;4.8397192586e-05
0;0;15;0;0.00370459421538;5.28768941876e-05
0;0;16;0;0.0026332102716;0.00058604410151
0;0;17;0;0.000549443007912;0.000549436430447
0;1;0;0;0.0354856513441;0.00357247982174
0;1;1;0;0.0880908817053;0.0293265562505
0;1;2;0;0.0454542636871;0.00323080597445
0;1;3;0;0.0406706891954;0.00220278068446
0;1;4;0;0.0324076414108;0.00219903467223
0;1;5;0;0.0319661535323;0.00838639400899
0;1;6;0;0.0339727587998;0.00510071171448
0;1;7;0;0.0339721180499;0.00469396542758
0;1;8;0;0.0309832580388;0.00129128515255
0;1;9;0;0.0258844513446;0.00610964884982
0;1;10;0;0.0308154560626;0.00420187599957
0;1;11;0;0.0322604328394;0.00483541935682
0;1;12;0;0.0317966230214;0.00409821141511
0;1;13;0;0.0280753914267;0.00207811011933
0;1;14;0;0.0230531655252;0.00121440854855
0;1;15;0;0.0303721800447;0.00483955862001
0;1;16;0;0.0294667966664;0.00138889474329
0;1;17;0;0.0219367947429;0.00327455624938
0;2;0;0;0.0241452883929;0.0031586997211
0;2;1;0;0.0201022438705;0.0187399741262
0;2;2;0;0.0186953749508;0.0177600979805
0;2;3;0;0.0187249965966;0.00384069536813
0;2;4;0;0.0286219026893;0.000922759936657
0;2;5;0;0.0292767174542;0.00678375316784
0;2;6;0;0.0242134425789;0.000812822661828
0;2;7;0;0.0250088181347;0.00140918896068
0;2;8;0;0.0306032728404;0.000314466422424
0;2;9;0;0.159638151526;0.0894089266658
0;2;10;0;0.0327130034566;0.00324584823102
0;2;11;0;0.0350200943649;0.00268139014952
0;2;12;0;0.0255173314363;0.00470249308273
0;2;13;0;0.0449782684445;0.00608220277354
0;2;14;0;0.04065015167;0.00198638043366
0;2;15;0;0.11481872946;0.0600238703191
0;2;16;0;0.0416140593588;0.00267729233019
0;2;17;0;0.0450892709196;0.00385468010791
0;3;0;0;0.00815254077315;0.00684146815911
0;3;1;0;0.0272472780198;0.0272472780198
0;3;2;0;0.0101330997422;0.0101330978796
0;3;3;0;0.00343357538804;0.000305957830278
0;3;4;0;0.0106188561767;0.0067494190298
0;3;5;0;0.0165278241038;0.0162951946259
0;3;6;0;0.00935373082757;0.00935373082757
0;3;7;0;0.00414498522878;0.00341023970395
0;3;8;0;0.0115947406739;0.00682391691953
0;3;9;0;0.00917265191674;0.00866021309048
0;3;10;0;0.00637142080814;0.00331926112995
0;3;11;0;0.0134506355971;0.0131946830079
0;3;12;0;0.00768025452271;0.00768025452271
0;3;13;0;0.0116994837299;0.00395391508937
0;3;14;0;0.0210015811026;0.0111932847649
0;3;15;0;0.0166548863053;0.0166548807174
0;3;16;0;0.0191648900509;0.0191648863256
0;3;17;0;0.0150946080685;0.00359198707156
0;4;0;0;0.00120713340584;0.000828792748507
0;4;1;0;0.00261149345897;0.00261149345897
0;4;2;0;0.0024414525833;0.00166184292175
0;4;3;0;0.00119927304331;0.000579964427743
0;4;4;0;0.00136692984961;0.000337950506946
0;4;5;0;0.00327296392061;0.00327296392061
0;4;6;0;0.00156038731802;0.000769468955696
0;4;7;0;0.0016747462796;0.0009931785753
0;4;8;0;0.00147927249782;0.00100378249772
0;4;9;0;0.0030679050833;0.00290329195559
0;4;10;0;0.0017327106325;0.000736925459933
0;4;11;0;0.00312597048469;0.00312597048469
0;4;12;0;0.00161602825392;0.000514632614795
0;4;13;0;0.0016626798315;0.00148988212459
0;4;14;0;0.00481687951833;0.00394892133772
0;4;15;0;0.00857588090003;0.00857587903738
0;4;16;0;0.00627367710695;0.00627367710695
0;4;17;0;0.00220785522833;0.00192570965737
0;5;0;0;0.00182546058204;0.0017535451334
0;5;1;0;0.00103729369584;0.000647586712148
0;5;2;0;0.00104350456968;0.000641424790956
0;5;3;0;0.00116407871246;0.000810698838905
0;5;4;0;0.00107037695125;0.00085452577332
0;5;5;0;0.00164181599393;0.0014310789993
0;5;6;0;0.00135954259895;0.00112922396511
0;5;7;0;0.00103105814196;0.000659644952975
0;5;8;0;0.00125695834868;0.0010257755639
0;5;9;0;0.00233400124125;0.0022462666966
0;5;10;0;0.00123192649335;0.000755693763494
0;5;11;0;0.0012515069684;0.00102283305023
0;5;12;0;0.000945325533394;0.000504785857629
0;5;13;0;0.00109980243724;0.000638157303911
0;5;14;0;0.00128655997105;0.000118768148241
0;5;15;0;0.00232819165103;0.00146620080341
0;5;16;0;0.00121216929983;0.000822614994831
0;5;17;0;0.00121230818331;0.000583065848332
0;6;0;0;0.000249319215072;6.15518947598e-05
0;6;1;0;0.000226949763601;5.97907201154e-05
0;6;2;0;0.000378183700377;0.000192896317458
0;6;3;0;0.000287902657874;0.000127535124193
0;6;4;0;0.000957895303145;0.000690120854415
0;6;5;0;0.000339049758622;0.00012322870316
0;6;6;0;0.000288686191197;0.00011370262655
0;6;7;0;0.000340414233506;0.000179462484084
0;6;8;0;0.00122563866898;0.00109932851046
0;6;9;0;0.00239179120399;0.00231928192079
0;6;10;0;0.000735526380595;0.000505738775246
0;6;11;0;0.000801284390036;0.000663630198687
0;6;12;0;0.000576933962293;0.000422402197728
0;6;13;0;0.000627918925602;0.000413397443481
0;6;14;0;0.00137933227234;0.00117005885113
0;6;15;0;0.000870788353495;0.000551989825908
0;6;16;0;0.000750372186303;0.000390083063394
0;6;17;0;0.000867151480634;0.000613342330325
0;7;0;0;0.000136833623401;4.01952893299e-05
0;7;1;0;0.000143414057675;4.50529223599e-05
0;7;2;0;0.000190849546925;9.5262490504e-05
0;7;3;0;0.000187230602023;9.62450503721e-05
0;7;4;0;0.000154175751959;3.8955709897e-05
0;7;5;0;0.000157088798005;5.53704630875e-05
0;7;6;0;0.000160245443112;6.4223051595e-05
0;7;7;0;0.000179063339601;8.39305503177e-05
0;7;8;0;0.000178235772182;4.32262240793e-05
0;7;9;0;0.000155235335114;5.02567090734e-05
0;7;10;0;0.000249834760325;0.000110892106022
0;7;11;0;0.000229768891586;9.90706175799e-05
0;7;12;0;0.000171221676283;8.38700725581e-05
0;7;13;0;0.000253410980804;0.000121412638691
0;7;14;0;0.000233447470237;5.19801033079e-05
0;7;15;0;0.000230391102377;0.000103394348116
0;7;16;0;0.000241943518631;0.000104446226032
0;7;17;0;0.000271257304121;0.000120162556414
0;8;0;0;0.000128818224766;3.51437956851e-05
0;8;1;0;0.000135345224408;3.67018947145e-05
0;8;2;0;0.000161457821378;6.20514620095e-05
0;8;3;0;0.000171064442839;8.06908501545e-05
0;8;4;0;0.00013306652545;3.76138013962e-05
0;8;5;0;0.000171338469954;7.75515363785e-05
0;8;6;0;0.000119988442748;2.69860902335e-05
0;8;7;0;0.000156482099555;6.87201973051e-05
0;8;8;0;0.000145333673572;4.04708189308e-05
0;8;9;0;0.000158380891662;5.75275407755e-05
0;8;10;0;0.000175950190169;7.98458204372e-05
0;8;11;0;0.000174844928551;7.94346706243e-05
0;8;12;0;0.000168274040334;7.90420745034e-05
0;8;13;0;0.000195898799575;0.000104251383164
0;8;14;0;0.000140948861372;4.12517001678e-05
0;8;15;0;0.000168173151906;7.30333995307e-05
0;8;16;0;0.000178553193109;8.07259202702e-05
0;8;17;0;0.000190360908164;9.60829711403e-05
0;9;0;0;0.000129724750877;3.22510131809e-05
0;9;1;0;8.63199020387e-05;4.64487493446e-05
0;9;2;0;0.000152545791934;8.81022206158e-05
0;9;3;0;0.00012267557031;5.15283354616e-05
0;9;4;0;0.000153992703417;3.85407438444e-05
0;9;5;0;0.000179872877197;0.000106764004158
0;9;6;0;0.000120778320706;2.51995588769e-05
0;9;7;0;0.000140621108585;4.72831561638e-05
0;9;8;0;0.000158055103384;4.01025572501e-05
0;9;9;0;0.000140748394188;6.74083421472e-05
0;9;10;0;0.000147151076817;4.81951319671e-05
0;9;11;0;0.000159169067047;5.33042002644e-05
0;9;12;0;0.000137303388328;3.68694963981e-05
0;9;13;0;0.000179833077709;8.58806597535e-05
0;9;14;0;0.000136579517857;3.56939781341e-05
0;9;15;0;0.000154016175657;4.37880262325e-05
0;9;16;0;0.00015322395484;4.62798088847e-05
0;9;17;0;0.000171706007677;7.64024298405e-05
1;0;0;0;0.0133600542322;0.0104554202408
1;0;1;0;0.0240673311055;0.00161312380806
1;0;2;0;0.0233038607985;0.00595213519409
1;0;3;0;0.0165044628084;0.00525777693838
1;0;4;0;0.0139330206439;0.00465954793617
1;0;5;0;0.0150862159207;0.00574487494305
1;0;6;0;0.0118107451126;0.00459105428308
1;0;7;0;0.0110130552202;0.00460238289088
1;0;8;0;0.00609094277024;0.00431169243529
1;0;9;0;0.00654670689255;0.00303483149037
1;0;10;0;0.00612926855683;0.0018333022017
1;0;11;0;0.00817042309791;0.00333368801512
1;0;12;0;0.00763570982963;0.00372141110711
1;0;13;0;0.00402980856597;0.0024944790639
1;0;14;0;0.000876461854205;0.000782372721005
1;0;15;0;0.00210489216261;0.00196331995539
1;0;16;0;0.00140840455424;0.000504748313688
1;0;17;0;0.000730677100364;0.000730677042156
1;1;0;0;0.14341968298;0.0105897970498
1;1;1;1;0.3;0.3
1;1;2;0;0.0471240766346;0.00782648753375
1;1;3;0;0.0420013740659;0.00448743952438
1;1;4;0;0.0315854512155;0.0125436540693
1;1;5;0;0.0331481769681;0.0187362581491
1;1;6;0;0.0337254703045;0.00943843182176
1;1;7;0;0.0355541408062;0.00658000493422
1;1;8;0;0.0276571717113;0.0110976565629
1;1;9;0;0.0227106250823;0.00954354181886
1;1;10;0;0.02999660559;0.00995160173625
1;1;11;0;0.035437438637;0.00682962778956
1;1;12;0;0.0313128046691;0.00437954347581
1;1;13;0;0.0271494816989;0.00311989895999
1;1;14;0;0.0200930759311;0.0100615508854
1;1;15;0;0.0281940214336;0.00553628243506
1;1;16;0;0.0283701922745;0.00190099910833
1;1;17;0;0.0208830013871;0.00647705839947
1;2;0;0;0.016265116632;0.00380772841163
1;2;1;0;0.0171299744397;0.0171299744397
1;2;2;0;0.0152010414749;0.0135358246043
1;2;3;0;0.0192847829312;0.00445674546063
1;2;4;0;0.030879592523;0.00303190038539
1;2;5;0;0.0245762132108;0.00298040336929
1;2;6;0;0.0265734102577;0.00540045043454
1;2;7;0;0.0261765699834;0.00255835335702
1;2;8;1;0.3;0.3
1;2;9;1;0.3;0.3
1;2;10;0;0.0384934805334;0.00275076087564
1;2;11;0;0.0591254197061;0.00381598575041
1;2;12;0;0.026776118204;0.00635995762423
1;2;13;0;0.0481804609299;0.00321628339589
1;2;14;0;0.0524785034359;0.0163282398134
1;2;15;0;0.0702218785882;0.0131888622418
1;2;16;0;0.0595724284649;0.00322049180977
1;2;17;0;0.044604357332;0.00247007398866
1;3;0;0;0.00466102547944;0.00348671129905
1;3;1;0;0.0199146084487;0.0199146084487
1;3;2;0;0.00963427498937;0.00963427498937
1;3;3;0;0.00617106817663;0.00519499834627
1;3;4;0;0.00870126392692;0.00640138238668
1;3;5;0;0.0153022184968;0.0153022166342
1;3;6;0;0.0115736257285;0.0115736238658
1;3;7;0;0.00536786671728;0.00536786671728
1;3;8;0;0.0117828194052;0.0117828184739
1;3;9;0;0.00913304463029;0.00846798345447
1;3;10;0;0.00403058901429;0.00195200683083
1;3;11;0;0.0147403739393;0.0136090451851
1;3;12;0;0.0112646855414;0.0111746732146
1;3;13;0;0.0120767951012;0.00332714337856
1;3;14;0;0.0108172204345;0.00410335510969
1;3;15;0;0.0197107773274;0.0194520670921
1;3;16;0;0.0204960033298;0.0194728784263
1;3;17;0;0.0154468910769;0.0059428284876
1;4;0;0;0.000800917041488;0.000515105901286
1;4;1;0;0.00235912925564;0.00235912925564
1;4;2;0;0.00199455022812;0.00130938203074
1;4;3;0;0.00114792049862;0.000500880705658
1;4;4;0;0.00138818565756;0.000737536814995
1;4;5;0;0.000987529405393;0.000796045234893
1;4;6;0;0.00125936092809;0.000508004159201
1;4;7;0;0.00121737131849;0.000617818441242
1;4;8;0;0.00271236267872;0.00271236267872
1;4;9;0;0.00123949628323;0.000962890684605
1;4;10;0;0.00175324699376;0.000804764160421
1;4;11;0;0.00202676281333;0.00193270144518
1;4;12;0;0.00189522164874;0.00105620163959
1;4;13;0;0.00124783115461;0.000783108524047
1;4;14;0;0.00439457548782;0.00387802650221
1;4;15;0;0.00958764180541;0.00958764180541
1;4;16;0;0.00946308299899;0.00946308299899
1;4;17;0;0.00202484754845;0.00187923002522
1;5;0;0;0.00155904574785;0.00124315288849
1;5;1;0;0.00103002297692;0.000514974643011
1;5;2;0;0.00106183369644;0.000699013937265
1;5;3;0;0.00103542010766;0.000714237277862
1;5;4;0;0.00124752160627;0.000839735788759
1;5;5;0;0.00186556437984;0.00183423433919
1;5;6;0;0.00131663586944;0.00102195155341
1;5;7;0;0.00089194229804;0.000539370754268
1;5;8;0;0.00167700881138;0.00132455851417
1;5;9;0;0.0018912475789;0.0016689010663
1;5;10;0;0.0010745896725;0.000611612107605
1;5;11;0;0.00120542640798;0.00085066317115
1;5;12;0;0.000829802767839;0.000423895835411
1;5;13;0;0.000928607012611;0.000580598891247
1;5;14;0;0.00138505676296;0.00066491542384
1;5;15;0;0.0016688159667;0.00126389379147
1;5;16;0;0.00106613931712;0.000754607142881
1;5;17;0;0.00107718794607;0.000675633957144
1;6;0;0;0.00033400952816;0.000172617132193
1;6;1;0;0.000350673770299;0.000202708310098
1;6;2;0;0.000410220876802;0.000260710192379
1;6;3;0;0.00027720691287;0.00014677728177
1;6;4;0;0.000565447844565;0.00032505573472
1;6;5;0;0.00039813289186;0.00023269095982
1;6;6;0;0.000487212557346;0.000300278392388
1;6;7;0;0.000310509494739;0.000161795673193
1;6;8;0;0.00132178131025;0.00119574915152
1;6;9;0;0.00230466271751;0.00215543992817
1;6;10;0;0.000528148491867;0.000371442933101
1;6;11;0;0.000859252177179;0.000707463303115
1;6;12;0;0.000529469398316;0.000333105330355
1;6;13;0;0.000581254076678;0.000361597863957
1;6;14;0;0.00143881211989;0.00122125598136
1;6;15;0;0.00098141329363;0.000670525128953
1;6;16;0;0.000778870016802;0.000461675052065
1;6;17;0;0.000853258883581;0.000597524107434
1;7;0;0;0.000186229153769;9.51739566517e-05
1;7;1;0;0.000204289302928;0.000107991123514
1;7;2;0;0.000247242714977;0.000150943305925
1;7;3;0;0.00023675034754;0.000146097605466
1;7;4;0;0.000203421892365;9.98139512376e-05
1;7;5;0;0.000208988654776;0.000111183202534
1;7;6;0;0.000219991678023;0.000123065779917
1;7;7;0;0.00022364819597;0.000126906496007
1;7;8;0;0.000299085659208;0.000204941912671
1;7;9;0;0.000203536619665;0.000103836311609
1;7;10;0;0.000278806546703;0.000157395217684
1;7;11;0;0.000268877804046;0.000152579654241
1;7;12;0;0.000220189409447;0.000127345614601
1;7;13;0;0.000275409343885;0.000174240994966
1;7;14;0;0.000300822604913;0.00016085479001
1;7;15;0;0.000279757194221;0.000178047601366
1;7;16;0;0.000255664490396;0.000144547928357
1;7;17;0;0.000261158449575;0.00014206947526
1;8;0;0;0.000151351792738;7.00795499142e-05
1;8;1;0;0.000159907038324;8.41694927658e-05
1;8;2;0;0.000157533198944;7.79240072006e-05
1;8;3;0;0.000169942039065;9.53797789407e-05
1;8;4;0;0.000162389769685;8.64104222273e-05
1;8;5;0;0.000181142619113;9.58460805123e-05
1;8;6;0;0.000151367217768;6.70458539389e-05
1;8;7;0;0.000155635672854;7.84048970672e-05
1;8;8;0;0.000202985698706;0.00011214249389
1;8;9;0;0.000171943742316;6.77891584928e-05
1;8;10;0;0.000207421719097;0.000118283256597
1;8;11;0;0.000210995072848;0.000124860889628
1;8;12;0;0.000174892877112;0.000106750485429
1;8;13;0;0.000225637384574;0.000134652655106
1;8;14;0;0.000190869352082;9.74358117674e-05
1;8;15;0;0.000186614677659;8.57720078784e-05
1;8;16;0;0.000218443543417;0.000123728837934
1;8;17;0;0.000231364261708;0.000137494862429
1;9;0;0;0.000116094313853;4.07970146625e-05
1;9;1;0;0.00011897177319;7.985837874e-05
1;9;2;0;0.000140182295581;9.82131023193e-05
1;9;3;0;0.000126835468109;6.40543003101e-05
1;9;4;0;0.000147685306729;7.55598157411e-05
1;9;5;0;0.000149202271132;9.46655272855e-05
1;9;6;0;0.000136853166623;7.03832774889e-05
1;9;7;0;0.000147760889377;6.58134667901e-05
1;9;8;0;0.00018981526955;9.39644232858e-05
1;9;9;0;0.000122804151033;4.02262194257e-05
1;9;10;0;0.000150215477333;6.82165191392e-05
1;9;11;0;0.000167930600583;7.49951796024e-05
1;9;12;0;0.00014448130969;7.78637622716e-05
1;9;13;0;0.000191871848074;0.000110441193101
1;9;14;0;0.000155252404511;6.60416626488e-05
1;9;15;0;0.000163137068739;8.5393228801e-05
1;9;16;0;0.000154150417075;7.18479423085e-05
1;9;17;0;0.000176723653567;9.73327987595e-05
2;0;0;0;0.0109326345846;0.0109326280653
2;0;1;0;0.0212741550058;0.000730978499632
2;0;2;0;0.0247673336416;0.00845251232386
2;0;3;0;0.0169543176889;0.00172896112781
2;0;4;0;0.0130863022059;0.00945933070034
2;0;5;0;0.013372243382;0.00746145099401
2;0;6;0;0.0124871144071;0.00134364049882
2;0;7;0;0.0113825192675;0.00104986527003
2;0;8;0;0.00627543823794;0.00351850572042
2;0;9;0;0.0057417745702;0.00360527215526
2;0;10;0;0.00467089936137;0.000105302191514
2;0;11;0;0.00552442343906;0.000607849447988
2;0;12;0;0.00924128107727;0.000140706993989
2;0;13;0;0.00540919648483;4.78503752674e-05
2;0;14;0;0.000652232731227;0.000463690579636
2;0;15;0;0.00168178568128;0.00163333734963
2;0;16;0;0.000931419141125;0.000403169280617
2;0;17;0;0.000291970791295;2.25000803766e-05
2;1;0;0;0.0752957463264;0.0192521046847
2;1;1;0;0.198355183005;0.013607786037
2;1;2;0;0.0920532569289;0.0309834517539
2;1;3;0;0.0414324961603;0.00156881904695
2;1;4;0;0.0559682250023;0.0146300019696
2;1;5;0;0.0537559576333;0.00899804849178
2;1;6;0;0.0558217652142;0.00842737127095
2;1;7;0;0.0348376557231;0.00254020420834
2;1;8;0;0.0233082789928;0.0167538095266
2;1;9;0;0.02867551893;0.0155508713797
2;1;10;0;0.0296961255372;0.014180961065
2;1;11;0;0.0301171895117;0.00876902695745
2;1;12;0;0.0324926227331;0.0014597827103
2;1;13;0;0.0273935422301;0.00125201244373
2;1;14;0;0.0187512300909;0.0139664700255
2;1;15;0;0.0280845537782;0.00458854297176
2;1;16;0;0.0275879502296;0.0074775996618
2;1;17;0;0.021117400378;0.00142777932342
2;2;0;0;0.018077455461;0.00544295320287
2;2;1;0;0.0167820882052;0.0102780563757
2;2;2;0;0.0173092428595;0.016325160861
2;2;3;0;0.0303192362189;0.01656508632
2;2;4;0;0.0358894616365;0.0051740296185
2;2;5;0;0.0298744458705;0.00413198303431
2;2;6;0;0.0283375382423;0.00423927698284
2;2;7;0;0.0307377353311;0.00658691581339
2;2;8;1;0.3;0.3
2;2;9;1;0.3;0.3
2;2;10;0;0.0511526837945;0.00688629318029
2;2;11;0;0.105211593211;0.0727873519063
2;2;12;0;0.0304391495883;0.00143971224315
2;2;13;0;0.0411027744412;0.000327484653099
2;2;14;0;0.0455944165587;0.0136194080114
2;2;15;0;0.0580649189651;0.00542797474191
2;2;16;0;0.0579818636179;0.0168640688062
2;2;17;0;0.045151244849;0.0015793137718
2;3;0;0;0.0098024001345;0.0098024001345
2;3;1;0;0.0308888535947;0.030682682991
2;3;2;0;0.018922066316;0.018922066316
2;3;3;0;0.00838062167168;0.00635301601142
2;3;4;0;0.0100856358185;0.0100302370265
2;3;5;0;0.0168538298458;0.0162116158754
2;3;6;0;0.0186197143048;0.0186197143048
2;3;7;0;0.00973458774388;0.0061494326219
2;3;8;0;0.0159292258322;0.0159292239696
2;3;9;0;0.0101483166218;0.00961660780013
2;3;10;0;0.00797590240836;0.00455769058317
2;3;11;0;0.0173167474568;0.0173167474568
2;3;12;0;0.0139062739909;0.00885587744415
2;3;13;0;0.021631449461;0.0129694836214
2;3;14;0;0.0145376222208;0.00498940236866
2;3;15;0;0.0238382462412;0.0238382462412
2;3;16;0;0.0207936540246;0.0207936540246
2;3;17;0;0.0257889516652;0.0146824391559
2;4;0;0;0.0021528089419;0.0021528089419
2;4;1;0;0.00229871179909;0.00209759385325
2;4;2;0;0.00263003399596;0.00263003399596
2;4;3;0;0.00101928389631;0.000551299366634
2;4;4;0;0.0023198404815;0.00231979251839
2;4;5;0;0.00102424819488;0.000592241063714
2;4;6;0;0.00143491302151;0.00139172305353
2;4;7;0;0.00167075777426;0.00040661325329
2;4;8;0;0.008266617544;0.008266617544
2;4;9;0;0.0140658309683;0.0138792619109
2;4;10;0;0.0019869110547;0.000995998852886
2;4;11;0;0.00763858528808;0.00763096800074
2;4;12;0;0.00155642966274;0.000398741685785
2;4;13;0;0.00171798199881;0.000207595308893
2;4;14;0;0.00641398131847;0.00641398131847
2;4;15;0;0.0141414729878;0.0141414720565
2;4;16;0;0.0129649285227;0.0129633378237
2;4;17;0;0.00624466827139;0.00502156233415
2;5;0;0;0.00121511472389;0.000973521207925
2;5;1;0;0.000645644206088;0.000313021126203
2;5;2;0;0.000962204067037;0.000613369687926
2;5;3;0;0.00088168279035;0.00048146978952
2;5;4;0;0.000971399247646;0.000606684770901
2;5;5;0;0.0013075589668;0.00102914823219
2;5;6;0;0.00126982491929;0.000951417780016
2;5;7;0;0.000926767825149;0.000471592735266
2;5;8;0;0.00156755733769;0.00128104200121
2;5;9;0;0.00142286182381;0.00125510524958
2;5;10;0;0.00113227975089;0.000731132284272
2;5;11;0;0.00176656374242;0.00158504676074
2;5;12;0;0.00106832804158;0.000611304072663
2;5;13;0;0.00115784537047;0.000665932369884
2;5;14;0;0.00109174509998;0.000707224244252
2;5;15;0;0.00136719655711;0.00103713886347
2;5;16;0;0.000949841982219;0.000412212946685
2;5;17;0;0.00108867581002;0.000584287918173
2;6;0;0;0.000316483870847;0.000172022875631
2;6;1;0;0.000365706102457;0.0002209788654
2;6;2;0;0.000426873302786;0.000239249144215
2;6;3;0;0.000369448680431;0.000194883628865
2;6;4;0;0.000607484893408;0.00055359833641
2;6;5;0;0.000860034138896;0.000746151956264
2;6;6;0;0.00060410000151;0.000407994026318
2;6;7;0;0.000400537363021;0.000213834398892
2;6;8;0;0.00131227017846;0.00127904512919
2;6;9;0;0.00208703172393;0.00208697817288
2;6;10;0;0.000665521423798;0.000462527765194
2;6;11;0;0.000911309733056;0.000703688187059
2;6;12;0;0.000411326385802;0.00023300468456
2;6;13;0;0.000625534914434;0.000358165882062
2;6;14;0;0.0010228647152;0.000820989778731
2;6;15;0;0.000956357340328;0.000656386779156
2;6;16;0;0.000855240272358;0.000562053988688
2;6;17;0;0.000687921710778;0.000410408974858
2;7;0;0;0.000279269821476;0.00019274346414
2;7;1;0;0.0003587170213;0.000292519718641
2;7;2;0;0.000372516427888;0.000205517251743
2;7;3;0;0.000343366788002;0.000182659408893
2;7;4;0;0.000263676425675;0.000163951379363
2;7;5;0;0.000319650163874;0.000209162302781
2;7;6;0;0.000266913033556;0.000175414228579
2;7;7;0;0.000343756255461;0.000183384472621
2;7;8;0;0.000337448931532;0.000235122279264
2;7;9;0;0.000308813847369;0.000191342318431
2;7;10;0;0.000364939478459;0.000194306194317
2;7;11;0;0.000366657768609;0.000203829127713
2;7;12;0;0.000342301034834;0.000180993127287
2;7;13;0;0.000348593806848;0.000180967646884
2;7;14;0;0.000302084314171;0.000187722936971
2;7;15;0;0.000393434485886;0.000256963947322
2;7;16;0;0.00034471435356;0.000179601294803
2;7;17;0;0.000354634859832;0.000184253425687
2;8;0;0;0.000191416329471;0.00011169478239
2;8;1;0;0.000217630949919;0.000130542452098
2;8;2;0;0.000369005167158;0.000249109027209
2;8;3;0;0.000360718142474;0.000207280318136
2;8;4;0;0.000217559776502;0.000140949661727
2;8;5;0;0.000223980488954;0.000143891011248
2;8;6;0;0.000301737949485;0.000188297766726
2;8;7;0;0.000340014579706;0.000192728126422
2;8;8;0;0.000294347672025;0.000208046389162
2;8;9;0;0.000228517717915;0.000144906356581
2;8;10;0;0.000311521987896;0.000167597667314
2;8;11;0;0.000356106989784;0.000210998929106
2;8;12;0;0.000331175979227;0.00018165394431
2;8;13;0;0.000337556673912;0.00018089034711
2;8;14;0;0.000293193617836;0.000219580950215
2;8;15;0;0.000319418031722;0.000226802032557
2;8;16;0;0.00026220822474;0.000119308991998
2;8;17;0;0.000339742749929;0.000181427880307
2;9;0;0;0.000128073676024;6.48335189908e-05
2;9;1;0;0.000321688014083;0.000301867985399
2;9;2;0;0.000358900550054;0.000344929663697
2;9;3;0;0.000299165025353;0.000168148151715
2;9;4;0;0.000222069720621;0.000190499660675
2;9;5;0;0.000290685013169;0.000255897408351
2;9;6;0;0.000407376210205;0.000372572889319
2;9;7;0;0.000432144326624;0.000256380968494
2;9;8;0;0.000256031256868;0.000170506173163
2;9;9;0;0.000164690078236;0.000158833892783
2;9;10;0;0.000349803507561;0.000253447535215
2;9;11;0;0.000402852281695;0.00033636164153
2;9;12;0;0.000450270716101;0.000267375726253
2;9;13;0;0.000418299692683;0.000248719239607
2;9;14;0;0.000190668404684;0.00011327786342
2;9;15;0;0.000287068862235;0.000222549570026
2;9;16;0;0.000271728000371;0.000168872284121
2;9;17;0;0.000388678861782;0.000228192191571
