0;0;0;0;4.62028438051e-05;2.75554739346e-05
0;0;1;0;5.22460832144e-05;4.65304801764e-05
0;0;2;0;1.9224573407e-05;1.3497213331e-05
0;0;3;0;3.35150471074e-05;2.41524830926e-05
0;0;4;0;3.28532332787e-05;2.11317292269e-05
0;0;5;0;4.36016780441e-05;4.21346521762e-05
0;0;6;0;3.90231361962e-05;2.43371905526e-05
0;0;7;0;3.08630660584e-05;2.46051149588e-05
0;0;8;0;1.22672154248e-05;7.85926295066e-06
0;0;9;0;1.22632745843e-05;7.32892976885e-06
0;0;10;0;8.60196905705e-06;7.16220210961e-06
0;0;11;0;9.17334000405e-06;9.17334000405e-06
0;0;12;0;3.7478050217e-05;2.98835966532e-05
0;0;13;0;5.03380761074e-05;4.62870521005e-05
0;0;14;0;6.85003578837e-06;4.75151500723e-06
0;0;15;0;6.55189478493e-06;5.94766061113e-06
0;0;16;0;1.050276569e-05;8.61969965626e-06
0;0;17;0;3.19516439049e-05;2.78073821391e-05
0;1;0;0;8.17584732431e-05;5.10911559104e-05
0;1;1;0;0.000121674827824;0.000105308252387
0;1;2;0;0.000106668187073;5.89197770751e-05
0;1;3;0;6.75725532346e-05;4.81571696582e-05
0;1;4;0;6.51591108181e-05;3.85730891139e-05
0;1;5;0;6.83061152813e-05;4.94168925798e-05
0;1;6;0;7.60654802434e-05;4.34078392573e-05
0;1;7;0;8.56874976307e-05;6.68524444336e-05
0;1;8;0;5.05894968228e-05;2.95922309306e-05
0;1;9;0;9.78875468718e-05;8.48977651913e-05
0;1;10;0;4.3975385779e-05;3.35873555741e-05
0;1;11;0;3.81833779102e-05;3.02715416183e-05
0;1;12;0;0.000101584337244;7.90757112554e-05
0;1;13;0;2.09532008739e-05;1.38797395266e-05
0;1;14;0;4.56442066934e-05;2.66225433734e-05
0;1;15;0;6.30805807305e-05;5.19300047017e-05
0;1;16;0;4.96133579873e-05;3.90091881854e-05
0;1;17;0;3.2597748941e-05;2.10860362131e-05
0;2;0;0;0.00122377334628;0.000974967435468
0;2;1;0;0.000432117027231;0.000275076163234
0;2;2;0;0.00034554026206;0.000101206052932
0;2;3;0;0.00031544273952;0.000219920912059
0;2;4;0;0.0005574664101;0.0003954123531
0;2;5;0;0.000388929795008;0.000227019729209
0;2;6;0;0.000292470795102;0.000151322223246
0;2;7;0;0.000261581968516;0.00014838342031
0;2;8;0;0.000493490777444;0.000376898708055
0;2;9;0;0.000384193263017;0.000256106693996
0;2;10;0;0.000225688694627;6.7553264671e-05
0;2;11;0;0.000209810998058;2.86058420897e-05
0;2;12;0;0.000255034334259;0.000155166024342
0;2;13;0;0.000152786727995;8.80070583662e-05
0;2;14;0;0.000290219177259;0.000175017310539
0;2;15;0;0.000186154124094;6.364267756e-05
0;2;16;0;0.000200839160243;0.000152267850353
0;2;17;0;0.000107410080091;5.67373972444e-05
0;3;0;0;0.00143182196189;0.000930835667532
0;3;1;0;0.00278152688406;0.000319196056807
0;3;2;0;0.0026793947909;0.00243298802525
0;3;3;0;0.00175256060902;0.00100628333166
0;3;4;0;0.000406641192967;0.000231159749092
0;3;5;0;0.00166986277327;0.00162584963255
0;3;6;0;0.000660744786728;0.000593971635681
0;3;7;0;0.000649479858112;0.000408473570133
0;3;8;0;0.000638595316559;0.000442144810222
0;3;9;0;0.00113616068847;0.00113616068847
0;3;10;0;0.000379758130293;0.000366780150216
0;3;11;0;0.000368942681234;0.000362538732588
0;3;12;0;0.000445965415565;0.000381603749702
0;3;13;0;0.00026562041603;0.000158518261742
0;3;14;0;0.00119431107305;0.0010167977307
0;3;15;0;0.000368296081433;0.000303258129861
0;3;16;0;0.0325776264071;0.0162824131548
0;3;17;0;0.000227691576583;0.000110877037514
0;4;0;0;0.0110303536057;0.000455106899608
0;4;1;1;0.3;0.3
0;4;2;0;0.09871314466;0.0222357418388
0;4;3;0;0.0159900616854;0.00171424436849
0;4;4;0;0.00774934375659;0.000403324782383
0;4;5;0;0.0450811944902;0.0038901316002
0;4;6;0;0.0502422079444;0.0112107628956
0;4;7;0;0.0098877735436;0.000889031216502
0;4;8;0;0.00615941220894;0.000561228021979
0;4;9;0;0.00624787248671;0.00562431802973
0;4;10;0;0.00737487757578;0.00245832954533
0;4;11;0;0.00718053616583;0.0039899549447
0;4;12;0;0.00545554095879;0.00115472718608
0;4;13;0;0.00261302362196;0.00104900449514
0;4;14;0;0.00272541609593;0.000653144204989
0;4;15;0;0.00257741753012;0.00219230400398
0;4;16;0;0.00540692498907;0.000511631194968
0;4;17;0;0.00146408192813;0.000589990522712
0;5;0;0;0.00908207520843;0.00216059712693
0;5;1;0;0.0178016237915;0.0178016237915
0;5;2;0;0.00871342886239;0.00861970428377
0;5;3;0;0.00759467342868;0.00438149413094
0;5;4;0;0.0112172076479;0.00158454605844
0;5;5;0;0.00980713218451;0.00661468366161
0;5;6;0;0.0094304708764;0.00247804587707
0;5;7;0;0.00976569391787;0.00397413177416
0;5;8;0;0.0118939746171;0.00133891659789
0;5;9;0;0.0133911762387;0.00578156160191
0;5;10;0;0.0107523687184;0.00140504108276
0;5;11;0;0.0112744048238;0.00621410692111
0;5;12;0;0.0101563315839;0.00660485029221
0;5;13;0;0.0143802100793;0.00278194830753
0;5;14;0;0.0154787460342;0.000571904995013
0;5;15;0;0.0283529013395;0.00253535155207
0;5;16;0;0.0137131884694;0.00804654695094
0;5;17;0;0.0169970728457;0.00206971704029
0;6;0;0;0.00187024753541;0.00187024753541
0;6;1;0;0.000864860368893;0.000269922369625
0;6;2;0;0.00119408336468;0.00118633231614
0;6;3;0;0.000922694336623;0.000775619933847
0;6;4;0;0.00204173591919;0.000445675541414
0;6;5;0;0.00211934465915;0.00184133567382
0;6;6;0;0.00135449157096;0.000769864476752
0;6;7;0;0.00118663348258;0.00101050466765
0;6;8;0;0.00311656761914;0.00235056132078
0;6;9;0;0.00231662555598;0.000465106597403
0;6;10;0;0.00125412864145;0.000759968475904
0;6;11;0;0.00137479021214;0.00126916787121
0;6;12;0;0.00158471614122;0.00113561656326
0;6;13;0;0.00234466278926;0.000952547474299
0;6;14;0;0.00654905103147;0.00345833273605
0;6;15;0;0.00549609679729;0.00445692660287
0;6;16;0;0.0112420897931;0.0110054146498
0;6;17;0;0.00621153367683;0.00345711736009
0;7;0;0;6.84336482664e-05;7.50840399633e-06
0;7;1;0;3.68196524505e-05;3.54626681656e-05
0;7;2;0;3.68165638065e-05;3.32511299348e-05
0;7;3;0;4.10113825637e-05;3.30788352585e-05
0;7;4;0;0.000106998137198;8.39839776745e-06
0;7;5;0;7.73587016738e-05;4.24295030825e-05
0;7;6;0;5.06280593982e-05;2.16153512156e-05
0;7;7;0;5.40389410162e-05;2.79846644844e-05
0;7;8;0;0.000115828079288;9.40631707635e-06
0;7;9;0;5.35607396159e-05;6.07429365118e-06
0;7;10;0;8.25904717203e-05;3.72396461898e-05
0;7;11;0;0.000133215668029;8.97624486242e-05
0;7;12;0;4.1626048187e-05;9.06347850105e-06
0;7;13;0;0.000115501170512;6.26048349659e-05
0;7;14;0;0.00115752103738;0.00110755115747
0;7;15;0;0.000477422843687;0.000455755129224
0;7;16;0;0.000412719731685;0.000412719731685
0;7;17;0;0.00122604588978;0.00108494539745
0;8;0;0;2.81052671198e-05;7.38569542591e-06
0;8;1;0;2.53150228673e-05;9.57126940193e-06
0;8;2;0;2.65675444098e-05;1.83148222277e-05
0;8;3;0;2.53353919106e-05;1.99092137336e-05
0;8;4;0;3.19593309541e-05;7.82215283834e-06
0;8;5;0;3.96648065362e-05;3.67164975614e-05
0;8;6;0;1.79037288035e-05;3.28039118358e-06
0;8;7;0;2.49364056799e-05;1.81252216862e-05
0;8;8;0;3.7447840441e-05;7.79615766078e-06
0;8;9;0;3.67017746612e-05;2.8016489523e-05
0;8;10;0;3.20695180562e-05;1.86317665793e-05
0;8;11;0;3.24582142639e-05;2.02418414119e-05
0;8;12;0;2.10894959309e-05;1.67983671417e-05
0;8;13;0;4.19676289312e-05;3.29214599333e-05
0;8;14;0;3.35299009748e-05;7.9843448475e-06
0;8;15;0;3.55602169293e-05;3.11162220896e-05
0;8;16;0;3.26261506416e-05;1.67009002325e-05
0;8;17;0;3.70733323507e-05;3.10612995236e-05
0;9;0;0;2.24638079089e-05;5.58536203243e-06
0;9;1;0;1.81041814358e-05;1.58484817803e-05
0;9;2;0;2.35030929616e-05;2.10903126572e-05
0;9;3;0;1.87641053344e-05;1.38084251375e-05
0;9;4;0;2.72461820714e-05;6.55968369756e-06
0;9;5;0;2.60407196038e-05;2.6040677767e-05
0;9;6;0;1.55349480337e-05;7.86130749475e-06
0;9;7;0;1.99155474547e-05;1.15438151624e-05
0;9;8;0;2.87107013719e-05;7.08193056198e-06
0;9;9;0;2.55917111645e-05;2.30958667089e-05
0;9;10;0;2.30652549362e-05;1.37245579026e-05
0;9;11;0;2.36641317315e-05;1.4195100448e-05
0;9;12;0;1.93473551917e-05;1.18596317407e-05
0;9;13;0;2.36171999859e-05;1.99141904886e-05
0;9;14;0;2.80929525616e-05;7.20118214304e-06
0;9;15;0;2.45326300501e-05;1.40309075505e-05
0;9;16;0;2.29406359722e-05;1.33836683744e-05
0;9;17;0;2.4221593776e-05;1.87746663869e-05
1;0;0;0;3.62925275113e-05;3.25676737702e-05
1;0;1;0;4.92644867336e-05;4.59528455394e-05
1;0;2;0;2.70467153314e-05;2.42013193201e-05
1;0;3;0;3.6241068301e-05;2.94810670312e-05
1;0;4;0;2.76798909908e-05;2.38326847466e-05
1;0;5;0;4.70492414024e-05;4.59971015516e-05
1;0;6;0;3.39367688866e-05;3.34944852511e-05
1;0;7;0;3.35607364832e-05;2.93345983664e-05
1;0;8;0;1.91855378944e-05;1.61435073096e-05
1;0;9;0;2.54235492321e-05;2.46885356319e-05
1;0;10;0;9.37622826314e-06;7.77395689511e-06
1;0;11;0;1.10279343062e-05;1.10279343062e-05
1;0;12;0;3.01480431517e-05;2.14813153434e-05
1;0;13;0;8.56612023199e-05;8.56612023199e-05
1;0;14;0;4.06924627896e-05;4.06924591516e-05
1;0;15;0;1.97249682969e-05;1.97249682969e-05
1;0;16;0;9.79403375823e-06;9.79403375823e-06
1;0;17;0;4.5169465011e-05;4.5169465011e-05
1;1;0;0;8.268597594e-05;7.80891932664e-05
1;1;1;0;0.00011344611994;0.000110084271
1;1;2;0;9.54937713686e-05;5.65613154322e-05
1;1;3;0;7.40119940019e-05;6.68172870064e-05
1;1;4;0;6.05905843258e-05;4.55185072497e-05
1;1;5;0;9.47166408878e-05;8.69648283697e-05
1;1;6;0;8.29973505461e-05;8.10739293229e-05
1;1;7;0;7.9989360529e-05;7.9989360529e-05
1;1;8;0;3.26703520841e-05;2.58730196947e-05
1;1;9;0;8.87752466951e-05;8.22139918455e-05
1;1;10;0;5.35355356988e-05;5.30540382897e-05
1;1;11;0;4.81037277495e-05;4.81037277495e-05
1;1;12;0;6.97116483934e-05;6.97116483934e-05
1;1;13;0;3.60358608305e-05;3.50876507582e-05
1;1;14;0;3.45062908309e-05;1.93533414858e-05
1;1;15;0;6.69841319905e-05;6.69841319905e-05
1;1;16;0;5.83913715673e-05;5.66286726098e-05
1;1;17;0;3.66791718989e-05;2.82057189906e-05
1;2;0;0;0.000373759423383;0.000150166466483
1;2;1;0;0.000422793673351;0.000193858941202
1;2;2;0;0.00042482218123;0.00011545450252
1;2;3;0;0.000330233800923;0.000133256602567
1;2;4;0;0.00025532025029;0.000169149963767
1;2;5;0;0.000281361950329;0.000193816813407
1;2;6;0;0.000271110591711;0.000118119001854
1;2;7;0;0.000273072393611;0.000150118750753
1;2;8;0;0.0002036261576;7.16882641427e-05
1;2;9;0;0.000296646496281;0.000290027237497
1;2;10;0;0.000230756777455;9.22743129195e-05
1;2;11;0;0.000213152350625;7.40138348192e-05
1;2;12;0;0.000264774513198;0.000158046954311
1;2;13;0;0.000147270431626;8.76058911672e-05
1;2;14;0;0.000105845851067;5.80615560466e-05
1;2;15;0;0.000172272222699;0.000123930745758
1;2;16;0;0.0001715215476;0.00011012476898
1;2;17;0;0.00010097327322;6.10414354014e-05
1;3;0;0;0.0022794387769;0.00204998883419
1;3;1;0;0.001237186254;0.000861621694639
1;3;2;0;0.00216357433237;0.00147858634591
1;3;3;0;0.00194466090761;0.00113626767416
1;3;4;0;0.00105667603202;0.00101510318927
1;3;5;0;0.00102278066333;0.000838842708617
1;3;6;0;0.00175707496237;0.000838380830828
1;3;7;0;0.000918383826502;0.000918383826502
1;3;8;0;0.000681244884618;0.000681244884618
1;3;9;0;0.00153780868277;0.001486802008
1;3;10;0;0.000271057942882;0.000230309917242
1;3;11;0;0.000316852529068;0.000316852529068
1;3;12;0;0.000720266136341;0.000720266136341
1;3;13;0;0.000239540822804;0.000205094620469
1;3;14;0;0.000268259231234;0.000191484054085
1;3;15;0;0.000401727564167;0.000400010787416
1;3;16;0;0.00217700889334;0.000414740177803
1;3;17;0;0.000256805506069;0.000137148919748
1;4;0;0;0.0116534475237;0.00166679406539
1;4;1;1;0.3;0.3
1;4;2;0;0.0254186075181;0.00593886850402
1;4;3;0;0.0147425243631;0.000867931987159
1;4;4;0;0.0296924132854;0.00601422647014
1;4;5;0;0.0338267982006;0.00506138475612
1;4;6;0;0.014281436801;0.0066676014103
1;4;7;0;0.00880536530167;0.00215117493644
1;4;8;0;0.00535179767758;0.00496739987284
1;4;9;0;0.00568320648745;0.00540555967018
1;4;10;0;0.0053453957662;0.00209641549736
1;4;11;0;0.00482380855829;0.00381264393218
1;4;12;0;0.00684536295012;0.00281229848042
1;4;13;0;0.00341389561072;0.00275473133661
1;4;14;0;0.00362618919462;0.0036097902339
1;4;15;0;0.0036822645925;0.00319588533603
1;4;16;0;0.00338348653167;0.00173321657348
1;4;17;0;0.00202157977037;0.00124128337484
1;5;0;0;0.00922781415284;0.00571267865598
1;5;1;0;0.011728673242;0.0115991085768
1;5;2;0;0.00749353971332;0.00662577524781
1;5;3;0;0.00758948130533;0.00141251087189
1;5;4;0;0.0106903789565;0.00455159228295
1;5;5;0;0.0096194865182;0.00554422615096
1;5;6;0;0.0106160575524;0.00499895261601
1;5;7;0;0.0102203786373;0.00287635298446
1;5;8;0;0.0114564858377;0.00810111127794
1;5;9;0;0.0139014525339;0.00680290302262
1;5;10;0;0.010992015712;0.00173484056722
1;5;11;0;0.0105281388387;0.00758497277275
1;5;12;0;0.00936065707356;0.00640805391595
1;5;13;0;0.0136197125539;0.00186958361883
1;5;14;0;0.0160121843219;0.00289727468044
1;5;15;0;0.0130697945133;0.0118150142953
1;5;16;0;0.0131786558777;0.0114529142156
1;5;17;0;0.0147501705214;0.00141350692138
1;6;0;0;0.00207297853194;0.00207274546847
1;6;1;0;0.000529280805495;0.000391882989788
1;6;2;0;0.000487445679028;0.000315393292112
1;6;3;0;0.000984712154604;0.000975640548859
1;6;4;0;0.00108395214193;0.000760307593737
1;6;5;0;0.00374102662317;0.00374102662317
1;6;6;0;0.00164957845118;0.00164957845118
1;6;7;0;0.00075820524944;0.000674260139931
1;6;8;0;0.00200809841044;0.0010584074771
1;6;9;0;0.00258696381934;0.0023843771778
1;6;10;0;0.00165565859061;0.000451143074315
1;6;11;0;0.00193911290262;0.000521945708897
1;6;12;0;0.00145776942372;0.000474824395496
1;6;13;0;0.00326771452092;0.00165384542197
1;6;14;0;0.00853816326708;0.00620439276099
1;6;15;0;0.00585753424093;0.00480803102255
1;6;16;0;0.00409682607278;0.00278208171949
1;6;17;0;0.0060142413713;0.00197184784338
1;7;0;0;4.01807810704e-05;3.39074249496e-05
1;7;1;0;4.67788995593e-05;3.96725372411e-05
1;7;2;0;4.33805034845e-05;3.55908559868e-05
1;7;3;0;4.22282755608e-05;3.78339791496e-05
1;7;4;0;5.49646429135e-05;3.91821376979e-05
1;7;5;0;6.46571643301e-05;5.39067114005e-05
1;7;6;0;4.76663335576e-05;3.11537987727e-05
1;7;7;0;5.05733805767e-05;3.40797851095e-05
1;7;8;0;0.000445376732387;0.000443860917585
1;7;9;0;6.8005756475e-05;4.50509251095e-05
1;7;10;0;7.66567682149e-05;4.21893346356e-05
1;7;11;0;0.000101234174508;6.72490350553e-05
1;7;12;0;3.30885995936e-05;7.97824850451e-06
1;7;13;0;0.000108375621494;7.42571792216e-05
1;7;14;0;0.00169971736614;0.00169971736614
1;7;15;0;0.000324502907461;0.00026501523098
1;7;16;0;0.00010080607899;7.71258564782e-05
1;7;17;0;0.00124803220388;0.00123064429499
1;8;0;0;2.39772343775e-05;1.90937935258e-05
1;8;1;0;2.05614232982e-05;1.74825945578e-05
1;8;2;0;2.88488427032e-05;2.09976569749e-05
1;8;3;0;3.2551230106e-05;2.4703616873e-05
1;8;4;0;3.38942591043e-05;3.00914052787e-05
1;8;5;0;3.88780281355e-05;3.26471599692e-05
1;8;6;0;2.90511088679e-05;1.7541784473e-05
1;8;7;0;2.72779616353e-05;1.83771007869e-05
1;8;8;0;4.81585229863e-05;4.10331995226e-05
1;8;9;0;2.35991192312e-05;1.60305626196e-05
1;8;10;0;3.9210801333e-05;2.48330834438e-05
1;8;11;0;4.08078522014e-05;2.62225803453e-05
1;8;12;0;3.09646457026e-05;2.11863716686e-05
1;8;13;0;5.12222104589e-05;4.22645643994e-05
1;8;14;0;3.91751782445e-05;3.39605830959e-05
1;8;15;0;4.40672702098e-05;3.46407832694e-05
1;8;16;0;3.84429804399e-05;2.39714354393e-05
1;8;17;0;4.32268643635e-05;3.50119407813e-05
1;9;0;0;1.55221241585e-05;1.02551102827e-05
1;9;1;0;1.30911612359e-05;1.2108916053e-05
1;9;2;0;2.07467164728e-05;1.62928790814e-05
1;9;3;0;2.14312967728e-05;1.33387611641e-05
1;9;4;0;1.85138487723e-05;1.38830519063e-05
1;9;5;0;1.95741777134e-05;1.69992854353e-05
1;9;6;0;1.96754954231e-05;1.24767093439e-05
1;9;7;0;2.28112694458e-05;1.25104634208e-05
1;9;8;0;2.44410366577e-05;2.14425417653e-05
1;9;9;0;1.73830867425e-05;1.10791770567e-05
1;9;10;0;2.48516080319e-05;1.58915263455e-05
1;9;11;0;2.55767517956e-05;1.6144818801e-05
1;9;12;0;2.18652639887e-05;9.92921559373e-06
1;9;13;0;3.3980999433e-05;2.98960294458e-05
1;9;14;0;2.37436306634e-05;1.89038710232e-05
1;9;15;0;2.52667177847e-05;1.56052719831e-05
1;9;16;0;2.49676522799e-05;1.62286833074e-05
1;9;17;0;3.12823904096e-05;2.34476192418e-05
2;0;0;0;3.80145283998e-05;2.6525960493e-05
2;0;1;0;4.65303419332e-05;4.18184208684e-05
2;0;2;0;2.79225532722e-05;2.79225532722e-05
2;0;3;0;1.84174477909e-05;5.06050946569e-06
2;0;4;0;3.11950243486e-05;2.6553601856e-05
2;0;5;0;3.02454482153e-05;2.74318754236e-05
2;0;6;0;3.72569156752e-05;2.50194989349e-05
2;0;7;0;1.55346479005e-05;4.64776621811e-06
2;0;8;0;1.93563337234e-05;1.44652076415e-05
2;0;9;0;3.63158615073e-05;3.2103038393e-05
2;0;10;0;4.99454836245e-06;4.66044275527e-06
2;0;11;0;4.52855101685e-06;9.14085831027e-07
2;0;12;0;1.31587948999e-05;4.34031608165e-06
2;0;13;0;4.82818995806e-06;2.24441032515e-06
2;0;14;0;4.08004125347e-05;4.08004088968e-05
2;0;15;0;2.45972350967e-05;2.45972350967e-05
2;0;16;0;8.34238380776e-06;8.34238380776e-06
2;0;17;0;8.86116959009e-06;3.05168236991e-06
2;1;0;0;6.32203446003e-05;6.32203446003e-05
2;1;1;0;8.08451659395e-05;6.12539733993e-05
2;1;2;0;8.218815492e-05;2.36106461671e-05
2;1;3;0;5.34584542038e-05;7.9370702224e-06
2;1;4;0;5.59319851163e-05;5.44186768821e-05
2;1;5;0;5.25076138729e-05;5.00381356687e-05
2;1;6;0;4.20172436861e-05;1.89140610019e-05
2;1;7;0;3.0846313166e-05;8.16880219645e-06
2;1;8;0;3.83234619221e-05;3.63911130989e-05
2;1;9;0;7.69087273511e-05;7.69087273511e-05
2;1;10;0;2.65010894509e-05;1.405853709e-05
2;1;11;0;2.30382956943e-05;1.18605557873e-05
2;1;12;0;2.92123913823e-05;7.77770947025e-06
2;1;13;0;2.26597912842e-05;5.96895642957e-06
2;1;14;0;3.80137607863e-05;2.58705986198e-05
2;1;15;0;4.62407151645e-05;4.62407151645e-05
2;1;16;0;6.79318836774e-05;6.79318836774e-05
2;1;17;0;2.14714455069e-05;5.60750868317e-06
2;2;0;0;0.00031747634057;0.000164177065017
2;2;1;0;0.00128704693634;0.000745506957173
2;2;2;0;0.00119684229139;0.000815712846816
2;2;3;0;0.000216868676944;5.52729625269e-06
2;2;4;0;0.0002455386566;0.000135410577059
2;2;5;0;0.000281976477709;0.000183883632417
2;2;6;0;0.000299395760521;0.000219050023588
2;2;7;0;0.000206054377486;1.01500581877e-05
2;2;8;0;0.000197225133888;1.37855458888e-05
2;2;9;0;0.000283902336378;0.000283902336378
2;2;10;0;0.000182177886018;1.72324344021e-05
2;2;11;0;0.000167170655914;4.65343146061e-05
2;2;12;0;0.000201147151529;1.00754141386e-05
2;2;13;0;0.000123646692373;7.63255957281e-06
2;2;14;0;9.65436775004e-05;5.76679558435e-05
2;2;15;0;0.000151863932842;8.75703990459e-05
2;2;16;0;0.000139640047564;7.15216374374e-05
2;2;17;0;8.66670015967e-05;7.8067632785e-06
2;3;0;0;0.00385661958717;0.00385661958717
2;3;1;0;0.00183010450564;0.00084148964379
2;3;2;0;0.00266009871848;0.00266009871848
2;3;3;0;0.00181515654549;0.000699737342075
2;3;4;0;0.00193090015091;0.00193090015091
2;3;5;0;0.000841483939439;0.000841483939439
2;3;6;0;0.00154146924615;0.00154146924615
2;3;7;0;0.000461514457129;8.75970581546e-05
2;3;8;0;0.000528015429154;0.000528015429154
2;3;9;0;0.00180248601828;0.00180248601828
2;3;10;0;0.000279743311694;0.000279743311694
2;3;11;0;0.00069866690319;0.00069866690319
2;3;12;0;0.0002231150429;7.13657427696e-05
2;3;13;0;0.000102123711258;4.23413221142e-05
2;3;14;0;0.000358253892045;0.000358253892045
2;3;15;0;0.000334974291036;0.000334974291036
2;3;16;0;0.000728716724552;0.000274555495707
2;3;17;0;0.000144790363265;1.42387552842e-05
2;4;0;0;0.0103209353983;0.00326932314783
2;4;1;1;0.3;0.3
2;4;2;0;0.0136243244633;0.00887067988515
2;4;3;0;0.0130935898051;0.00126129994169
2;4;4;0;0.0072834379971;0.00650238012895
2;4;5;0;0.00817064754665;0.00397355249152
2;4;6;0;0.00998365785927;0.00500421319157
2;4;7;0;0.00835851207376;0.00119425111916
2;4;8;0;0.00514046894386;0.00514046894386
2;4;9;0;0.00600355677307;0.00600355677307
2;4;10;0;0.0061183613725;0.001485013403
2;4;11;0;0.00504752015695;0.00336630549282
2;4;12;0;0.00689708115533;0.000562671630178
2;4;13;0;0.00372431473807;0.000786761636846
2;4;14;0;0.00489520886913;0.00489520886913
2;4;15;0;0.00280459877104;0.00214078696445
2;4;16;0;0.00391268683597;0.00135386001784
2;4;17;0;0.00223431247286;0.00044684286695
2;5;0;0;0.00989601481706;0.0058209435083
2;5;1;0;0.0215181577951;0.0211250223219
2;5;2;0;0.0100965984166;0.00983027834445
2;5;3;0;0.00747889233753;0.00399798806757
2;5;4;0;0.011326495558;0.00535320537165
2;5;5;0;0.00966947618872;0.00676013063639
2;5;6;0;0.00895554851741;0.00611715950072
2;5;7;0;0.00898251496255;0.00244340486825
2;5;8;0;0.0106348991394;0.00784738454968
2;5;9;0;0.0113200759515;0.00606002425775
2;5;10;0;0.0107504315674;0.00167461752426
2;5;11;0;0.0100403940305;0.00508616026491
2;5;12;0;0.00920864101499;0.00550675252452
2;5;13;0;0.0124025698751;0.00161227176432
2;5;14;0;0.0156311709434;0.00267971516587
2;5;15;0;0.0138837937266;0.0138837937266
2;5;16;0;0.0122135384008;0.00879343412817
2;5;17;0;0.0134675195441;0.00139776291326
2;6;0;0;0.00169277901296;0.00169273884967
2;6;1;0;0.000589877832681;0.000372478476493
2;6;2;0;0.000520470901392;0.000256445870036
2;6;3;0;0.000835910497699;0.000574839068577
2;6;4;0;0.0012007454643;0.00100313976873
2;6;5;0;0.00207243533805;0.0020266524516
2;6;6;0;0.00104519841261;0.000916846387554
2;6;7;0;0.00125160033349;0.000512790749781
2;6;8;0;0.00207488052547;0.000478026049677
2;6;9;0;0.00212261034176;0.00203532748856
2;6;10;0;0.00189976871479;0.00106246839277
2;6;11;0;0.00168151617981;0.000575086218305
2;6;12;0;0.00172986253165;0.00025811852538
2;6;13;0;0.0027121976018;9.79639444267e-05
2;6;14;0;0.010477013886;0.00708387373015
2;6;15;0;0.00854177214205;0.0079768197611
2;6;16;0;0.00696718646213;0.00624612253159
2;6;17;0;0.00628096656874;0.00385724660009
2;7;0;0;5.05682655785e-05;4.37077505921e-05
2;7;1;0;7.01863245922e-05;6.1301740061e-05
2;7;2;0;7.02319521224e-05;5.36742772965e-05
2;7;3;0;6.09644230281e-05;3.57704338967e-05
2;7;4;0;7.06738937879e-05;4.88364785269e-05
2;7;5;0;8.14446466393e-05;7.01607132214e-05
2;7;6;0;6.71802117722e-05;5.53910977033e-05
2;7;7;0;6.61687518004e-05;3.79687662644e-05
2;7;8;0;0.000418054871261;0.000418052426539
2;7;9;0;8.49344651215e-05;6.5339540015e-05
2;7;10;0;0.000108276544779;5.44262147741e-05
2;7;11;0;0.000130734042614;8.25981769594e-05
2;7;12;0;6.36960321572e-05;3.68632900063e-05
2;7;13;0;8.39100539451e-05;3.79846605938e-05
2;7;14;0;0.00140730896965;0.00140730896965
2;7;15;0;0.000400268734666;0.00038186943857
2;7;16;0;0.000121529483295;5.38687163498e-05
2;7;17;0;0.000869158364367;0.000815640611108
2;8;0;0;3.36492012138e-05;2.60280085058e-05
2;8;1;0;3.84737904824e-05;3.46129854734e-05
2;8;2;0;5.37855521543e-05;3.74540140911e-05
2;8;3;0;5.65685731999e-05;3.47999666701e-05
2;8;4;0;4.16821530962e-05;3.7837511627e-05
2;8;5;0;4.8247671657e-05;4.03530320909e-05
2;8;6;0;3.10670511681e-05;2.52551326412e-05
2;8;7;0;5.46915798623e-05;3.45153966919e-05
2;8;8;0;6.18093108642e-05;5.46091760043e-05
2;8;9;0;3.74169540009e-05;1.74615870492e-05
2;8;10;0;5.95108795096e-05;3.77805699827e-05
2;8;11;0;6.09392700426e-05;4.27659506386e-05
2;8;12;0;5.87112117501e-05;3.53952564183e-05
2;8;13;0;6.21174040134e-05;3.62884857168e-05
2;8;14;0;4.95986641909e-05;4.44688193966e-05
2;8;15;0;6.45480540697e-05;5.50895492779e-05
2;8;16;0;5.77807695663e-05;3.24807369907e-05
2;8;17;0;6.12197763985e-05;3.56140699296e-05
2;9;0;0;2.09209756576e-05;1.294197682e-05
2;9;1;0;2.71252156381e-05;2.61660297838e-05
2;9;2;0;6.65609113639e-05;6.39219942968e-05
2;9;3;0;5.00247442687e-05;3.12769407174e-05
2;9;4;0;2.8346597901e-05;2.82038199657e-05
2;9;5;0;3.17309859383e-05;3.03653523588e-05
2;9;6;0;4.50193401775e-05;4.40264957433e-05
2;9;7;0;5.88970760873e-05;3.8227000914e-05
2;9;8;0;3.866440602e-05;3.58181714546e-05
2;9;9;0;2.38720749621e-05;1.2472146409e-05
2;9;10;0;5.65873488085e-05;4.45951482106e-05
2;9;11;0;6.48374989396e-05;5.25534560438e-05
2;9;12;0;5.87640461163e-05;3.97712465201e-05
2;9;13;0;5.60411353945e-05;3.69203553419e-05
2;9;14;0;3.30788498104e-05;2.5570328944e-05
2;9;15;0;2.66182669293e-05;2.58167638094e-05
2;9;16;0;5.32974772796e-05;3.69770714315e-05
2;9;17;0;5.48945536138e-05;3.49420261045e-05
