0;0;0;0;1.31803781187e-05;1.31801180032e-05
0;0;1;0;1.04574028228e-05;1.04573855424e-05
0;0;2;0;3.26161853081e-06;3.26161284647e-06
0;0;3;0;3.37247593052e-06;3.37247161042e-06
0;0;4;0;1.78854531896e-06;1.78852735644e-06
0;0;5;0;5.36584184374e-06;5.3658404795e-06
0;0;6;0;8.50892683957e-06;8.50891501614e-06
0;0;7;0;3.29280760525e-06;3.29280464939e-06
0;0;8;0;2.08381061384e-06;2.08380993172e-06
0;0;9;0;2.94388746624e-06;2.94384767585e-06
0;0;10;0;2.29578563449e-06;2.29571946875e-06
0;0;11;0;2.28707199312e-06;2.28706767302e-06
0;0;12;0;3.11531334773e-06;3.1152972042e-06
0;0;13;0;1.66495271969e-06;1.66495158282e-06
0;0;14;0;1.83140116405e-06;1.83134784493e-06
0;0;15;0;1.77395884293e-06;1.77395702394e-06
0;0;16;0;1.82338635568e-06;1.82338317245e-06
0;0;17;0;2.05510082196e-06;2.05508945328e-06
0;1;0;0;1.14361910164e-05;1.14359709187e-05
0;1;1;0;1.14523545562e-05;1.14523536467e-05
0;1;2;0;5.96594873059e-06;5.96531435804e-06
0;1;3;0;6.66456708132e-06;6.66455525788e-06
0;1;4;0;1.09468246592e-05;1.09467473521e-05
0;1;5;0;1.07961332105e-05;1.07961286631e-05
0;1;6;0;1.28531546579e-05;1.28530682559e-05
0;1;7;0;6.7571550062e-06;6.75706314723e-06
0;1;8;0;1.03506999949e-05;1.035067271e-05
0;1;9;0;9.04392345547e-06;9.04389435163e-06
0;1;10;0;5.09420624439e-06;5.09386700287e-06
0;1;11;0;4.50240122518e-06;4.50238803751e-06
0;1;12;0;5.24709685124e-06;5.24707047589e-06
0;1;13;0;2.38755069404e-06;2.38754455495e-06
0;1;14;0;1.01597115645e-05;1.01596751847e-05
0;1;15;0;5.81402809985e-06;5.81401855015e-06
0;1;16;0;4.95049243909e-06;4.95046424476e-06
0;1;17;0;3.38703102898e-06;3.38702193403e-06
0;2;0;0;0.00122550141532;0.00122532004025
0;2;1;0;4.94546693517e-05;4.94542437082e-05
0;2;2;0;5.96402933297e-05;5.96151185164e-05
0;2;3;0;6.14106320427e-05;6.14091113675e-05
0;2;4;0;0.0004355328565;0.000435532303527
0;2;5;0;0.000504577939864;0.000504577881657
0;2;6;0;0.000381005636882;0.000381005607778
0;2;7;0;6.56786942272e-05;6.56786942272e-05
0;2;8;0;0.000250915647484;0.000250915356446
0;2;9;0;0.000228201664868;0.000228200980928
0;2;10;0;3.7518231693e-05;3.75181516574e-05
0;2;11;0;3.12179909088e-05;3.11862349918e-05
0;2;12;0;5.02214425069e-05;5.0219197874e-05
0;2;13;0;7.80881748597e-07;7.80821096669e-07
0;2;14;0;1.08086578621e-05;1.08085723696e-05
0;2;15;0;1.72116724571e-05;1.72116124304e-05
0;2;16;0;1.57981157827e-05;1.5796174921e-05
0;2;17;0;6.09448943578e-06;6.09445487498e-06
0;3;0;0;0.000655263720546;0.000651676382404
0;3;1;0;0.000214809231693;0.000214809231693
0;3;2;0;1.74677625182e-05;1.57249814947e-05
0;3;3;0;0.0001175116995;0.000117511597637
0;3;4;0;8.54580794112e-05;8.54518148117e-05
0;3;5;0;0.000730772560928;0.000719843490515
0;3;6;0;0.000331382238073;0.000325337779941
0;3;7;0;5.45549628441e-05;5.41262088518e-05
0;3;8;0;0.000179481459782;0.000179480950464
0;3;9;0;0.000729473482352;0.000729473482352
0;3;10;0;0.000116094830446;0.000116094830446
0;3;11;0;0.000185719138244;0.000185719138244
0;3;12;0;0.000179966256837;0.000179966227734
0;3;13;0;1.7046026187e-05;1.70437688212e-05
0;3;14;0;8.48156778375e-05;8.48150448292e-05
0;3;15;0;0.000340211467119;0.000340094760759
0;3;16;0;9.14310076041e-05;9.13659823709e-05
0;3;17;0;0.000110058274004;0.000110031251097
0;4;0;0;0.000794260471594;0.000793160521425
0;4;1;0;4.29846440966e-05;4.29846440966e-05
0;4;2;0;1.93304222194e-05;1.93304149434e-05
0;4;3;0;0.000370876543457;0.000365901971236
0;4;4;0;5.81860767852e-05;5.81860695092e-05
0;4;5;0;7.25115096429e-05;6.43704697723e-05
0;4;6;0;7.67773817643e-05;7.67773817643e-05
0;4;7;0;0.000766187265981;0.000766186916735
0;4;8;0;0.000102849022369;0.000102849015093
0;4;9;0;5.6289271015e-05;5.6289260101e-05
0;4;10;0;0.000254254031461;0.000231527970755
0;4;11;0;8.06412936072e-05;8.06411844678e-05
0;4;12;0;9.73326386884e-05;9.62666308624e-05
0;4;13;0;0.000105027444079;0.000105027444079
0;4;14;0;0.000145608588355;0.000141355500091
0;4;15;0;0.000107047431811;0.000107047417259
0;4;16;0;0.000122563738842;0.000122563738842
0;4;17;0;0.000102965110273;0.000102965102997
0;5;0;0;0.000219505091081;3.05579924316e-05
0;5;1;0;0.00166666519362;0.000275508471532
0;5;2;0;0.00134838430677;0.000893080490641
0;5;3;0;0.000774623709731;0.000659349432681
0;5;4;0;3.8109767047e-05;3.04268814943e-05
0;5;5;0;0.000265857495833;0.00011542539869
0;5;6;0;0.000387488078559;0.000124840706121
0;5;7;0;0.000676952884533;0.000601892301347
0;5;8;0;2.99974999507e-05;2.95761037705e-05
0;5;9;0;3.54250842065e-05;3.10946088575e-05
0;5;10;0;0.000125941893202;8.26931500342e-05
0;5;11;0;4.46785306849e-05;2.43025624513e-05
0;5;12;0;0.000239278786466;0.000239278786466
0;5;13;0;8.65925831022e-05;8.65925831022e-05
0;5;14;0;7.40067698644e-05;7.40067698644e-05
0;5;15;0;2.3385955501e-05;2.3385953682e-05
0;5;16;0;0.000163448261446;0.000163448261446
0;5;17;0;0.000267835828708;0.000267835828708
0;6;0;0;1.62653861935e-06;1.51663016368e-06
0;6;1;0;1.78655113814e-06;1.78654329375e-06
0;6;2;0;1.24450059502e-06;1.23750567127e-06
0;6;3;0;5.10284189659e-06;5.10233167006e-06
0;6;4;0;1.90879964066e-05;1.15059947348e-05
0;6;5;0;1.83410793397e-06;1.83280576493e-06
0;6;6;0;2.77407912108e-06;2.77407912108e-06
0;6;7;0;1.47970513353e-05;1.38598588819e-05
0;6;8;0;3.17793201248e-05;1.19168107631e-05
0;6;9;0;3.09422393912e-05;3.09422357532e-05
0;6;10;0;1.73649204953e-05;1.72876170836e-05
0;6;11;0;4.82508476125e-05;3.49354486389e-05
0;6;12;0;0.000122974568512;0.000116105671623
0;6;13;0;0.000136755275889;5.86093919992e-05
0;6;14;0;0.000160466006491;2.72158886219e-05
0;6;15;0;0.000261851702817;0.000261851702817
0;6;16;0;0.000535218394361;0.000458167021861
0;6;17;0;0.000341466598911;6.2428698584e-05
0;7;0;0;3.28737939981e-07;3.28612600242e-07
0;7;1;0;1.83118359587e-07;1.83032895507e-07
0;7;2;0;5.74751126692e-08;5.74038985235e-08
0;7;3;0;1.83523610531e-07;1.83518793051e-07
0;7;4;0;3.37430606123e-07;3.37032531661e-07
0;7;5;0;3.63460657127e-08;3.62884726712e-08
0;7;6;0;3.35488380188e-07;3.34997139362e-07
0;7;7;0;3.75803210773e-08;3.63324055286e-08
0;7;8;0;1.98528795181e-07;1.98496209691e-07
0;7;9;0;1.15753209684e-07;1.15409619639e-07
0;7;10;0;1.16537989925e-07;1.16537989925e-07
0;7;11;0;1.96270491415e-07;1.96240293349e-07
0;7;12;0;3.41982484997e-07;3.41981547081e-07
0;7;13;0;1.63891422744e-06;1.63890581462e-06
0;7;14;0;4.66435238877e-07;4.66328174298e-07
0;7;15;0;3.50456247133e-07;3.50256328829e-07
0;7;16;0;7.45698287119e-07;7.45646843825e-07
0;7;17;0;2.5344943424e-06;2.53448297372e-06
0;8;0;0;7.20992545666e-08;7.20951618405e-08
0;8;1;0;5.85745496551e-08;5.85725814517e-08
0;8;2;0;3.21517092061e-07;3.21515926771e-07
0;8;3;0;4.15247924934e-08;4.15244798546e-08
0;8;4;0;1.72954457867e-07;1.72944382371e-07
0;8;5;0;8.77793215892e-09;8.7080938016e-09
0;8;6;0;2.03906154184e-08;2.03902263962e-08
0;8;7;0;1.67329361034e-07;1.67308883192e-07
0;8;8;0;3.29562332979e-08;3.29550182698e-08
0;8;9;0;1.75284668558e-07;1.75249255108e-07
0;8;10;0;5.48142793377e-08;5.47978942222e-08
0;8;11;0;3.49899273999e-08;3.49886057904e-08
0;8;12;0;4.30420001862e-08;4.30064730494e-08
0;8;13;0;1.76250111394e-07;1.76138868824e-07
0;8;14;0;3.23926059309e-08;3.22973825462e-08
0;8;15;0;1.8507667221e-07;1.85070817338e-07
0;8;16;0;4.8124161367e-07;4.81233144001e-07
0;8;17;0;2.55569734264e-08;2.52087506425e-08
0;9;0;0;7.59317160259e-08;7.59291509667e-08
0;9;1;0;8.713321904e-07;8.71275688041e-07
0;9;2;0;8.13513381104e-08;8.12941323147e-08
0;9;3;0;5.41183204916e-08;5.40270939098e-08
0;9;4;0;7.07315734871e-08;7.07314242732e-08
0;9;5;0;3.07705704472e-07;3.07704112856e-07
0;9;6;0;1.05045742771e-07;1.0504397352e-07
0;9;7;0;3.02834251897e-07;3.02827800169e-07
0;9;8;0;1.6298315586e-07;1.62983113228e-07
0;9;9;0;3.10385473767e-07;3.10367653356e-07
0;9;10;0;1.10794466934e-07;1.10776234408e-07
0;9;11;0;1.61327477599e-07;1.61312044611e-07
0;9;12;0;4.69817038606e-08;4.6977852719e-08
0;9;13;0;8.10692526443e-08;8.10692455389e-08
0;9;14;0;9.78651186756e-08;9.78651115702e-08
0;9;15;0;1.11776252254e-07;1.11743048592e-07
0;9;16;0;1.62999711506e-07;1.62958130545e-07
0;9;17;0;1.40238611834e-07;1.40238583413e-07
1;0;0;0;3.26468671119e-06;3.26466056322e-06
1;0;1;0;2.49348181569e-06;2.49347112913e-06
1;0;2;0;2.15833938455e-06;2.15833597395e-06
1;0;3;0;2.424463446e-06;2.42445685217e-06
1;0;4;0;2.53002008321e-06;2.53001826422e-06
1;0;5;0;1.73944204107e-06;1.73944124526e-06
1;0;6;0;2.0647846668e-06;2.06477852771e-06
1;0;7;0;2.24256291403e-06;2.24256018555e-06
1;0;8;0;1.76242735961e-06;1.76242588168e-06
1;0;9;0;1.78290588337e-06;1.78289928954e-06
1;0;10;0;1.68208919149e-06;1.68201893302e-06
1;0;11;0;1.63511094797e-06;1.635064109e-06
1;0;12;0;2.5746242045e-06;2.57458691522e-06
1;0;13;0;1.3069900433e-06;1.30698265366e-06
1;0;14;0;2.09728932532e-06;2.09724817068e-06
1;0;15;0;2.06188269658e-06;2.0618799681e-06
1;0;16;0;1.65025699062e-06;1.65025130627e-06
1;0;17;0;1.44674174862e-06;1.44672048918e-06
1;1;0;0;5.30110401087e-06;5.30106854058e-06
1;1;1;0;6.7712917371e-06;6.77123534842e-06
1;1;2;0;4.93149900649e-06;4.93118477607e-06
1;1;3;0;5.22563550476e-06;5.22562640981e-06
1;1;4;0;4.75543720313e-06;4.75541719425e-06
1;1;5;0;5.52743449589e-06;5.52743085791e-06
1;1;6;0;5.64851916351e-06;5.6485046116e-06
1;1;7;0;5.02935881741e-06;5.02932971358e-06
1;1;8;0;2.98248824038e-06;2.98247300634e-06
1;1;9;0;4.91879245601e-06;4.91878699904e-06
1;1;10;0;3.3188434827e-06;3.31849423674e-06
1;1;11;0;2.74859166893e-06;2.74858052762e-06
1;1;12;0;3.77825972464e-06;3.77823175768e-06
1;1;13;0;1.8769833332e-06;1.87694308806e-06
1;1;14;0;3.2480131722e-06;3.2479993024e-06
1;1;15;0;3.12741371999e-06;3.12739462061e-06
1;1;16;0;2.81771281152e-06;2.81766733679e-06
1;1;17;0;2.53347434409e-06;2.53346956924e-06
1;2;0;0;0.00016466807574;0.000164663200849
1;2;1;0;1.29792006192e-05;1.29701893457e-05
1;2;2;0;3.04379555018e-05;3.02823300444e-05
1;2;3;0;4.90959901072e-05;4.90933525725e-05
1;2;4;0;0.000212344122701;0.000212344122701
1;2;5;0;0.000426312995842;0.000426312995842
1;2;6;0;0.00061656354228;0.00061656354228
1;2;7;0;3.84710147046e-05;3.84679369745e-05
1;2;8;0;0.000405192229664;0.000405191560276
1;2;9;0;0.000412423047237;0.000412347842939
1;2;10;0;3.67803077097e-05;3.67783359252e-05
1;2;11;0;1.22006767924e-05;1.21123021017e-05
1;2;12;0;3.58589059033e-05;3.58581855835e-05
1;2;13;0;2.5779797852e-06;2.57763440459e-06
1;2;14;0;4.93136985824e-06;4.9312398005e-06
1;2;15;0;2.51477626989e-06;2.51477626989e-06
1;2;16;0;8.98835787666e-06;8.95903394849e-06
1;2;17;0;4.79792061014e-06;4.79784512208e-06
1;3;0;0;0.000897237041499;0.000897236808669
1;3;1;0;0.000278850318864;0.00027885028976
1;3;2;0;0.000113005495223;0.000113005495223
1;3;3;0;0.000100014840427;9.97011375148e-05
1;3;4;0;9.42425467656e-05;9.42187762121e-05
1;3;5;0;0.000828146236017;0.000828130810987
1;3;6;0;0.000371670466848;0.000358969642548
1;3;7;0;5.82190987188e-05;5.79737461521e-05
1;3;8;0;0.000188441583305;0.000188441583305
1;3;9;0;0.000754285370931;0.000754143635277
1;3;10;0;0.000160601572134;0.000160601484822
1;3;11;0;0.000235893719946;0.000235893647186
1;3;12;0;0.00023398041958;0.000225251118536
1;3;13;0;1.5963360056e-05;1.59615137818e-05
1;3;14;0;8.36323451949e-05;8.36298349896e-05
1;3;15;0;0.000306425761664;0.000306394096697
1;3;16;0;0.000114675312943;0.000114675276564
1;3;17;0;0.000102703430457;0.000102700127172
1;4;0;0;0.00117526948452;0.00117439066526
1;4;1;0;2.63261899818e-05;2.62693920376e-05
1;4;2;0;0.000235957530094;0.000235870495089
1;4;3;0;0.000527587370016;0.000524564704392
1;4;4;0;0.000297058169963;0.000296247802908
1;4;5;0;0.000387607055018;0.00036512123188
1;4;6;0;0.00055340572726;0.000503064191435
1;4;7;0;0.000330129696522;0.000330129318172
1;4;8;0;0.000529797398485;0.000529797223862
1;4;9;0;0.000445569487056;0.000445569487056
1;4;10;0;0.00211110129021;0.00188509956934
1;4;11;0;0.000779937894549;0.000684325525071
1;4;12;0;8.36281978991e-05;8.30839489936e-05
1;4;13;0;0.000100369885331;0.000100369885331
1;4;14;0;0.000242280337261;0.000242280322709
1;4;15;0;0.000510187877808;0.000510187877808
1;4;16;0;0.0008447789005;0.000800121866632
1;4;17;0;0.000107423547888;0.000107380874397
1;5;0;0;0.00289263878949;0.00123167247511
1;5;1;0;0.0224011391401;0.00849785842001
1;5;2;0;0.00123545061797;0.000737107999157
1;5;3;0;0.000461476971395;0.000223587834626
1;5;4;0;0.000585630070418;0.000585630070418
1;5;5;0;0.00175526179373;0.000417303381255
1;5;6;0;0.000717229326256;0.000260895496467
1;5;7;0;0.000371838774299;0.000245307630394
1;5;8;0;0.000103929909528;0.000103929894976
1;5;9;0;0.000151720567374;0.000151720552822
1;5;10;0;0.000136554182973;0.000136553731863
1;5;11;0;0.000123857069411;0.000123856574646
1;5;12;0;0.000157587171998;0.000157516915351
1;5;13;0;4.74822882097e-05;4.74822882097e-05
1;5;14;0;0.000280626612948;0.000280626612948
1;5;15;0;5.87636022829e-05;5.87636022829e-05
1;5;16;0;0.000281941029243;0.000277684623143
1;5;17;0;0.000347536319168;0.000345902953995
1;6;0;0;1.77027905011e-05;1.6387883079e-05
1;6;1;0;3.53891527993e-06;3.53891186933e-06
1;6;2;0;1.24911798594e-06;1.24911559851e-06
1;6;3;0;1.42175551332e-07;1.37652165222e-07
1;6;4;0;4.39020623162e-05;4.13623019995e-05
1;6;5;0;1.55102061399e-05;1.38616051117e-05
1;6;6;0;1.88459089259e-05;1.88458670891e-05
1;6;7;0;1.11277222459e-06;1.11277176984e-06
1;6;8;0;7.65208824305e-05;3.25577384501e-05
1;6;9;0;3.97172807425e-05;3.97172661906e-05
1;6;10;0;1.85157514352e-05;1.8513039322e-05
1;6;11;0;5.28688287886e-05;4.39193427155e-05
1;6;12;0;6.6873493779e-05;6.6873493779e-05
1;6;13;0;7.03477126081e-05;3.23143649439e-05
1;6;14;0;0.000582195876632;0.000113438334665
1;6;15;0;0.00121227360796;0.000894767697901
1;6;16;0;0.000530176970642;0.000504238763824
1;6;17;0;0.000344477244653;8.63944369485e-05
1;7;0;0;3.29497709117e-07;3.2932118188e-07
1;7;1;0;1.97591191409e-07;1.97569917759e-07
1;7;2;0;5.87656217022e-08;5.87504445093e-08
1;7;3;0;1.82473129939e-07;1.82461050713e-07
1;7;4;0;5.20474259247e-07;5.2046965493e-07
1;7;5;0;2.06076691711e-07;2.06075924325e-07
1;7;6;0;1.21558784372e-07;1.21558684896e-07
1;7;7;0;3.88466787626e-08;3.88329119971e-08
1;7;8;0;5.70707015868e-07;5.70318718474e-07
1;7;9;0;1.84449106655e-07;1.84448794016e-07
1;7;10;0;1.21829728528e-07;1.21829728528e-07
1;7;11;0;1.94556463384e-07;1.94536582399e-07
1;7;12;0;6.82997978174e-08;6.82979717226e-08
1;7;13;0;3.42200877412e-07;3.41139354987e-07
1;7;14;0;3.7703621274e-06;3.77035212296e-06
1;7;15;0;4.38995471086e-07;4.38908358547e-07
1;7;16;0;3.66330851875e-07;3.66227453696e-07
1;7;17;0;3.4303332086e-07;3.4254350112e-07
1;8;0;0;8.90799185527e-08;8.90715554647e-08
1;8;1;0;6.99038125163e-08;6.98974957913e-08
1;8;2;0;3.2170544273e-07;3.21701662642e-07
1;8;3;0;3.70703752139e-08;3.70663499893e-08
1;8;4;0;1.73028183781e-07;1.72925268771e-07
1;8;5;0;9.25687437814e-09;9.19773857078e-09
1;8;6;0;3.39898313939e-08;3.39868009291e-08
1;8;7;0;3.4614952682e-08;3.46082629221e-08
1;8;8;0;3.4718709685e-08;3.47154838209e-08
1;8;9;0;1.75512212763e-07;1.75483137355e-07
1;8;10;0;5.47471792345e-08;5.47241825188e-08
1;8;11;0;3.47975799286e-08;3.47925528388e-08
1;8;12;0;4.13234424457e-08;4.12800424954e-08
1;8;13;0;1.76264038032e-07;1.76208274638e-07
1;8;14;0;3.13340571267e-08;3.13232426663e-08
1;8;15;0;1.82367713819e-07;1.82358647294e-07
1;8;16;0;4.80893504573e-07;4.80886058085e-07
1;8;17;0;2.56976075974e-08;2.55100456314e-08
1;9;0;0;9.09086921297e-08;9.0891255411e-08
1;9;1;0;9.13713847694e-07;9.13703104288e-07
1;9;2;0;7.64157803701e-08;7.64154250987e-08
1;9;3;0;6.32323278182e-08;6.31552410368e-08
1;9;4;0;7.54574855932e-08;7.54510054435e-08
1;9;5;0;3.07507633579e-07;3.07506013542e-07
1;9;6;0;1.05476001266e-08;1.05414663665e-08
1;9;7;0;3.02836554056e-07;3.0283263186e-07
1;9;8;0;1.64570451489e-07;1.64567552474e-07
1;9;9;0;3.10772776402e-07;3.10759020294e-07
1;9;10;0;1.17587838133e-07;1.17579155301e-07
1;9;11;0;1.61986847047e-07;1.61985909131e-07
1;9;12;0;4.33590585658e-08;4.32675619777e-08
1;9;13;0;7.99626675985e-08;7.99543400376e-08
1;9;14;0;1.51579158114e-07;1.51575306973e-07
1;9;15;0;1.02170488958e-07;1.02111556544e-07
1;9;16;0;1.63422868127e-07;1.63415975862e-07
1;9;17;0;1.39544653166e-07;1.39543018918e-07
2;0;0;0;2.74684543911e-06;2.74680610346e-06
2;0;1;0;1.93445453078e-06;1.93442951968e-06
2;0;2;0;1.17682100154e-06;1.17680065159e-06
2;0;3;0;1.70019211509e-06;1.70017631262e-06
2;0;4;0;1.64187122209e-06;1.64186417351e-06
2;0;5;0;1.11943700176e-06;1.11943575121e-06
2;0;6;0;1.59321757565e-06;1.59320188686e-06
2;0;7;0;1.61076161476e-06;1.61075911365e-06
2;0;8;0;1.29021748307e-06;1.29021179873e-06
2;0;9;0;1.08084680051e-06;1.08080064365e-06
2;0;10;0;1.27997213895e-06;1.27983048515e-06
2;0;11;0;1.34052993417e-06;1.34052299927e-06
2;0;12;0;1.63434424394e-06;1.63434037859e-06
2;0;13;0;1.46071863583e-06;1.46071522522e-06
2;0;14;0;1.40623569678e-06;1.40620147704e-06
2;0;15;0;1.20994820918e-06;1.20993831842e-06
2;0;16;0;1.28301815039e-06;1.28297244828e-06
2;0;17;0;1.52477957727e-06;1.52464497205e-06
2;1;0;0;4.36527852798e-06;4.36524760516e-06
2;1;1;0;4.22080574936e-06;4.21840059062e-06
2;1;2;0;2.8920708246e-06;2.89164540845e-06
2;1;3;0;2.32688012147e-06;2.32657566812e-06
2;1;4;0;4.09851509175e-06;4.09849326388e-06
2;1;5;0;2.00580757337e-06;2.00579461307e-06
2;1;6;0;2.06087383958e-06;2.06084837373e-06
2;1;7;0;2.19976664084e-06;2.19944240598e-06
2;1;8;0;2.3760521799e-06;2.37602330344e-06
2;1;9;0;3.0279393286e-06;3.02791750073e-06
2;1;10;0;1.99967121262e-06;1.99947908186e-06
2;1;11;0;1.3045016658e-06;1.30449870994e-06
2;1;12;0;2.14453802982e-06;2.14453552871e-06
2;1;13;0;1.83276301868e-06;1.83273812127e-06
2;1;14;0;2.60587671619e-06;2.60586057266e-06
2;1;15;0;2.07641232919e-06;2.0763457087e-06
2;1;16;0;1.73220348643e-06;1.73216847088e-06
2;1;17;0;1.68469171058e-06;1.68467454387e-06
2;2;0;0;0.000129655643832;0.000129653752083
2;2;1;0;1.39265393955e-05;1.39264684549e-05
2;2;2;0;7.81837388786e-06;7.8165294326e-06
2;2;3;0;1.09930933831e-05;1.09930651888e-05
2;2;4;0;0.000210098718526;0.000210062105907
2;2;5;0;0.000394629780203;0.000394628557842
2;2;6;0;0.000460252806079;0.000460252806079
2;2;7;0;9.38027187658e-06;9.38020730246e-06
2;2;8;0;0.000339348334819;0.000339291698765
2;2;9;0;0.000326775654685;0.000326768611558
2;2;10;0;1.33111152536e-05;1.3284612578e-05
2;2;11;0;6.95952940077e-06;6.85320355842e-06
2;2;12;0;5.43419309906e-06;5.433217666e-06
2;2;13;0;2.16803641706e-06;2.15065551856e-06
2;2;14;0;4.34593221144e-06;4.34584262621e-06
2;2;15;0;1.57624538133e-06;1.57614510954e-06
2;2;16;0;4.30341924584e-06;4.30333193435e-06
2;2;17;0;2.32955858337e-06;2.3287420845e-06
2;3;0;0;0.000844436173793;0.000791905389633
2;3;1;0;0.000212690822082;0.000212690822082
2;3;2;0;6.84081169311e-05;6.84080587234e-05
2;3;3;0;4.32284723502e-05;4.28004059358e-05
2;3;4;0;7.44250937714e-05;6.48292698315e-05
2;3;5;0;0.000671344459988;0.000670980080031
2;3;6;0;0.000245158094913;0.000245141971391
2;3;7;0;3.1670617318e-05;3.16219557135e-05
2;3;8;0;0.000142103934195;0.000142103934195
2;3;9;0;0.000699042400811;0.000699027150404
2;3;10;0;7.02525940142e-05;6.92766989232e-05
2;3;11;0;7.12107212166e-05;7.02185279806e-05
2;3;12;0;8.85063564056e-05;8.849769074e-05
2;3;13;0;1.42111648529e-05;1.4210799236e-05
2;3;14;0;9.05064298422e-05;9.05055130715e-05
2;3;15;0;0.000209162026295;0.000209162026295
2;3;16;0;4.73606887681e-05;4.73442451039e-05
2;3;17;0;9.11063398235e-05;9.11055467441e-05
2;4;0;0;0.00106169015635;0.00105860340409
2;4;1;0;1.77521269507e-05;1.73051721504e-05
2;4;2;0;4.2974952521e-05;4.08674059145e-05
2;4;3;0;0.000233794533415;0.000228604840231
2;4;4;0;0.000353525683749;0.000350761401933
2;4;5;0;0.000408799707657;0.000408091698773
2;4;6;0;0.000640234677121;0.000621121609583
2;4;7;0;0.000103959224361;0.000102667414467
2;4;8;0;0.000272785575362;0.000239054264966
2;4;9;0;0.000460897426819;0.000460897426819
2;4;10;0;0.00121402053628;0.0011564156739
2;4;11;0;0.00055572524434;0.000515347404871
2;4;12;0;5.69833646296e-05;5.687342491e-05
2;4;13;0;3.86064129998e-05;3.86062420148e-05
2;4;14;0;0.000155058325618;0.000154967143317
2;4;15;0;0.000409006577684;0.000409006286645
2;4;16;0;0.000585532048717;0.000583582441323
2;4;17;0;3.89284432458e-05;3.89280939999e-05
2;5;0;0;0.000715041009244;0.000452498265076
2;5;1;0;0.000407175859436;0.000298558210488
2;5;2;0;0.0001612053602;1.95847514988e-05
2;5;3;0;9.65934741544e-05;2.37440890487e-05
2;5;4;0;0.000198157213163;0.000198157213163
2;5;5;0;0.00019624910783;0.00017754912551
2;5;6;0;0.000107421728899;3.75194795197e-05
2;5;7;0;8.01499190857e-05;2.37996227952e-05
2;5;8;0;3.39641446772e-05;3.39641446772e-05
2;5;9;0;4.01916913688e-05;4.01101860916e-05
2;5;10;0;2.03687559406e-05;2.03684867301e-05
2;5;11;0;1.7620739527e-05;1.7620739527e-05
2;5;12;0;2.38288594119e-05;2.36695159401e-05
2;5;13;0;2.23500810534e-05;2.23495917453e-05
2;5;14;0;0.000246049079578;0.000244994385866
2;5;15;0;2.02287719731e-05;2.019960084e-05
2;5;16;0;0.000194970780285;0.000194198437384
2;5;17;0;0.000148140577949;0.00014479541278
2;6;0;0;4.23886461931e-07;3.15048282573e-07
2;6;1;0;1.67767638004e-07;1.67658129158e-07
2;6;2;0;8.33317699289e-07;8.33274839351e-07
2;6;3;0;5.48021887425e-07;5.09795938797e-07
2;6;4;0;5.59882118978e-06;5.59881618756e-06
2;6;5;0;8.1530913576e-07;8.13924259546e-07
2;6;6;0;8.49470723097e-07;8.49336913689e-07
2;6;7;0;2.27644454753e-06;2.18915397454e-06
2;6;8;0;1.65639921761e-05;1.61505213327e-05
2;6;9;0;4.21930371886e-06;4.21928098149e-06
2;6;10;0;5.41921281183e-06;5.19027298651e-06
2;6;11;0;9.3552916951e-06;8.90027786227e-06
2;6;12;0;2.71362405329e-05;1.84164746315e-05
2;6;13;0;4.5430388127e-05;2.08018464036e-05
2;6;14;0;0.000294498197036;0.000126841288875
2;6;15;0;0.000167517864611;0.00013183678675
2;6;16;0;0.000132078654133;0.000132078654133
2;6;17;0;9.18365622056e-05;2.30885634664e-05
2;7;0;0;3.29277582978e-07;3.29137947119e-07
2;7;1;0;1.83386802632e-07;1.83225637329e-07
2;7;2;0;6.11047710208e-08;6.06019057159e-08
2;7;3;0;1.85539903441e-07;1.85531888519e-07
2;7;4;0;3.37462864763e-07;3.37235462666e-07
2;7;5;0;3.64865186953e-08;3.64034811184e-08
2;7;6;0;3.35574270593e-07;3.35302559051e-07
2;7;7;0;3.50868560872e-08;3.40746240113e-08
2;7;8;0;1.91580909359e-07;1.91529139215e-07
2;7;9;0;1.03435098708e-07;1.03192391521e-07
2;7;10;0;1.18714524433e-07;1.18639626123e-07
2;7;11;0;1.93773971091e-07;1.93610901533e-07
2;7;12;0;6.62498251813e-08;6.62486101533e-08
2;7;13;0;3.45169866023e-07;3.4513706737e-07
2;7;14;0;3.39490952683e-07;3.38028371516e-07
2;7;15;0;3.4110132674e-07;3.4076282418e-07
2;7;16;0;3.49008331568e-07;3.48804746864e-07
2;7;17;0;4.0435355686e-07;4.03582475883e-07
2;8;0;0;8.26736439308e-08;8.26612307492e-08
2;8;1;0;6.38591117763e-08;6.38500239347e-08
2;8;2;0;3.21872903442e-07;3.21811342019e-07
2;8;3;0;4.17462935332e-08;4.17369534489e-08
2;8;4;0;1.7291694121e-07;1.72856218228e-07
2;8;5;0;1.19279475186e-08;1.18919398773e-08
2;8;6;0;2.62100208204e-08;2.61826489378e-08
2;8;7;0;1.11243849688e-08;1.11026290384e-08
2;8;8;0;3.18640012154e-08;3.1859563876e-08
2;8;9;0;1.75572935746e-07;1.75562604454e-07
2;8;10;0;5.47865717238e-08;5.477686571e-08
2;8;11;0;3.52665807668e-08;3.52557023575e-08
2;8;12;0;2.81668519619e-08;2.81405636571e-08
2;8;13;0;1.76442057409e-07;1.76342453528e-07
2;8;14;0;2.92469675145e-08;2.91654735918e-08
2;8;15;0;1.82418247618e-07;1.82403340432e-07
2;8;16;0;4.80850758322e-07;4.80810285808e-07
2;8;17;0;2.66036757068e-08;2.64034767383e-08
2;9;0;0;8.74619416891e-08;8.74061711897e-08
2;9;1;0;9.09400739602e-07;9.09365212465e-07
2;9;2;0;7.17703940722e-08;7.16837860182e-08
2;9;3;0;5.33980148987e-08;5.33644559653e-08
2;9;4;0;7.43216332921e-08;7.43125241343e-08
2;9;5;0;3.07474749661e-07;3.07472788563e-07
2;9;6;0;1.0360754743e-07;1.03550028996e-07
2;9;7;0;3.01724981e-07;3.0170852483e-07
2;9;8;0;1.6446207951e-07;1.64459606822e-07
2;9;9;0;3.11045226908e-07;3.11030476041e-07
2;9;10;0;1.21371826367e-07;1.2134111671e-07
2;9;11;0;1.62431362583e-07;1.62428392514e-07
2;9;12;0;2.36704789103e-08;2.35529977743e-08
2;9;13;0;6.58553673816e-08;6.58488943373e-08
2;9;14;0;1.46428021708e-07;1.46414805613e-07
2;9;15;0;1.05781900572e-07;1.05579324838e-07
2;9;16;0;1.63896515915e-07;1.63880130799e-07
2;9;17;0;1.20052874308e-07;1.2003761185e-07
