0;0;0;0;0.000141109412652;1.54354529514e-05
0;0;1;0;0.000699749973137;0.000403901212849
0;0;2;0;0.00134183035698;0.0012735031778
0;0;3;0;0.00108705973253;0.00107206159737
0;0;4;0;0.000146987469634;8.35143582663e-05
0;0;5;0;0.000487904297188;0.000487904297188
0;0;6;0;0.00217358535156;0.00213492126204
0;0;7;0;0.000516073720064;0.00050801213365
0;0;8;0;0.000175301975105;0.000118638439744
0;0;9;0;0.000678270997014;0.000646327389404
0;0;10;0;0.000188874852029;8.23414738989e-05
0;0;11;0;0.000562130240723;0.000507570162881
0;0;12;0;0.000417175266193;0.000409856496844
0;0;13;0;0.000349708163412;0.000349708163412
0;0;14;0;1.68301339727e-05;4.33553486801e-06
0;0;15;0;0.00026021967642;0.000126212864416
0;0;16;0;0.000285684131086;0.000285684131086
0;0;17;0;0.000122431927593;0.000120928736578
0;1;0;0;0.00369328306988;0.000688080617692
0;1;1;0;0.0065419585444;0.000800408422947
0;1;2;0;0.00620973994955;0.00210740393959
0;1;3;0;0.00603416515514;0.00161089154426
0;1;4;0;0.00208662147634;0.000699659518432
0;1;5;0;0.0026605266612;0.000934948038775
0;1;6;0;0.00285825668834;0.000829462427646
0;1;7;0;0.00288383616135;0.00134321302176
0;1;8;0;0.00162280292716;0.000356159580406
0;1;9;0;0.0012727251742;0.00106779218186
0;1;10;0;0.00162728596479;0.00127572019119
0;1;11;0;0.00157283619046;0.000196150678676
0;1;12;0;0.00197879946791;0.00098499446176
0;1;13;0;0.00101722427644;0.000638387107756
0;1;14;0;0.000458490481833;5.81391796004e-05
0;1;15;0;0.000951734138653;0.000924534862861
0;1;16;0;0.000897380290553;0.000509767618496
0;1;17;0;0.000420165102696;0.000178020738531
0;2;0;0;0.0116825066507;0.000816059648059
0;2;1;0;0.0154559770599;0.00107917527203
0;2;2;0;0.0193762332201;0.00495161581784
0;2;3;0;0.0181933604181;0.00277373241261
0;2;4;0;0.0105696897954;0.000751923362259
0;2;5;0;0.00841670669615;0.00649551022798
0;2;6;0;0.0106819337234;0.0105214025825
0;2;7;0;0.0116898436099;0.0047706910409
0;2;8;0;0.00967386830598;0.00146964634769
0;2;9;0;0.00851091649383;0.0030124951154
0;2;10;0;0.00714741228148;0.00620738230646
0;2;11;0;0.0106430565938;0.00453721592203
0;2;12;0;0.013203304261;0.00239404663444
0;2;13;0;0.00891845393926;0.0039525819011
0;2;14;0;0.00646722363308;0.0014130321797
0;2;15;0;0.00927949510515;0.00323541043326
0;2;16;0;0.0091385981068;0.00203843042254
0;2;17;0;0.00640316866338;0.00260370760225
0;3;0;0;0.0100970109925;0.0010838357266
0;3;1;0;0.0269412472844;0.0269412472844
0;3;2;0;0.0197738446295;0.0197738446295
0;3;3;0;0.00983807817101;0.00667624967173
0;3;4;0;0.0131138423458;0.00036598771112
0;3;5;0;0.197012171149;0.197012171149
0;3;6;0;0.212563529611;0.209502667189
0;3;7;0;0.012195199728;0.00977763906121
0;3;8;0;0.0147650949657;0.0017710768152
0;3;9;1;0.3;0.3
0;3;10;1;0.3;0.3
0;3;11;1;0.3;0.3
0;3;12;0;0.02412401326;0.00683771632612
0;3;13;0;0.0287403035909;0.0045255641453
0;3;14;0;0.0153384488076;0.000311020208756
0;3;15;0;0.0607964172959;0.00555162271485
0;3;16;0;0.0601870454848;0.0151625582948
0;3;17;0;0.0229313075542;0.00406307168305
0;4;0;0;0.00578680075705;0.00335001759231
0;4;1;0;0.0195161942393;0.0195161942393
0;4;2;0;0.00328635354526;0.00328635354526
0;4;3;0;0.00108669814654;0.00108204933349
0;4;4;0;0.00801750086248;0.00599281070754
0;4;5;0;0.00946046039462;0.00946046039462
0;4;6;0;0.011249682866;0.0112133128569
0;4;7;0;0.00234090373851;0.0022334465757
0;4;8;0;0.00857723224908;0.00636223005131
0;4;9;0;0.00728542404249;0.00728542404249
0;4;10;0;0.00398321356624;0.00398028967902
0;4;11;0;0.0150963636115;0.0150963636115
0;4;12;0;0.0146060343832;0.0146060343832
0;4;13;0;0.0103777358308;0.00982777029276
0;4;14;0;0.0140551729128;0.00906687509269
0;4;15;0;0.0150895481929;0.0145702613518
0;4;16;0;0.0206981431693;0.0206981431693
0;4;17;0;0.00999173615128;0.00844135601074
0;5;0;0;0.00219544954598;0.00216668006033
0;5;1;0;0.000310694624204;0.000156135502039
0;5;2;0;0.000664525316097;0.000552340236027
0;5;3;0;0.000762151612435;0.000759957416449
0;5;4;0;0.00140402640682;0.00139425671659
0;5;5;0;0.00108322582673;0.00106468063314
0;5;6;0;0.000582525273785;0.000575453217607
0;5;7;0;0.00116408115719;0.00116408115719
0;5;8;0;0.000614432792645;0.000598051410634
0;5;9;0;0.000759402289987;0.000759402289987
0;5;10;0;0.00039171957178;0.000276946404483
0;5;11;0;0.000472393992823;0.000468764919788
0;5;12;0;0.000590231502429;0.000544616486877
0;5;13;0;0.000769894511905;0.000769894511905
0;5;14;0;0.000640078331344;2.39655969381e-06
0;5;15;0;0.00213078269735;0.00211923266761
0;5;16;0;0.00153293390758;0.00153293390758
0;5;17;0;0.000952616683207;0.000952616683207
0;6;0;0;3.88388725696e-05;1.03483980638e-05
0;6;1;0;2.10001035157e-05;3.97968142352e-06
0;6;2;0;5.05373136548e-05;2.8619875593e-05
0;6;3;0;3.79619777959e-05;1.61730258696e-05
0;6;4;0;0.00127184973098;0.00126882339828
0;6;5;0;0.000907085719518;0.000907085719518
0;6;6;0;0.000154983761604;0.000146619859152
0;6;7;0;0.000103097729152;9.47199732764e-05
0;6;8;0;0.00124440738;0.00122456788085
0;6;9;0;0.00277669238858;0.00277669238858
0;6;10;0;0.000591641233768;0.000591641233768
0;6;11;0;0.000530475925189;0.000530475925189
0;6;12;0;0.000710178981535;0.000710178981535
0;6;13;0;0.000651889422443;0.000651889422443
0;6;14;0;0.00156055740081;0.00149722886272
0;6;15;0;0.00113479641732;0.00105225201696
0;6;16;0;0.000344486412359;0.000268360337941
0;6;17;0;0.000836760620587;0.000836760620587
0;7;0;0;7.31304453438e-06;3.65334426533e-06
0;7;1;0;7.03386558598e-06;4.677312063e-06
0;7;2;0;1.02338281067e-05;8.11204608908e-06
0;7;3;0;7.42540032661e-06;5.51373159396e-06
0;7;4;0;7.95932191977e-06;4.8497690841e-06
0;7;5;0;1.34669544423e-05;1.2886267541e-05
0;7;6;0;6.51867867418e-06;3.74387809643e-06
0;7;7;0;5.48635989617e-06;4.15342083215e-06
0;7;8;0;1.31634915306e-05;5.12804763275e-06
0;7;9;0;1.37090255521e-05;7.76673641667e-06
0;7;10;0;1.60977979249e-05;8.97346217243e-06
0;7;11;0;1.65636829479e-05;1.13164542199e-05
0;7;12;0;2.69258453045e-06;2.34535900745e-06
0;7;13;0;2.75211677945e-05;1.71764186234e-05
0;7;14;0;3.3018153772e-05;4.8285696721e-06
0;7;15;0;3.63588769687e-05;2.75961920124e-05
0;7;16;0;1.5316216377e-05;1.02248031908e-05
0;7;17;0;2.43407848757e-05;1.46297734318e-05
0;8;0;0;2.11887140722e-06;1.74613285253e-06
0;8;1;0;1.47074001688e-06;1.29455486331e-06
0;8;2;0;1.65292885868e-06;1.6490124608e-06
0;8;3;0;1.77131641976e-06;1.70242208242e-06
0;8;4;0;3.83789711123e-06;2.51972460319e-06
0;8;5;0;3.35237541549e-06;3.22542427966e-06
0;8;6;0;1.35491163178e-07;7.20806170307e-08
0;8;7;0;1.80218216883e-06;1.7871733462e-06
0;8;8;0;6.52568405712e-06;3.39444454767e-06
0;8;9;0;3.80584310733e-06;2.17159504246e-06
0;8;10;0;4.57892747363e-06;3.28616465595e-06
0;8;11;0;4.85939062855e-06;3.50179993802e-06
0;8;12;0;7.4917903703e-07;6.32364219655e-07
0;8;13;0;4.99792668052e-06;4.49261642643e-06
0;8;14;0;7.5954494605e-06;3.61398451787e-06
0;8;15;0;5.25978657606e-06;4.22277980761e-06
0;8;16;0;4.62941534352e-06;3.29066574523e-06
0;8;17;0;5.71651980863e-06;4.62837942905e-06
0;9;0;0;6.95831658959e-07;6.65647178266e-07
0;9;1;0;9.49780826431e-07;9.42536075854e-07
0;9;2;0;1.63034371781e-07;1.62696295547e-07
0;9;3;0;8.12412679352e-08;7.91709382497e-08
0;9;4;0;9.23209540815e-07;9.23209540815e-07
0;9;5;0;5.5723216974e-07;5.45260206763e-07
0;9;6;0;4.29538175695e-07;4.26217184213e-07
0;9;7;0;3.9531227003e-07;3.9531227003e-07
0;9;8;0;1.74975605205e-06;1.52795769282e-06
0;9;9;0;8.76979072473e-07;7.78291678216e-07
0;9;10;0;4.60073778186e-07;4.44629819185e-07
0;9;11;0;5.23759240423e-07;5.23260951013e-07
0;9;12;0;3.41593107578e-07;3.36574885296e-07
0;9;13;0;9.58862074185e-07;9.43136512888e-07
0;9;14;0;2.15690852201e-06;1.69145482687e-06
0;9;15;0;1.10624546323e-06;9.80908566817e-07
0;9;16;0;4.09865123174e-07;4.07536418834e-07
0;9;17;0;1.00708086848e-06;9.99074927677e-07
1;0;0;0;0.00107828644104;0.00106479751412
1;0;1;0;0.000599140650593;0.000599140650593
1;0;2;0;0.0011950727785;0.0011950727785
1;0;3;0;0.00106661894824;0.00101507920772
1;0;4;0;0.000737230584491;0.000718248484191
1;0;5;0;0.000601689214818;0.000539766682778
1;0;6;0;0.00105874065775;0.00105874065775
1;0;7;0;0.000472047802759;0.000472047802759
1;0;8;0;0.000821618014015;0.000821618014015
1;0;9;0;0.000943640538026;0.000943640538026
1;0;10;0;0.000221788941417;8.26798932394e-05
1;0;11;0;0.000677702599205;0.000677702599205
1;0;12;0;0.000378981843824;0.000378981843824
1;0;13;0;0.000590759620536;0.000590759620536
1;0;14;0;0.000736078829505;0.000176909394213
1;0;15;0;0.000323670072248;0.000323670072248
1;0;16;0;0.000281162123429;0.000281162123429
1;0;17;0;0.000247748888796;0.000247748888796
1;1;0;0;0.00959212053567;0.00408091023564
1;1;1;0;0.00714765489101;0.00187118269969
1;1;2;0;0.00849186070263;0.00371764367446
1;1;3;0;0.00488751940429;0.000860949105117
1;1;4;0;0.00347537733614;0.00303557841107
1;1;5;0;0.00278382981196;0.00187785096932
1;1;6;0;0.00251183239743;0.0021415182855
1;1;7;0;0.00279368180782;0.000857153383549
1;1;8;0;0.00146659184247;0.000363058527
1;1;9;0;0.0011852561729;0.00104002840817
1;1;10;0;0.00157607486472;0.000511302787345
1;1;11;0;0.00156519911252;0.00114048155956
1;1;12;0;0.00199370272458;0.000570519303437
1;1;13;0;0.000997700612061;0.000558136613108
1;1;14;0;0.000762951094657;0.000762951094657
1;1;15;0;0.000855158490594;0.000855158490594
1;1;16;0;0.000812156300526;0.000812156300526
1;1;17;0;0.000399296899559;0.000274059711955
1;2;0;0;0.0282111242414;0.0109580205753
1;2;1;0;0.0395298302174;0.00178315059748
1;2;2;0;0.0338189378381;0.00753436004743
1;2;3;0;0.0279910583049;0.00532686337829
1;2;4;0;0.0125815402716;0.0110305240378
1;2;5;0;0.0122837238014;0.0121761308983
1;2;6;0;0.0190215799958;0.00669675413519
1;2;7;0;0.0185127127916;0.00663616601378
1;2;8;0;0.0172195397317;0.0172195397317
1;2;9;0;0.0091708432883;0.00626715179533
1;2;10;0;0.0108215967193;0.00815278757364
1;2;11;0;0.0187341254205;0.00667660543695
1;2;12;0;0.020286180079;0.0044996291399
1;2;13;0;0.0114494999871;0.00322317308746
1;2;14;0;0.00706835510209;0.00483348406851
1;2;15;0;0.0101801045239;0.00581996096298
1;2;16;0;0.0137939853594;0.00441880710423
1;2;17;0;0.00845749396831;0.0031723792199
1;3;0;0;0.0123802917078;0.0111036431044
1;3;1;0;0.0190415233374;0.0190415233374
1;3;2;0;0.020477136597;0.020477136597
1;3;3;0;0.0140938423574;0.00263280514628
1;3;4;0;0.0244876928627;0.005722430069
1;3;5;0;0.0103128924966;0.0103128924966
1;3;6;0;0.0167777556926;0.0164161399007
1;3;7;0;0.0177932605147;0.00496504316106
1;3;8;1;0.3;0.3
1;3;9;1;0.3;0.3
1;3;10;0;0.0438794009387;0.00665479525924
1;3;11;0;0.133069619536;0.0186388138682
1;3;12;0;0.0794607102871;0.00959155615419
1;3;13;0;0.0434102155268;0.00835732091218
1;3;14;0;0.0278274100274;0.00729254586622
1;3;15;0;0.0472325645387;0.00367817073129
1;3;16;0;0.0460935272276;0.00418146140873
1;3;17;0;0.0345428697765;0.00549210514873
1;4;0;0;0.00413587270305;0.00413587270305
1;4;1;0;0.00608013337478;0.00608013337478
1;4;2;0;0.00287163676694;0.00287064677104
1;4;3;0;0.00143115536775;0.00133247743361
1;4;4;0;0.00631583016366;0.00631583016366
1;4;5;0;0.00351496017538;0.00351496017538
1;4;6;0;0.00121160247363;0.00121160247363
1;4;7;0;0.00337352626957;0.00337352626957
1;4;8;0;0.0178953185678;0.0178953185678
1;4;9;0;0.00778796803206;0.00778796803206
1;4;10;0;0.00156764197163;0.001025428297
1;4;11;0;0.0133904404938;0.0133904404938
1;4;12;0;0.0103045823053;0.0103030353785
1;4;13;0;0.0109990108758;0.00623736204579
1;4;14;0;0.0082312906161;0.00621387688443
1;4;15;0;0.0190668720752;0.0190668720752
1;4;16;0;0.0248394664377;0.0248394664377
1;4;17;0;0.0121084442362;0.00478162290528
1;5;0;0;0.00148808863014;0.00148808863014
1;5;1;0;0.000384461542126;0.000302464119159
1;5;2;0;0.000602796091698;0.000507688848302
1;5;3;0;0.00084328558296;0.00084195920499
1;5;4;0;0.000789228826761;0.000789228826761
1;5;5;0;0.000858960091136;0.000858730287291
1;5;6;0;0.000672909081914;0.000672909081914
1;5;7;0;0.00102353130933;0.00102353130933
1;5;8;0;0.00174820353277;0.00174820353277
1;5;9;0;0.000573598081246;0.000573598081246
1;5;10;0;0.000675169867463;0.000647182401735
1;5;11;0;0.000636983138975;0.000394662725739
1;5;12;0;0.000616314995568;0.00049456715351
1;5;13;0;0.000628949434031;0.000628949434031
1;5;14;0;0.000831033627037;0.000825816649012
1;5;15;0;0.000974910042714;0.000974910042714
1;5;16;0;0.0010002158815;0.0010002158815
1;5;17;0;0.000640633224975;0.000637954217382
1;6;0;0;3.76817879442e-05;2.79043269984e-05
1;6;1;0;3.92398724216e-05;3.28358219122e-05
1;6;2;0;3.62125101674e-05;3.13546552206e-05
1;6;3;0;3.1924846553e-05;1.40617203215e-05
1;6;4;0;0.00113264448009;0.00113264448009
1;6;5;0;0.000801595218945;0.000801595218945
1;6;6;0;0.000243166796281;0.000243166796281
1;6;7;0;0.000113921581942;0.000104212682345
1;6;8;0;0.00178553536534;0.00178553536534
1;6;9;0;0.00321351690218;0.00321351690218
1;6;10;0;0.000573922297917;0.000573922297917
1;6;11;0;0.000615924887825;0.000615924887825
1;6;12;0;0.000794953957666;0.000794953957666
1;6;13;0;0.000795574567746;0.000795574567746
1;6;14;0;0.0013837791048;0.0013837791048
1;6;15;0;0.000974332215264;0.000806177733466
1;6;16;0;0.000303630309645;0.000205305492273
1;6;17;0;0.000703710480593;0.000703710480593
1;7;0;0;6.10335973761e-06;4.85262944494e-06
1;7;1;0;6.01543251832e-06;4.39424093202e-06
1;7;2;0;8.20694458525e-06;5.61923980058e-06
1;7;3;0;1.02934309325e-05;7.23582570572e-06
1;7;4;0;2.58743766608e-05;2.41989873757e-05
1;7;5;0;2.06399254239e-05;1.68461519934e-05
1;7;6;0;6.4726373239e-06;5.48855632587e-06
1;7;7;0;9.03884938452e-06;5.29268390892e-06
1;7;8;0;3.64470215573e-05;3.5802131606e-05
1;7;9;0;1.06865045382e-05;1.00890665635e-05
1;7;10;0;1.43759507409e-05;9.68012682279e-06
1;7;11;0;1.54404260684e-05;1.23857453218e-05
1;7;12;0;9.64967512118e-06;4.06886238125e-06
1;7;13;0;1.49736970343e-05;1.22005967569e-05
1;7;14;0;2.80419408227e-05;2.30161022046e-05
1;7;15;0;2.32546026382e-05;1.90532737179e-05
1;7;16;0;1.38529285323e-05;1.25814040075e-05
1;7;17;0;1.70135590452e-05;1.34946812977e-05
1;8;0;0;1.47304285747e-06;1.45554918163e-06
1;8;1;0;2.66205529442e-06;2.6600930596e-06
1;8;2;0;3.39291568707e-06;3.29207023242e-06
1;8;3;0;4.75762408314e-06;3.88561784348e-06
1;8;4;0;2.77349340649e-06;2.72094303e-06
1;8;5;0;3.34218520948e-06;3.3312674077e-06
1;8;6;0;3.59684122486e-06;3.34852211381e-06
1;8;7;0;3.57669659934e-06;2.9670013646e-06
1;8;8;0;5.89865067013e-06;5.29564977114e-06
1;8;9;0;2.16513512896e-06;1.55820771397e-06
1;8;10;0;5.8418795561e-06;4.05175933338e-06
1;8;11;0;6.5410854404e-06;4.44252191301e-06
1;8;12;0;4.94929054184e-06;2.43182989834e-06
1;8;13;0;7.60538932809e-06;6.48849118079e-06
1;8;14;0;5.63018284083e-06;4.87556053486e-06
1;8;15;0;5.40835026186e-06;3.6940496102e-06
1;8;16;0;5.02451757711e-06;3.8071234485e-06
1;8;17;0;8.55083453644e-06;6.55135545458e-06
1;9;0;0;5.75759884214e-07;5.7432413314e-07
1;9;1;0;2.46386116487e-06;2.41475913754e-06
1;9;2;0;1.74466333647e-06;1.74466265435e-06
1;9;3;0;2.45076284955e-06;2.31752778745e-06
1;9;4;0;4.15537869003e-07;3.8486356857e-07
1;9;5;0;6.25409029453e-07;6.24911194791e-07
1;9;6;0;7.17630427971e-07;7.13569363597e-07
1;9;7;0;2.72523016065e-06;2.70951386483e-06
1;9;8;0;9.86617123999e-07;9.86535269476e-07
1;9;9;0;8.60491070398e-07;8.56560404827e-07
1;9;10;0;2.19449293581e-06;2.07612538361e-06
1;9;11;0;3.22205460179e-06;3.22082678395e-06
1;9;12;0;2.81210691355e-06;2.44480361289e-06
1;9;13;0;4.04173579227e-06;3.74739511244e-06
1;9;14;0;9.13516714718e-07;8.96083349744e-07
1;9;15;0;2.03916283681e-06;1.83902523077e-06
1;9;16;0;1.50099788243e-06;1.49874483668e-06
1;9;17;0;3.53496784555e-06;3.31397677655e-06
2;0;0;0;0.00101328559685;0.000816044164822
2;0;1;0;0.000542301509995;0.000501412316225
2;0;2;0;0.000358658173354;0.000311470619636
2;0;3;0;0.000201150556677;3.10577706841e-05
2;0;4;0;0.00109322729986;0.00109322729986
2;0;5;0;0.000795344472863;0.000795344472863
2;0;6;0;0.000210049111047;0.000210049111047
2;0;7;0;0.000105567269202;6.13325537415e-05
2;0;8;0;0.000784724194091;0.000784724194091
2;0;9;0;0.000207168370252;0.00020263317856
2;0;10;0;3.02794687741e-05;2.01834791369e-05
2;0;11;0;4.35085712525e-05;4.35085712525e-05
2;0;12;0;9.46554646362e-05;5.87893991906e-05
2;0;13;0;5.06427713844e-05;2.72703782684e-05
2;0;14;0;0.000151710453792;0.000118502495752
2;0;15;0;0.000210771060665;0.000175175460754
2;0;16;0;8.63113673404e-05;8.63113673404e-05
2;0;17;0;3.76137868443e-05;1.29339377963e-05
2;1;0;0;0.00376779213548;0.00275034760125
2;1;1;0;0.00673732487485;0.00167261657771
2;1;2;0;0.00725798681378;0.00125916092657
2;1;3;0;0.00644951919094;0.00052676582709
2;1;4;0;0.00247056060471;0.00150334753562
2;1;5;0;0.00276537658647;0.00112189957872
2;1;6;0;0.00325706508011;0.000805215735454
2;1;7;0;0.00324922706932;4.93479565193e-05
2;1;8;0;0.00151686719619;0.00117350067012
2;1;9;0;0.00122341595124;0.00120224291459
2;1;10;0;0.00141116301529;0.000216327840462
2;1;11;0;0.001359357615;0.000441544747446
2;1;12;0;0.00191814976279;5.62017412449e-05
2;1;13;0;0.000810177589301;1.30020889628e-05
2;1;14;0;0.000384688697523;0.000242545400397
2;1;15;0;0.000928394729272;0.000900521234144
2;1;16;0;0.000767393154092;0.000577597995289
2;1;17;0;0.000387285515899;2.9263221677e-06
2;2;0;0;0.0180941279978;0.0116933761165
2;2;1;0;0.0353602357209;0.00512305600569
2;2;2;0;0.0332636460662;0.0155583871529
2;2;3;0;0.0222170297056;0.000770665355958
2;2;4;0;0.0151622993872;0.0141434706748
2;2;5;0;0.0141036296263;0.0141036296263
2;2;6;0;0.0147325834259;0.0100824432448
2;2;7;0;0.0179203785956;0.00068567955168
2;2;8;0;0.0196669884026;0.0196669884026
2;2;9;0;0.00876844581217;0.00876844581217
2;2;10;0;0.0125832566991;0.0125832566991
2;2;11;0;0.0119259897619;0.00817845482379
2;2;12;0;0.0179881602526;0.000217707784032
2;2;13;0;0.0109106563032;0.000310338800773
2;2;14;0;0.0138520142063;0.010788179934
2;2;15;0;0.0144928479567;0.00681999046355
2;2;16;0;0.0136525705457;0.00395843293518
2;2;17;0;0.0085990158841;0.000445080746431
2;3;0;0;0.012131486088;0.0100678270683
2;3;1;0;0.0294677354395;0.0247475560755
2;3;2;0;0.0270007364452;0.0267038419843
2;3;3;0;0.0183832738549;0.00183356087655
2;3;4;1;0.3;0.3
2;3;5;1;0.3;0.3
2;3;6;1;0.3;0.3
2;3;7;0;0.0199407432228;0.000458347058157
2;3;8;0;0.0710012540221;0.00792072340846
2;3;9;1;0.3;0.3
2;3;10;1;0.3;0.3
2;3;11;1;0.3;0.3
2;3;12;0;0.0223256275058;0.00104690121952
2;3;13;0;0.0286173503846;0.000117306371976
2;3;14;0;0.0330751352012;0.00356968771666
2;3;15;0;0.0458100661635;0.0048606088385
2;3;16;0;0.0489386506379;0.0202279444784
2;3;17;0;0.0251917019486;0.000620073871687
2;4;0;0;0.00670596910641;0.00670596910641
2;4;1;0;0.0146563509479;0.0146563509479
2;4;2;0;0.00896384567022;0.00896384567022
2;4;3;0;0.00604714266956;0.00188113132026
2;4;4;0;0.00989442691207;0.00989442691207
2;4;5;0;0.00732731446624;0.00732731446624
2;4;6;0;0.00710163125768;0.00710163125768
2;4;7;0;0.00736538926139;0.00293040834367
2;4;8;0;0.0169258899987;0.0169258899987
2;4;9;0;0.00978774018586;0.00978746730834
2;4;10;0;0.00182000105269;0.00162811519112
2;4;11;0;0.0163756404072;0.0163756404072
2;4;12;0;0.00746896490455;0.0028793560341
2;4;13;0;0.0127902235836;0.00202906434424
2;4;14;0;0.0118360733613;0.0107907904312
2;4;15;0;0.0206687208265;0.0206687208265
2;4;16;0;0.0257781241089;0.0257781241089
2;4;17;0;0.0156613513827;0.00227624131367
2;5;0;0;0.00190620985813;0.00190620985813
2;5;1;0;0.000452479114756;0.000312983669573
2;5;2;0;0.000577043334488;0.000436544185504
2;5;3;0;0.000844385707751;0.000844385707751
2;5;4;0;0.00113279593643;0.00113260466605
2;5;5;0;0.00175806775223;0.00175806775223
2;5;6;0;0.00139747443609;0.00139747443609
2;5;7;0;0.000704788952135;0.000576955033466
2;5;8;0;0.00209921202622;0.00209921202622
2;5;9;0;0.00107533624396;0.00107533624396
2;5;10;0;0.000952626229264;0.000952626229264
2;5;11;0;0.000741020077839;0.000280559208477
2;5;12;0;0.000768213940319;0.000201478484087
2;5;13;0;0.000690958870109;3.45379412465e-05
2;5;14;0;0.000800307083409;0.000797878077719
2;5;15;0;0.00111559021752;0.00111559021752
2;5;16;0;0.00208094203845;0.00208094203845
2;5;17;0;0.000648013083264;0.000621177838184
2;6;0;0;2.69806023425e-05;1.62003252626e-05
2;6;1;0;3.13986311085e-05;2.60282267845e-05
2;6;2;0;0.000103585087345;8.85418412508e-05
2;6;3;0;8.70244548423e-05;4.04403654102e-05
2;6;4;0;0.0012020067079;0.0012020067079
2;6;5;0;0.000952026166487;0.000952026166487
2;6;6;0;0.000322397332639;0.00031823493191
2;6;7;0;0.00012390599295;4.09039857914e-05
2;6;8;0;0.00172410323285;0.00172410323285
2;6;9;0;0.00344509002753;0.00344509002753
2;6;10;0;0.00049767724704;0.00049767724704
2;6;11;0;0.00102227693424;0.00096933322493
2;6;12;0;0.000594716984779;0.000594716984779
2;6;13;0;0.000633150280919;0.000633150280919
2;6;14;0;0.00177223409992;0.00177223409992
2;6;15;0;0.00109028827865;0.001085489057
2;6;16;0;0.000664620951284;0.000527194177266
2;6;17;0;0.000835462531541;0.000835462531541
2;7;0;0;9.33675346459e-06;8.10124674899e-06
2;7;1;0;9.62654121395e-06;8.85985991772e-06
2;7;2;0;4.25996986451e-05;3.55011070496e-05
2;7;3;0;4.08139967476e-05;2.63211004494e-05
2;7;4;0;1.35582786243e-05;1.20013910418e-05
2;7;5;0;2.26889296755e-05;1.91242834262e-05
2;7;6;0;1.60357740242e-05;1.20968106785e-05
2;7;7;0;3.98824049626e-05;2.57234951277e-05
2;7;8;0;2.31719441217e-05;2.04875250347e-05
2;7;9;0;1.66902154888e-05;1.31732613227e-05
2;7;10;0;4.47999300377e-05;2.70562522928e-05
2;7;11;0;4.8791494919e-05;3.39944999723e-05
2;7;12;0;4.11337423429e-05;2.32313013839e-05
2;7;13;0;5.59134641662e-05;2.5584235118e-05
2;7;14;0;2.39811706706e-05;2.27187520068e-05
2;7;15;0;5.04153686052e-05;4.94355736009e-05
2;7;16;0;3.8618738472e-05;1.80363895197e-05
2;7;17;0;7.05908678356e-05;3.28067690134e-05
2;8;0;0;5.41654117114e-06;5.22899063071e-06
2;8;1;0;3.93895516027e-06;3.75560921384e-06
2;8;2;0;3.38669233315e-05;2.99207040371e-05
2;8;3;0;3.4919110476e-05;2.43565827986e-05
2;8;4;0;5.48181742488e-06;4.7505850489e-06
2;8;5;0;8.05452691566e-06;7.76036085881e-06
2;8;6;0;6.14528062215e-06;5.62593459108e-06
2;8;7;0;3.37856545229e-05;2.44236307481e-05
2;8;8;0;8.57380291563e-06;8.08048753242e-06
2;8;9;0;6.69594328429e-06;4.73758564112e-06
2;8;10;0;3.41506092809e-05;2.51017081609e-05
2;8;11;0;3.77833130187e-05;2.83903355012e-05
2;8;12;0;3.63920116797e-05;2.48522337642e-05
2;8;13;0;3.9678747271e-05;2.59090720647e-05
2;8;14;0;8.80979405338e-06;7.82466759119e-06
2;8;15;0;2.69268130069e-05;2.16542666749e-05
2;8;16;0;3.07726259052e-05;2.22868511628e-05
2;8;17;0;4.02438672609e-05;2.59222670138e-05
2;9;0;0;2.82788619188e-06;2.75110187431e-06
2;9;1;0;1.29936106532e-05;1.22523952086e-05
2;9;2;0;2.41932921199e-05;2.32322890952e-05
2;9;3;0;3.00218507618e-05;2.2053356588e-05
2;9;4;0;2.57550414062e-06;2.45652972808e-06
2;9;5;0;6.48537434245e-06;6.39355175736e-06
2;9;6;0;1.62302712852e-05;1.57900540216e-05
2;9;7;0;3.50645459548e-05;2.51158271567e-05
2;9;8;0;4.38276310888e-06;4.20694641434e-06
2;9;9;0;5.23753533344e-06;4.32577462561e-06
2;9;10;0;2.99451166939e-05;2.56738549069e-05
2;9;11;0;3.22953383147e-05;2.83778517769e-05
2;9;12;0;3.40762744599e-05;2.59777934843e-05
2;9;13;0;3.40225560649e-05;2.45080609602e-05
2;9;14;0;4.05001856052e-06;4.03806507165e-06
2;9;15;0;2.18973727897e-05;1.96620621864e-05
2;9;16;0;2.74896083283e-05;2.31242502196e-05
2;9;17;0;3.36516750394e-05;2.38237389567e-05
