0;0;0;0;0.00127379945479;4.12101289839e-05
0;0;1;0;0.00268740369938;0.000264409638476
0;0;2;0;0.00272944918834;0.000547132221982
0;0;3;0;0.00170301634353;0.000483187992359
0;0;4;0;0.000536504841875;4.71476624853e-07
0;0;5;0;0.000831945275422;0.000115153059596
0;0;6;0;0.000860229716636;0.0002087422763
0;0;7;0;0.000846314767841;0.000111025008664
0;0;8;0;0.00026262976462;3.75245008399e-06
0;0;9;0;0.000256054423517;1.08351987365e-05
0;0;10;0;0.000359758472769;2.41989964707e-05
0;0;11;0;0.00037888326915;2.55591821769e-05
0;0;12;0;0.00057020020904;0.000114186557767
0;0;13;0;0.000179810944246;1.53791697812e-05
0;0;14;0;1.61083080457e-05;3.80569349545e-06
0;0;15;0;0.000121541212138;5.81837093705e-06
0;0;16;0;0.000130100466777;1.01640780485e-05
0;0;17;0;3.91237881558e-05;2.18024379137e-05
0;1;0;0;0.00571666983888;0.000982521101832
0;1;1;0;0.00789805967361;0.00178600428626
0;1;2;0;0.00856519676745;0.00319564086385
0;1;3;0;0.00761366263032;0.00086808874039
0;1;4;0;0.00529917608947;0.000320503808325
0;1;5;0;0.00417286762968;0.00191711564548
0;1;6;0;0.00501361163333;0.00346562522464
0;1;7;0;0.00529866572469;0.000970937428065
0;1;8;0;0.00473206769675;0.000141710435855
0;1;9;0;0.00301600061357;0.00297776819207
0;1;10;0;0.00394033221528;0.00149318715557
0;1;11;0;0.00426586577669;0.000976434675977
0;1;12;0;0.00482992175967;0.00093033380108
0;1;13;0;0.00360868033022;0.00123965926468
0;1;14;0;0.00278970063664;0.00016612514446
0;1;15;0;0.00379868107848;0.00198630639352
0;1;16;0;0.00362111325376;0.000872730568517
0;1;17;0;0.00237737386487;0.000855936843436
0;2;0;0;0.0146742127836;0.00336708105169
0;2;1;1;0.3;0.3
0;2;2;0;0.0227711405605;0.00629893690348
0;2;3;0;0.0111628575251;0.00166113767773
0;2;4;0;0.0129820005968;0.00137571070809
0;2;5;0;0.0225979313254;0.00728809647262
0;2;6;0;0.0161126479506;0.002544114599
0;2;7;0;0.0159133672714;0.00572167756036
0;2;8;0;0.0116381794214;0.000377981952624
0;2;9;0;0.0132170449942;0.00206792005338
0;2;10;0;0.0125929201022;0.000526383460965
0;2;11;0;0.0129197537899;0.00225462578237
0;2;12;0;0.0135374302045;0.00490043871105
0;2;13;0;0.0103480219841;0.00113754707854
0;2;14;0;0.0087286811322;0.000750213628635
0;2;15;0;0.010095294565;0.000401659606723
0;2;16;0;0.0102393254638;0.00107598607428
0;2;17;0;0.00903273187578;0.000291075673886
0;3;0;0;0.0016429903917;0.001632446656
0;3;1;0;0.00850150454789;0.00850150454789
0;3;2;0;0.00635764934123;0.00628276541829
0;3;3;0;0.00336264516227;0.00330446474254
0;3;4;0;0.00224815052934;0.00103942817077
0;3;5;0;0.00583411660045;0.00583411660045
0;3;6;0;0.00624581938609;0.00624581938609
0;3;7;0;0.00332571240142;0.00308988126926
0;3;8;0;0.00231345742941;0.0011721891351
0;3;9;0;0.00548364501446;0.00548364501446
0;3;10;0;0.00318360608071;0.00189423176926
0;3;11;0;0.00465269945562;0.00465269945562
0;3;12;0;0.00509696500376;0.00503564905375
0;3;13;0;0.00684063415974;0.00234295218252
0;3;14;0;0.00667113624513;0.000472496903967
0;3;15;0;0.0389993190765;0.0376735068858
0;3;16;0;0.00608177343383;0.00497241970152
0;3;17;0;0.0083793271333;0.00155521417037
0;4;0;0;0.0067815836519;0.00283770705573
0;4;1;0;0.180200874805;0.00871967244893
0;4;2;0;0.0252303164452;0.019184358418
0;4;3;0;0.00757577223703;0.00283815665171
0;4;4;0;0.00347020966001;0.00233458983712
0;4;5;0;0.00623061647639;0.00244130962528
0;4;6;0;0.0177380405366;0.0157264005393
0;4;7;0;0.00436797877774;0.00346737448126
0;4;8;0;0.00247560557909;0.00247560557909
0;4;9;0;0.00391976162791;0.00286534195766
0;4;10;0;0.0025179204531;0.0025179204531
0;4;11;0;0.00353178195655;0.00351258739829
0;4;12;0;0.00503088859841;0.00503088859841
0;4;13;0;0.00370505917817;0.00370505917817
0;4;14;0;0.00190011039376;0.0018069553189
0;4;15;0;0.00654355343431;0.00654353899881
0;4;16;0;0.00679869344458;0.00679865898564
0;4;17;0;0.00362692447379;0.00362692447379
0;5;0;0;0.00293162837625;0.00286075472832
0;5;1;0;0.00216537481174;0.000568382616621
0;5;2;0;0.00261340825818;0.00251730182208
0;5;3;0;0.00323247350752;0.00171433994547
0;5;4;0;0.00519698951393;0.00165170792025
0;5;5;0;0.00422213738784;0.00414442177862
0;5;6;0;0.00429136166349;0.00429072463885
0;5;7;0;0.00438237423077;0.00245571997948
0;5;8;0;0.00626157503575;0.00116050825454
0;5;9;0;0.00762968696654;0.00373119255528
0;5;10;0;0.00579396588728;0.00254918751307
0;5;11;0;0.00784493796527;0.00182581017725
0;5;12;0;0.00745210656896;0.000918669684324
0;5;13;0;0.0080035449937;0.00112386129331
0;5;14;0;0.00704704970121;0.000973706250079
0;5;15;0;0.0106582017615;0.000732050393708
0;5;16;0;0.00965429283679;0.00205874908715
0;5;17;0;0.00817062240094;0.00141503452323
0;6;0;0;0.000166434241692;5.41859008081e-05
0;6;1;0;0.000154774184921;3.69997542293e-05
0;6;2;0;9.41184625844e-05;7.142231334e-05
0;6;3;0;0.000109433094622;7.01246899553e-05
0;6;4;0;0.000190770981135;6.25499596936e-05
0;6;5;0;0.000147881262819;1.20666545627e-05
0;6;6;0;0.000131124557811;0.000126061931951
0;6;7;0;0.000215190142626;4.739641372e-05
0;6;8;0;0.000231195590459;7.78362082201e-05
0;6;9;0;0.000146934966324;0.000142497956404
0;6;10;0;0.000172671672772;0.000172376545379
0;6;11;0;0.000626324501354;0.000626324501354
0;6;12;0;0.000313042692142;0.000173324471689
0;6;13;0;0.00110619165935;0.00110290816519
0;6;14;0;0.00182437826879;0.00182232854422
0;6;15;0;0.000958343152888;0.000953613547608
0;6;16;0;0.000895128236152;0.000214238680201
0;6;17;0;0.00200733682141;0.00160091358703
0;7;0;0;2.51712881436e-05;1.11281915451e-05
0;7;1;0;2.22706585191e-05;1.06978977783e-05
0;7;2;0;5.67282404518e-05;4.52475069324e-05
0;7;3;0;4.86469798489e-05;3.23539425153e-05
0;7;4;0;2.76238206425e-05;7.67864821682e-06
0;7;5;0;5.7135206589e-05;5.04998315591e-05
0;7;6;0;2.01999846468e-05;6.49182629786e-06
0;7;7;0;4.57983587694e-05;2.88366936729e-05
0;7;8;0;6.29982750979e-05;1.02761032394e-05
0;7;9;0;3.82655598514e-05;1.65692654264e-05
0;7;10;0;5.74108526052e-05;2.85006299237e-05
0;7;11;0;5.63706889807e-05;3.45289772667e-05
0;7;12;0;3.78438198823e-05;1.19539517982e-05
0;7;13;0;8.62455781316e-05;6.70761655783e-05
0;7;14;0;0.000197015353478;6.21071012574e-05
0;7;15;0;6.32388546364e-05;4.6346362069e-05
0;7;16;0;5.2166851674e-05;3.64209481631e-05
0;7;17;0;8.77123238752e-05;7.37434529583e-05
0;8;0;0;1.85215703823e-05;9.32728744374e-06
0;8;1;0;1.79786002263e-05;1.00894558273e-05
0;8;2;0;2.62925423158e-05;1.85020016943e-05
0;8;3;0;2.93718403555e-05;2.34259150602e-05
0;8;4;0;2.10143407458e-05;1.01425184766e-05
0;8;5;0;2.706685882e-05;2.34453018493e-05
0;8;6;0;1.65536039276e-05;8.61669832375e-06
0;8;7;0;2.83267618215e-05;2.05779197131e-05
0;8;8;0;2.46616291406e-05;1.07878067865e-05
0;8;9;0;2.15123855014e-05;1.68325095729e-05
0;8;10;0;3.64004481526e-05;2.30634395848e-05
0;8;11;0;3.79292723665e-05;2.44213988481e-05
0;8;12;0;2.81090797216e-05;2.20107704081e-05
0;8;13;0;4.93573606946e-05;3.8998958189e-05
0;8;14;0;2.59609132627e-05;1.10509517981e-05
0;8;15;0;3.30680413754e-05;2.72078577837e-05
0;8;16;0;3.67382090189e-05;2.01995462703e-05
0;8;17;0;4.68167418148e-05;3.02645621559e-05
0;9;0;0;1.41161881402e-05;7.33834076527e-06
0;9;1;0;1.46758975461e-05;1.25724782265e-05
0;9;2;0;2.25860694627e-05;2.11056412809e-05
0;9;3;0;1.82730400411e-05;1.43639890666e-05
0;9;4;0;1.67517519003e-05;8.24809467304e-06
0;9;5;0;2.26204938372e-05;2.21499612962e-05
0;9;6;0;1.3767319615e-05;8.70497842698e-06
0;9;7;0;1.92978059204e-05;1.28295059767e-05
0;9;8;0;1.81689247256e-05;9.02957799553e-06
0;9;9;0;1.77689653356e-05;1.60915260494e-05
0;9;10;0;2.18370005314e-05;1.45904832607e-05
0;9;11;0;2.29359593504e-05;1.5658666598e-05
0;9;12;0;1.53420987772e-05;8.57910436025e-06
0;9;13;0;2.82310411421e-05;2.35494826484e-05
0;9;14;0;1.85564895219e-05;9.24154119275e-06
0;9;15;0;2.06485456147e-05;1.24490243252e-05
0;9;16;0;2.1288953576e-05;1.33964258566e-05
0;9;17;0;2.81019292743e-05;2.18083023356e-05
1;0;0;0;0.00119796732906;0.000311417272314
1;0;1;0;0.00212741806172;0.000438888615463
1;0;2;0;0.00269576977007;0.00107144343201
1;0;3;0;0.00245596212335;0.000863841793034
1;0;4;0;0.000654584902804;0.000416333525209
1;0;5;0;0.000834501464851;0.000289917836199
1;0;6;0;0.000678006792441;0.000360184814781
1;0;7;0;0.000730024126824;0.000298392173136
1;0;8;0;0.000417672039475;0.000214064028114
1;0;9;0;0.000276279053651;0.000183748546988
1;0;10;0;0.000245139846811;0.000114521382784
1;0;11;0;0.000241361354711;0.000220226997044
1;0;12;0;0.000464167591417;0.000273156212643
1;0;13;0;0.000221839785809;0.000204313240829
1;0;14;0;5.89042865613e-05;4.1461767978e-05
1;0;15;0;0.0001374874264;6.54253381072e-05
1;0;16;0;0.000105189683381;6.74158291076e-05
1;0;17;0;6.16072793491e-05;5.3273532103e-05
1;1;0;0;0.00529627827927;0.00392083870247
1;1;1;0;0.00923096947372;0.00157305237371
1;1;2;0;0.0109242172912;0.00488604884595
1;1;3;0;0.00881015416235;0.0029437688645
1;1;4;0;0.00504961097613;0.00372165557928
1;1;5;0;0.00485378550366;0.00287596718408
1;1;6;0;0.00465132528916;0.00440857792273
1;1;7;0;0.00481720129028;0.00241383351386
1;1;8;0;0.00662971613929;0.00623677764088
1;1;9;0;0.00514294859022;0.0050689294003
1;1;10;0;0.00370057392865;0.00209851446562
1;1;11;0;0.00533450907096;0.0020295327995
1;1;12;0;0.00432446505874;0.00199641264044
1;1;13;0;0.0033719278872;0.00149963330477
1;1;14;0;0.00297116301954;0.00239121797495
1;1;15;0;0.0046481625177;0.00173611775972
1;1;16;0;0.00395366642624;0.000550864206161
1;1;17;0;0.00256206351332;0.00107790890615
1;2;0;0;0.205696865916;0.174856066704
1;2;1;1;0.3;0.3
1;2;2;0;0.0162868648767;0.00963532179594
1;2;3;0;0.0356447286904;0.0220459103584
1;2;4;0;0.0383336991072;0.022893467918
1;2;5;0;0.0401703566313;0.0196069162339
1;2;6;0;0.0222412589937;0.00952492281795
1;2;7;1;0.3;0.3
1;2;8;0;0.0381126515567;0.00827646814287
1;2;9;0;0.0159785058349;0.00590332550928
1;2;10;0;0.0185801461339;0.00455980096012
1;2;11;0;0.0275769606233;0.00966779328883
1;2;12;0;0.0203353594989;0.00858498550951
1;2;13;0;0.0131503026932;0.0027346003335
1;2;14;0;0.00839037634432;0.00240888330154
1;2;15;0;0.0123072499409;0.00250694761053
1;2;16;0;0.0127174612135;0.00123278715182
1;2;17;0;0.0106605514884;0.00400667777285
1;3;0;0;0.00452139414847;0.00452138576657
1;3;1;0;0.0161101669073;0.0161097217351
1;3;2;0;0.0130110755563;0.0130110755563
1;3;3;0;0.00834152568132;0.00833936501294
1;3;4;0;0.00365854986012;0.00365854776464
1;3;5;0;0.0113287894055;0.0113287894055
1;3;6;0;0.0163358729333;0.0163358729333
1;3;7;0;0.00971453357488;0.00971453357488
1;3;8;0;0.00726021872833;0.00691969739273
1;3;9;0;0.0125283235684;0.0125283235684
1;3;10;0;0.00640166457742;0.00640166457742
1;3;11;0;0.0085445092991;0.0085445092991
1;3;12;0;0.0150507949293;0.0150507949293
1;3;13;0;0.0135513981804;0.00887723453343
1;3;14;0;0.0242174975574;0.00960900913924
1;3;15;0;0.0287974532694;0.0276986565441
1;3;16;0;0.012122980319;0.012122980319
1;3;17;0;0.0217576138675;0.0149655463174
1;4;0;0;0.0298153758049;0.0247880350798
1;4;1;0;0.0258088372648;0.00939783733338
1;4;2;0;0.020832311362;0.0112854214385
1;4;3;0;0.00998945254833;0.00386132695712
1;4;4;0;0.00829537585378;0.00811714306474
1;4;5;0;0.0123119559139;0.0112859271467
1;4;6;0;0.0130332289264;0.0125866364688
1;4;7;0;0.00887661427259;0.00866148248315
1;4;8;0;0.00661254115403;0.00661254115403
1;4;9;0;0.00848077982664;0.00848077982664
1;4;10;0;0.00742794992402;0.00742794992402
1;4;11;0;0.0106016369537;0.0106015633792
1;4;12;0;0.00864248443395;0.00864248443395
1;4;13;0;0.00772112887353;0.00772112887353
1;4;14;0;0.00478317169473;0.00478317169473
1;4;15;0;0.0129881808534;0.0129881808534
1;4;16;0;0.0122176939622;0.0122176939622
1;4;17;0;0.00834096688777;0.00834096688777
1;5;0;0;0.00392739661038;0.00386077165604
1;5;1;0;0.00333317834884;0.000713634944987
1;5;2;0;0.00371591583826;0.00146897800732
1;5;3;0;0.00276840198785;0.00267236446962
1;5;4;0;0.00550292059779;0.00237430073321
1;5;5;0;0.00469538662583;0.00257086218335
1;5;6;0;0.00522818695754;0.00522818695754
1;5;7;0;0.00461020600051;0.00461020600051
1;5;8;0;0.0183006320149;0.00950196105987
1;5;9;0;0.013285974972;0.00769285578281
1;5;10;0;0.00596158113331;0.0048434403725
1;5;11;0;0.00977691821754;0.00120729778428
1;5;12;0;0.00784185342491;0.002507122932
1;5;13;0;0.00863499660045;0.00259621860459
1;5;14;0;0.0125564243644;0.00686180358753
1;5;15;0;0.011114705354;0.0062219267711
1;5;16;0;0.0113110439852;0.00486563751474
1;5;17;0;0.00978954043239;0.00397175177932
1;6;0;0;0.000150398322148;6.61046578898e-05
1;6;1;0;0.000149098035763;0.000121954180941
1;6;2;0;7.44878125261e-05;5.42666748515e-05
1;6;3;0;6.12864387222e-05;3.79187331419e-05
1;6;4;0;0.000253971316852;0.000169381732121
1;6;5;0;0.00016871826665;0.000119601580082
1;6;6;0;7.37839436624e-05;5.02021539432e-05
1;6;7;0;6.36320692138e-05;1.8024154997e-05
1;6;8;0;0.0009535572608;0.000609820301179
1;6;9;0;0.000159979899763;0.000115013390314
1;6;10;0;7.16765207471e-05;7.77928289608e-06
1;6;11;0;0.000479669048218;0.000287325994577
1;6;12;0;7.45016513974e-05;1.17457320812e-05
1;6;13;0;0.00204997207038;0.00204997207038
1;6;14;0;0.00375108327717;0.00369799113832
1;6;15;0;0.00113789085299;0.000953868380748
1;6;16;0;0.00131562259048;0.000264404952759
1;6;17;0;0.00296738906763;0.00296738906763
1;7;0;0;5.39921566087e-05;4.22121593147e-05
1;7;1;0;6.56173724565e-05;5.331594366e-05
1;7;2;0;3.34293326887e-05;2.24863288167e-05
1;7;3;0;3.93414629798e-05;2.26343090617e-05
1;7;4;0;6.1073435063e-05;4.77094217786e-05
1;7;5;0;5.49474971194e-05;4.52722160844e-05
1;7;6;0;3.63972503692e-05;2.12048544199e-05
1;7;7;0;4.10281754739e-05;2.23508704948e-05
1;7;8;0;0.000130889558932;0.00012181938655
1;7;9;0;4.7951038141e-05;2.25595304073e-05
1;7;10;0;4.81262650283e-05;2.49297390837e-05
1;7;11;0;4.88221776322e-05;3.03182714561e-05
1;7;12;0;3.96762261516e-05;4.40379881184e-06
1;7;13;0;6.08259870205e-05;3.44088657585e-05
1;7;14;0;0.000117106450489;0.000106088737084
1;7;15;0;6.66344785714e-05;4.27079103247e-05
1;7;16;0;4.54824657936e-05;3.18745951517e-05
1;7;17;0;5.81470048928e-05;3.38967474818e-05
1;8;0;0;2.81409247691e-05;2.21916925511e-05
1;8;1;0;2.39064847847e-05;2.37557560467e-05
1;8;2;0;2.33682185353e-05;1.33089788505e-05
1;8;3;0;2.73110308626e-05;1.88528538274e-05
1;8;4;0;3.95231727452e-05;3.44135405612e-05
1;8;5;0;4.50262195955e-05;3.49253277818e-05
1;8;6;0;2.36201085499e-05;1.23873014672e-05
1;8;7;0;2.4722156013e-05;1.66904355865e-05
1;8;8;0;5.7721594203e-05;4.682753206e-05
1;8;9;0;2.34838826145e-05;1.42619455801e-05
1;8;10;0;3.07307527692e-05;2.04037605727e-05
1;8;11;0;3.245201151e-05;2.08298952202e-05
1;8;12;0;2.3641548978e-05;1.66313639056e-05
1;8;13;0;4.59710572613e-05;3.16442819894e-05
1;8;14;0;4.82233772345e-05;3.61720922228e-05
1;8;15;0;3.00215961033e-05;2.52337758866e-05
1;8;16;0;3.04260429402e-05;1.99734404305e-05
1;8;17;0;3.87403051718e-05;2.25770472753e-05
1;9;0;0;1.56587520905e-05;9.44784187595e-06
1;9;1;0;1.16111295938e-05;9.29867201194e-06
1;9;2;0;1.76992107299e-05;1.63333552337e-05
1;9;3;0;1.51365074998e-05;4.95710992254e-06
1;9;4;0;2.35821898968e-05;2.0968636818e-05
1;9;5;0;2.77816470771e-05;2.77740018646e-05
1;9;6;0;1.46873981066e-05;1.14714803203e-05
1;9;7;0;1.48944764078e-05;6.79828963257e-06
1;9;8;0;3.40350343322e-05;2.86657796096e-05
1;9;9;0;1.21928042063e-05;5.72135331822e-06
1;9;10;0;2.03804702323e-05;1.27991370391e-05
1;9;11;0;2.11134829442e-05;1.29692471091e-05
1;9;12;0;3.35086297127e-05;3.35086297127e-05
1;9;13;0;5.34742575837e-05;5.03689880134e-05
1;9;14;0;2.79161231447e-05;2.14753436012e-05
1;9;15;0;1.94226813619e-05;1.7166366888e-05
1;9;16;0;2.0584286176e-05;1.29356931211e-05
1;9;17;0;2.75224610959e-05;2.03599884117e-05
2;0;0;0;0.00120509124827;0.000713663059287
2;0;1;0;0.00298577803187;0.000747480138671
2;0;2;0;0.00342316227034;0.000277583952993
2;0;3;0;0.00270144641399;0.000555924954824
2;0;4;0;0.000705820275471;0.000705820275471
2;0;5;0;0.000906214641873;0.000530812365469
2;0;6;0;0.00151037168689;0.000339383463142
2;0;7;0;0.0013476019958;0.000168469749042
2;0;8;0;0.000327493908117;0.000212067534449
2;0;9;0;0.000303576409351;0.000285296177026
2;0;10;0;0.000316859775921;2.52632416959e-05
2;0;11;0;0.00033608393278;0.000146497855894
2;0;12;0;0.000469447171781;9.90863190964e-05
2;0;13;0;9.08989677555e-05;1.83191550605e-05
2;0;14;0;9.36207943596e-05;8.51827935548e-05
2;0;15;0;0.000134856119985;0.000122423982248
2;0;16;0;0.000128565909108;0.000126037499285
2;0;17;0;2.04770858545e-05;2.68589383268e-06
2;1;0;0;0.00579445483163;0.00518722180277
2;1;1;0;0.00937747024;0.000587785383686
2;1;2;0;0.0100959455594;0.00307688815519
2;1;3;0;0.00920897349715;0.000377759570256
2;1;4;0;0.00784975849092;0.00671390676871
2;1;5;0;0.00640798918903;0.00599530991167
2;1;6;0;0.0066603673622;0.00610370095819
2;1;7;0;0.00696023972705;0.000153280809172
2;1;8;0;0.00833883881569;0.00830781087279
2;1;9;0;0.00378591264598;0.00362153165042
2;1;10;0;0.00382858747616;0.00321350968443
2;1;11;0;0.00540943676606;0.00348779722117
2;1;12;0;0.00740290712565;0.00121881160885
2;1;13;0;0.0056714634411;0.00100477738306
2;1;14;0;0.00222666049376;0.00117637903895
2;1;15;0;0.00473897438496;0.00204241694883
2;1;16;0;0.00501673202962;0.00116353994235
2;1;17;0;0.00376357557252;0.000690276967362
2;2;0;0;0.0258251708001;0.00849084090441
2;2;1;0;0.0583221912384;0.0276267081499
2;2;2;0;0.0305905323476;0.00482192356139
2;2;3;0;0.0146959982812;0.00121410912834
2;2;4;0;0.0201337691396;0.00881276465952
2;2;5;0;0.0315598510206;0.00674270745367
2;2;6;0;0.0315778143704;0.004474026151
2;2;7;0;0.0163687113672;0.00148860597983
2;2;8;0;0.0389259271324;0.00695006456226
2;2;9;0;0.0286931004375;0.00566689157858
2;2;10;0;0.0273907016963;0.00261997245252
2;2;11;0;0.0229078363627;0.000490511360113
2;2;12;0;0.0139662418514;0.000380719371606
2;2;13;0;0.0112494481727;0.000182403775398
2;2;14;0;0.00939384289086;0.00316692586057
2;2;15;0;0.0159710235894;0.00123091193382
2;2;16;0;0.0148233724758;0.0013440734474
2;2;17;0;0.0100783882663;0.000163297008839
2;3;0;0;0.00976077001542;0.00976077001542
2;3;1;0;0.0132293980569;0.0132293980569
2;3;2;0;0.00797315035015;0.00797315035015
2;3;3;0;0.00412640161812;0.00306453090161
2;3;4;0;0.00945592485368;0.00945592485368
2;3;5;0;0.00895814877003;0.00851371511817
2;3;6;0;0.00689439335838;0.00689439335838
2;3;7;0;0.00414546672255;0.00160948105622
2;3;8;0;0.00728227104992;0.00679055508226
2;3;9;0;0.00846949964762;0.00843504164368
2;3;10;0;0.00256766797975;0.00167047139257
2;3;11;0;0.00787965208292;0.00787965208292
2;3;12;0;0.004853525199;0.00126951304264
2;3;13;0;0.00796681828797;0.00118380784988
2;3;14;0;0.0146927172318;0.00542132556438
2;3;15;0;0.0196647979319;0.00779022462666
2;3;16;0;0.00939977169037;0.0066896979697
2;3;17;0;0.00979791115969;0.00115394429304
2;4;0;0;0.0204599350691;0.0138773228973
2;4;1;0;0.0223100855947;0.00791793037206
2;4;2;0;0.0209516640753;0.00280305137858
2;4;3;0;0.00410702638328;0.00143717741594
2;4;4;0;0.00842328742146;0.00761590758339
2;4;5;0;0.0116193089634;0.00829750206321
2;4;6;0;0.00964538194239;0.00242259958759
2;4;7;0;0.00261991191655;0.00182411377318
2;4;8;0;0.00819281022996;0.00819281022996
2;4;9;0;0.00865382328629;0.00857760664076
2;4;10;0;0.00163392513059;0.00139156903606
2;4;11;0;0.00489330105484;0.00489299139008
2;4;12;0;0.00243139406666;0.00240734778345
2;4;13;0;0.00252413144335;0.00244623026811
2;4;14;0;0.00956688541919;0.00954718794674
2;4;15;0;0.009292290546;0.009292290546
2;4;16;0;0.00801833812147;0.00801833812147
2;4;17;0;0.00285500427708;0.00259225559421
2;5;0;0;0.00614636344835;0.00614636344835
2;5;1;0;0.00156652112491;0.000945157255046
2;5;2;0;0.00136982777622;0.00101765990257
2;5;3;0;0.00138095743023;0.00130780704785
2;5;4;0;0.00533384922892;0.00314086349681
2;5;5;0;0.00387458293699;0.00387458293699
2;5;6;0;0.00276714703068;0.00276714703068
2;5;7;0;0.00255718268454;0.00114125083201
2;5;8;0;0.008395800367;0.00211711670272
2;5;9;0;0.0044779018499;0.0044779018499
2;5;10;0;0.00249516125768;0.00223475694656
2;5;11;0;0.00380952679552;0.00110659841448
2;5;12;0;0.00326484441757;0.00060609402135
2;5;13;0;0.00367324356921;0.000845090427902
2;5;14;0;0.00959098618478;0.00216859346256
2;5;15;0;0.00581250619143;0.00220501539297
2;5;16;0;0.00548433838412;0.00134214712307
2;5;17;0;0.0040365755558;0.000679424963892
2;6;0;0;8.24812159408e-05;7.77023160481e-05
2;6;1;0;0.00011784745584;8.09668272268e-05
2;6;2;0;0.000327492627548;0.000289610645268
2;6;3;0;0.000304068584228;0.000140122516314
2;6;4;0;8.30056524137e-05;3.18707134284e-05
2;6;5;0;0.000133748893859;9.84917787719e-05
2;6;6;0;0.000166177385836;0.000147665399709
2;6;7;0;0.00025951146381;3.48806170223e-05
2;6;8;0;0.000917458557524;0.000794514256995
2;6;9;0;0.000127548686578;7.02715697116e-05
2;6;10;0;0.000202948271181;0.000108989319415
2;6;11;0;0.000321832863847;0.000294779747492
2;6;12;0;0.000274791935226;3.70798807126e-05
2;6;13;0;0.000798500608653;0.000798492110334
2;6;14;0;0.00547855254263;0.00547855254263
2;6;15;0;0.000728624407202;0.000617191719357
2;6;16;0;0.000461367133539;0.000245490169618
2;6;17;0;0.00137612817343;0.00137320056092
2;7;0;0;4.95520143886e-05;3.95429669879e-05
2;7;1;0;9.75054063019e-05;7.98680266598e-05
2;7;2;0;0.000193274230696;0.000122996410937
2;7;3;0;0.000149555242388;5.97526632191e-05
2;7;4;0;7.30612082407e-05;4.13335219491e-05
2;7;5;0;7.68518802943e-05;5.30512843397e-05
2;7;6;0;9.11755705602e-05;3.35641561833e-05
2;7;7;0;0.000148293634993;5.88154616707e-05
2;7;8;0;9.49666646193e-05;6.80402154103e-05
2;7;9;0;3.93385635107e-05;1.9119508579e-05
2;7;10;0;0.000147389480844;5.46229784959e-05
2;7;11;0;0.00017252365069;0.000106472652988
2;7;12;0;0.0001464701636;4.31634107372e-05
2;7;13;0;0.000204061929253;6.03451990173e-05
2;7;14;0;8.44460519147e-05;5.8451329096e-05
2;7;15;0;0.000104792816273;6.79742297507e-05
2;7;16;0;0.000107716936327;2.31503654504e-05
2;7;17;0;0.000252225028817;9.20600359677e-05
2;8;0;0;3.95798415411e-05;3.14986536978e-05
2;8;1;0;8.34758611745e-05;6.93843976478e-05
2;8;2;0;0.00018073580577;0.00011174014071
2;8;3;0;0.000154643930728;6.36616387055e-05
2;8;4;0;4.50217157777e-05;3.46536980942e-05
2;8;5;0;5.92807700741e-05;4.61009367427e-05
2;8;6;0;5.90528688917e-05;3.2339063182e-05
2;8;7;0;0.000147685990669;6.12751900917e-05
2;8;8;0;6.92928369972e-05;5.568621782e-05
2;8;9;0;4.03551966883e-05;3.09775314236e-05
2;8;10;0;0.000128133877297;5.80012820137e-05
2;8;11;0;0.000148824197822;8.2661426859e-05
2;8;12;0;0.000145684272866;5.90360905335e-05
2;8;13;0;0.000151349915541;5.9462232457e-05
2;8;14;0;5.69180010643e-05;4.84615302412e-05
2;8;15;0;6.96267961757e-05;5.98388978688e-05
2;8;16;0;0.000108763102617;3.8233705709e-05
2;8;17;0;0.00015012602671;5.8399313275e-05
2;9;0;0;1.60600357049e-05;6.55135636407e-06
2;9;1;0;0.000147632919834;0.000138529678225
2;9;2;0;0.000111327201012;9.85226943158e-05
2;9;3;0;0.000128571686218;5.34150713065e-05
2;9;4;0;8.38855848997e-05;8.38837804622e-05
2;9;5;0;0.000107749568997;9.71119152382e-05
2;9;6;0;0.000179336682777;0.00015955856361
2;9;7;0;0.00017350858252;7.49465689296e-05
2;9;8;0;7.66298253438e-05;7.28989616618e-05
2;9;9;0;6.22634179308e-05;6.22634179308e-05
2;9;10;0;0.000148816936417;9.57266820478e-05
2;9;11;0;0.000166349389474;0.000137720242492
2;9;12;0;0.000175104069058;7.56843510317e-05
2;9;13;0;0.000170170795172;7.00430609868e-05
2;9;14;0;3.90184104617e-05;3.23087951983e-05
2;9;15;0;3.33139687427e-05;2.14656502067e-05
2;9;16;0;9.43115519476e-05;5.88773727941e-05
2;9;17;0;0.000161904899869;6.5913220169e-05
