0;0;0;0;3.25903311023e-05;2.73324053524e-06
0;0;1;0;0.000170027866261;5.59663567401e-05
0;0;2;0;0.000139783049235;4.57118185295e-05
0;0;3;0;5.65506270505e-05;3.14679164148e-05
0;0;4;0;1.51675058078e-05;1.17759400382e-05
0;0;5;0;3.06795227516e-05;2.91774431389e-05
0;0;6;0;4.59487418993e-05;4.21578879468e-05
0;0;7;0;3.17996273225e-05;2.24309733312e-05
0;0;8;0;7.23526409274e-06;4.79996515423e-06
0;0;9;0;9.96364542516e-06;8.31113811728e-06
0;0;10;0;6.53899951431e-06;4.60662795376e-06
0;0;11;0;3.18591196447e-06;2.1503735752e-06
0;0;12;0;2.95203462883e-05;1.62487558555e-05
0;0;13;0;3.52513561666e-05;2.57438423432e-05
0;0;14;0;4.64514187115e-06;3.24876532432e-06
0;0;15;0;5.18355136592e-06;4.21237973569e-06
0;0;16;0;6.9589850682e-06;5.05138541484e-06
0;0;17;0;2.89816707664e-05;1.78862446774e-05
0;1;0;0;0.00091529317433;0.000672305177432
0;1;1;0;0.00117238378152;0.000423973659053
0;1;2;0;0.00139622564893;0.000999411917292
0;1;3;0;0.00122240150813;0.000561418884899
0;1;4;0;0.000799500616267;0.000505934527609
0;1;5;0;0.00047639006516;0.000425650214311
0;1;6;0;0.000563663605135;0.000509153236635
0;1;7;0;0.000556210172363;0.000192558043636
0;1;8;0;0.000625835033134;0.000377498159651
0;1;9;0;0.000500781752635;0.000483907118905
0;1;10;0;0.000392664893297;7.30147439754e-05
0;1;11;0;0.000384471000871;9.51767869992e-05
0;1;12;0;0.000489587429911;0.000182917792699
0;1;13;0;0.000273144163657;6.46078915452e-05
0;1;14;0;0.000190450562513;7.86075470387e-05
0;1;15;0;0.000310204719426;7.27678634576e-05
0;1;16;0;0.000273146346444;6.76408963045e-05
0;1;17;0;9.4213806733e-05;1.88619087567e-05
0;2;0;0;0.00354739534669;0.000315525772749
0;2;1;0;0.00847280211747;0.00273922551423
0;2;2;0;0.00922946259379;0.00488422019407
0;2;3;0;0.00433436129242;0.00114223605487
0;2;4;0;0.00285280006938;0.00036186480429
0;2;5;0;0.00398034323007;0.00284282746725
0;2;6;0;0.00407268991694;0.00166759709828
0;2;7;0;0.00332122459076;0.000844347116072
0;2;8;0;0.00248281867243;0.000411778135458
0;2;9;0;0.00322264432907;0.00322264409624
0;2;10;0;0.0022756094113;0.000410197011661
0;2;11;0;0.00199704477564;0.00109836889897
0;2;12;0;0.00283371726982;0.000949150533415
0;2;13;0;0.00191892439034;0.000513836566824
0;2;14;0;0.00146303116344;0.000722508819308
0;2;15;0;0.00157859572209;0.000183492651558
0;2;16;0;0.00158099632245;0.000305421563098
0;2;17;0;0.00143088377081;0.000293351477012
0;3;0;0;0.00172015023418;0.00131656706799
0;3;1;0;0.00553277600557;0.00539248716086
0;3;2;0;0.00350701645948;0.00327510456555
0;3;3;0;0.00191953696776;0.00191953626927
0;3;4;0;0.00222897343338;0.000831493001897
0;3;5;0;0.00449603330344;0.00449603330344
0;3;6;0;0.00244836765341;0.00244836765341
0;3;7;0;0.00164006557316;0.00164006534033
0;3;8;0;0.00235327892005;0.000710272637662
0;3;9;0;0.0261049941182;0.00997431110591
0;3;10;0;0.00176853546873;0.000902238010895
0;3;11;0;0.0799142196774;0.00887781567872
0;3;12;0;0.005504950881;0.00442030886188
0;3;13;0;0.00507902819663;0.00110939703882
0;3;14;0;0.00609991094097;0.00184384721797
0;3;15;0;0.171361207962;0.129911616445
0;3;16;0;0.112919948995;0.10765580833
0;3;17;0;0.00427584070712;0.000745780940633
0;4;0;0;0.0157957505435;0.0138887418434
0;4;1;0;0.0570977441967;0.0240199808031
0;4;2;0;0.0108401421458;0.00555111514404
0;4;3;0;0.00790225435048;0.00387030164711
0;4;4;0;0.00184017769061;0.00183201488107
0;4;5;0;0.00176903267857;0.000959727738518
0;4;6;0;0.00187322299462;0.00137645716313
0;4;7;0;0.00272505288012;0.00180055410601
0;4;8;0;0.00215019052848;0.00208834605291
0;4;9;0;0.00292524392717;0.00291823665611
0;4;10;0;0.00147122866474;0.000714391237125
0;4;11;0;0.00163883820642;0.00144444906618
0;4;12;0;0.00279744691215;0.00279744691215
0;4;13;0;0.00207598111592;0.00207598111592
0;4;14;0;0.00159377977252;0.00140705727972
0;4;15;0;0.0048888688907;0.0048888688907
0;4;16;0;0.00424296921119;0.00424296921119
0;4;17;0;0.00209009763785;0.00209009763785
0;5;0;0;0.00593452481553;0.000175918568857
0;5;1;0;0.00447563407943;0.00185975956265
0;5;2;0;0.00324719236232;0.00133953546174
0;5;3;0;0.00424509588629;0.000872302684002
0;5;4;0;0.00846299901605;0.0019830269739
0;5;5;0;0.00673761079088;0.00189875590149
0;5;6;0;0.00694855442271;0.00215446040966
0;5;7;0;0.00541060650721;0.00114077504259
0;5;8;0;0.0112219462171;0.00536142056808
0;5;9;0;0.0117868958041;0.00557809509337
0;5;10;0;0.00623512640595;0.00180939317215
0;5;11;0;0.0107125695795;0.0043471660465
0;5;12;0;0.0076064360328;0.0028213346377
0;5;13;0;0.00857808627188;0.00321359746158
0;5;14;0;0.0185473654419;0.0141446338966
0;5;15;0;0.01940157637;0.012184037827
0;5;16;0;0.0134749561548;0.00746291177347
0;5;17;0;0.00837215315551;0.00326926563866
0;6;0;0;0.00136409013066;1.2765939573e-05
0;6;1;0;0.000611351279076;0.000147043989273
0;6;2;0;0.000416050461354;0.00015511152742
0;6;3;0;0.000633545219898;0.000129484906211
0;6;4;0;0.0021478838753;0.000129184991238
0;6;5;0;0.000606650603004;0.000515919469763
0;6;6;0;0.000320341379847;0.000247066025622
0;6;7;0;0.0013915541349;0.000364511710359
0;6;8;0;0.00258003710769;0.000137300987262
0;6;9;0;0.000830899400171;0.000830899400171
0;6;10;0;0.000532625534106;0.000411801011069
0;6;11;0;0.000889803515747;0.000216097541852
0;6;12;0;0.00197743903846;0.0004772846587
0;6;13;0;0.00274177081883;0.000403456535423
0;6;14;0;0.00400354759768;0.000172614309122
0;6;15;0;0.00256134080701;0.000941047794186
0;6;16;0;0.00221563922241;0.000300974381389
0;6;17;0;0.00346404500306;0.000196376262465
0;7;0;0;1.89415859495e-05;5.08309267389e-06
0;7;1;0;1.68356837094e-05;9.53249309532e-06
0;7;2;0;2.34433664446e-05;1.97456611204e-05
0;7;3;0;3.68458022422e-05;2.84858961095e-05
0;7;4;0;1.94163621927e-05;3.59850287168e-06
0;7;5;0;6.15043900325e-05;5.81096392125e-05
0;7;6;0;4.13812485931e-05;4.13812485931e-05
0;7;7;0;2.77475446637e-05;2.17265351239e-05
0;7;8;0;2.73357582046e-05;3.15065221912e-06
0;7;9;0;5.5439726566e-05;5.38765561942e-05
0;7;10;0;3.87284853787e-05;3.02841908706e-05
0;7;11;0;3.0846134905e-05;1.77903202712e-05
0;7;12;0;2.39714026975e-05;1.24438920466e-05
0;7;13;0;0.000119351170724;5.80362684559e-05
0;7;14;0;0.00015205287491;9.29080124479e-06
0;7;15;0;7.16932845535e-05;8.08704226074e-06
0;7;16;0;0.000195671629626;0.000179828915861
0;7;17;0;0.000283199944533;0.000175257388037
0;8;0;0;1.1938789612e-05;4.71096109322e-06
0;8;1;0;8.5956780822e-06;3.04014224639e-06
0;8;2;0;1.0027697499e-05;8.15892690298e-06
0;8;3;0;1.49094075823e-05;1.36415928864e-05
0;8;4;0;1.43322195072e-05;5.08176299263e-06
0;8;5;0;1.31771921588e-05;1.1707392332e-05
0;8;6;0;2.7723644962e-06;2.7723644962e-06
0;8;7;0;1.21867924463e-05;1.02845424408e-05
0;8;8;0;1.76801022462e-05;5.16094860359e-06
0;8;9;0;1.06090164991e-05;8.7243370217e-06
0;8;10;0;1.47938508235e-05;1.15862676466e-05
0;8;11;0;1.46550810314e-05;1.11873287096e-05
0;8;12;0;1.48042381625e-05;1.3393104382e-05
0;8;13;0;3.07499212795e-05;2.35360712395e-05
0;8;14;0;1.88773628906e-05;5.05059415445e-06
0;8;15;0;1.58602688316e-05;1.409896322e-05
0;8;16;0;1.39877129186e-05;9.78582738753e-06
0;8;17;0;3.19755490636e-05;1.93947653315e-05
0;9;0;0;8.5328329078e-06;3.58277111445e-06
0;9;1;0;4.74114949611e-06;3.0481965041e-06
0;9;2;0;4.65899620394e-06;4.65899620394e-06
0;9;3;0;5.15770989296e-06;4.89317062602e-06
0;9;4;0;1.04601822386e-05;4.19404977947e-06
0;9;5;0;7.88872057456e-06;7.88782836025e-06
0;9;6;0;3.7234899537e-06;3.5543832837e-06
0;9;7;0;4.9309642236e-06;4.87265515403e-06
0;9;8;0;1.14120466606e-05;4.52566791864e-06
0;9;9;0;7.50906610847e-06;6.73329486744e-06
0;9;10;0;6.75147839502e-06;5.5088848967e-06
0;9;11;0;6.4475734689e-06;5.36064271728e-06
0;9;12;0;4.48093851446e-06;4.28858993473e-06
0;9;13;0;1.33623052534e-05;1.27472403619e-05
0;9;14;0;1.19210153571e-05;4.59090642835e-06
0;9;15;0;7.86170949141e-06;4.89363947054e-06
0;9;16;0;6.6309335125e-06;5.46121600564e-06
0;9;17;0;1.3438595488e-05;1.22441633721e-05
1;0;0;0;3.20052604366e-05;3.18851016345e-05
1;0;1;0;7.15637434041e-05;5.51537923457e-05
1;0;2;0;8.63199384185e-05;2.84284578811e-05
1;0;3;0;4.71829116577e-05;3.94154449168e-05
1;0;4;0;2.49207223533e-05;1.43577353811e-05
1;0;5;0;3.78395816369e-05;3.35788427037e-05
1;0;6;0;2.72193810815e-05;2.48955202551e-05
1;0;7;0;3.45515582012e-05;2.80035164906e-05
1;0;8;0;1.78781574505e-05;1.10801775008e-05
1;0;9;0;2.37636213569e-05;2.30554069276e-05
1;0;10;0;8.34911861602e-06;7.2540246947e-06
1;0;11;0;6.08951222603e-06;5.63119556318e-06
1;0;12;0;2.99802559312e-05;2.03216313821e-05
1;0;13;0;4.82045288663e-05;3.88458756788e-05
1;0;14;0;2.58729451161e-05;2.58636046055e-05
1;0;15;0;1.48965400513e-05;1.48139615703e-05
1;0;16;0;6.49417643217e-06;5.6442991081e-06
1;0;17;0;3.31359333359e-05;2.44405746344e-05
1;1;0;0;0.000576325634029;0.000576325634029
1;1;1;0;0.00146831723396;0.000446396035841
1;1;2;0;0.0015011492651;0.000272801960818
1;1;3;0;0.00126963970251;0.000721192511264
1;1;4;0;0.00044910426368;0.000206814802368
1;1;5;0;0.00037859522854;0.000293809192954
1;1;6;0;0.000374474941054;0.000343102554325
1;1;7;0;0.0007259757258;0.000518197950441
1;1;8;0;0.000371194444597;0.000165833218489
1;1;9;0;0.000496901455335;0.000496846681926
1;1;10;0;0.000427620107075;8.67552953423e-05
1;1;11;0;0.000384243525332;1.52824213728e-05
1;1;12;0;0.00055737682851;0.000165041856235
1;1;13;0;0.000334385229507;8.8888402388e-05
1;1;14;0;7.79366091592e-05;5.3117666539e-05
1;1;15;0;0.000139189956826;9.1654015705e-05
1;1;16;0;0.000274751451798;0.000146983627928
1;1;17;0;0.000108729058411;1.70733001141e-05
1;2;0;0;0.010904260911;0.00316204503179
1;2;1;0;0.0582716204226;0.00781103409827
1;2;2;0;0.00564771471545;0.00332475989126
1;2;3;0;0.00376648502424;0.000728257466108
1;2;4;0;0.00591299822554;0.00578408548608
1;2;5;0;0.00414330372587;0.0035722926259
1;2;6;0;0.00316649954766;0.00178205105476
1;2;7;0;0.00302048446611;0.000794298539404
1;2;8;0;0.00175690744072;0.000878683233168
1;2;9;0;0.00214675511234;0.000404301390518
1;2;10;0;0.00245614279993;0.000191487270058
1;2;11;0;0.0023047903087;0.000866571848746
1;2;12;0;0.00288923643529;0.00054201122839
1;2;13;0;0.00201276200823;0.000391398876673
1;2;14;0;0.00101257464848;0.00036525996984
1;2;15;0;0.00207882770337;0.000541630841326
1;2;16;0;0.00192977476399;0.000409811647842
1;2;17;0;0.0016138467472;0.000254544836935
1;3;0;0;0.0037024684716;0.0037024684716
1;3;1;0;0.00597704853863;0.00597704853863
1;3;2;0;0.00292526278645;0.00292526278645
1;3;3;0;0.00163875962608;0.00163875962608
1;3;4;0;0.00334714585915;0.00310121010989
1;3;5;0;0.00395932095125;0.00389861688018
1;3;6;0;0.00407677236944;0.00407677236944
1;3;7;0;0.00281845219433;0.00261714588851
1;3;8;0;0.0555577352643;0.00654380815104
1;3;9;0;0.0249284356833;0.00778910331428
1;3;10;0;0.00187788973562;0.000233966769883
1;3;11;0;0.00461049936712;0.00327752879821
1;3;12;0;0.0037799347192;0.0032451483421
1;3;13;0;0.00351540208794;0.00166373781394
1;3;14;0;0.0525703765452;0.0319798253477
1;3;15;0;0.0643680542707;0.0370336659253
1;3;16;0;0.00726889679208;0.00310659245588
1;3;17;0;0.00447794562206;0.00220676348545
1;4;0;0;0.047024205327;0.00459952931851
1;4;1;0;0.0372960343957;0.0303553938866
1;4;2;0;0.0750886946917;0.0695775747299
1;4;3;0;0.00900460965931;0.00583125511184
1;4;4;0;0.00299947150052;0.00299947150052
1;4;5;0;0.00209872564301;0.00209872564301
1;4;6;0;0.00195842399262;0.00195842375979
1;4;7;0;0.00271725631319;0.00271725631319
1;4;8;0;0.00401352345943;0.00401352345943
1;4;9;0;0.00275704008527;0.00275704008527
1;4;10;0;0.00088369945297;0.000883699394763
1;4;11;0;0.00311274291016;0.00311274291016
1;4;12;0;0.00167647877242;0.00167647877242
1;4;13;0;0.00168120709714;0.00168120698072
1;4;14;0;0.00363876763731;0.00363876740448
1;4;15;0;0.00589229026809;0.00589229026809
1;4;16;0;0.0041656116955;0.0041656116955
1;4;17;0;0.00165258045308;0.00165258045308
1;5;0;0;0.00378424976952;0.000578569481149
1;5;1;0;0.00253096874803;0.00189096166287
1;5;2;0;0.00194774777628;0.00182500737719
1;5;3;0;0.00278257974423;0.000754318665713
1;5;4;0;0.00636073760688;0.0014698744053
1;5;5;0;0.00464440276846;0.00221024220809
1;5;6;0;0.0047787479125;0.00193152867723
1;5;7;0;0.00369394919835;0.00147585140076
1;5;8;0;0.0204068832099;0.00755991088226
1;5;9;0;0.0327427946031;0.00478491559625
1;5;10;0;0.00663590664044;0.00113112688996
1;5;11;0;0.00943698547781;0.00369186233729
1;5;12;0;0.00650052726269;0.00153456965927
1;5;13;0;0.00770270172507;0.00278216018341
1;5;14;0;0.00948752369732;0.00406400300562
1;5;15;0;0.0101710455492;0.00231453054585
1;5;16;0;0.0114147681743;0.00466090254486
1;5;17;0;0.00872451905161;0.00466773007065
1;6;0;0;0.000685297825839;0.000135611262522
1;6;1;0;0.000284732464934;0.000160219962709
1;6;2;0;0.000110300374217;4.48943283118e-05
1;6;3;0;0.000172919724719;1.13755168059e-05
1;6;4;0;0.0013598180376;0.000297557970043
1;6;5;0;0.000773085048422;0.000393103662645
1;6;6;0;0.000448817445431;0.000236131396377
1;6;7;0;0.000524341594428;0.000238936350797
1;6;8;0;0.000633170595393;0.000623224477749
1;6;9;0;0.000704971665982;0.000416867114836
1;6;10;0;0.000691684370395;0.00049683789257
1;6;11;0;0.000870723393746;0.000566212111153
1;6;12;0;0.000985836493783;0.000424804660724
1;6;13;0;0.001433298341;0.000314419623464
1;6;14;0;0.00267786951736;0.000234046790865
1;6;15;0;0.00150577246677;0.000866515212692
1;6;16;0;0.00167217105627;0.00107166077942
1;6;17;0;0.00204929243773;0.000344113825122
1;7;0;0;3.64787556464e-05;3.11900766974e-05
1;7;1;0;3.07146110572e-05;2.44430557359e-05
1;7;2;0;1.76025678229e-05;1.59710052685e-05
1;7;3;0;1.23484942378e-05;1.11485433081e-05
1;7;4;0;4.44720535597e-05;3.87721411244e-05
1;7;5;0;3.76582211175e-05;3.3449367038e-05
1;7;6;0;1.52881511895e-05;1.36906901389e-05
1;7;7;0;1.19262376757e-05;5.96399513597e-06
1;7;8;0;0.000195594737306;0.000194606283912
1;7;9;0;3.05395005853e-05;2.70331292995e-05
1;7;10;0;1.98360867216e-05;1.01442128653e-05
1;7;11;0;2.53559483099e-05;1.02312242234e-05
1;7;12;0;2.03141844395e-05;2.03141735255e-05
1;7;13;0;6.54484465485e-05;6.19716374786e-05
1;7;14;0;0.000162756332429;0.000128441402921
1;7;15;0;8.53940728121e-05;7.64393698773e-05
1;7;16;0;6.4037842094e-05;6.39955469524e-05
1;7;17;0;7.09883752279e-05;3.84277009289e-05
1;8;0;0;1.27135090224e-05;1.16936016639e-05
1;8;1;0;4.18445006289e-06;2.16624789573e-06
1;8;2;0;4.79034406453e-06;4.4819703362e-06
1;8;3;0;6.40882581138e-06;6.06773119216e-06
1;8;4;0;2.70090331469e-05;2.49064323725e-05
1;8;5;0;2.55125778494e-05;2.23014758376e-05
1;8;6;0;4.36831078332e-06;3.41216309607e-06
1;8;7;0;2.87076591121e-06;1.84143243587e-06
1;8;8;0;3.90379937016e-05;3.2368068787e-05
1;8;9;0;6.83262669554e-06;6.23070582151e-06
1;8;10;0;8.639657608e-06;6.2468352553e-06
1;8;11;0;9.23694278754e-06;6.7009796112e-06
1;8;12;0;5.79473680773e-06;4.0891354729e-06
1;8;13;0;1.07826399471e-05;7.71124086896e-06
1;8;14;0;3.07119189529e-05;2.49360691669e-05
1;8;15;0;1.15879356599e-05;1.00221814137e-05
1;8;16;0;8.23453774501e-06;5.30011493538e-06
1;8;17;0;1.16181872727e-05;9.25195581658e-06
1;9;0;0;5.54135795028e-06;5.28324380866e-06
1;9;1;0;2.15327509068e-06;2.05208152693e-06
1;9;2;0;1.02817421066e-06;1.02620776943e-06
1;9;3;0;2.35524089476e-06;2.13937164517e-06
1;9;4;0;1.01394380181e-05;9.91635170067e-06
1;9;5;0;7.69012422097e-06;7.66996799939e-06
1;9;6;0;1.21363382277e-06;1.15020498015e-06
1;9;7;0;2.17947058445e-06;2.16141597775e-06
1;9;8;0;1.52664069901e-05;1.43814613693e-05
1;9;9;0;1.27687883378e-06;1.27685473217e-06
1;9;10;0;2.49328513746e-06;2.36192613556e-06
1;9;11;0;2.93555012831e-06;2.93431480713e-06
1;9;12;0;1.61859622949e-06;1.18214734357e-06
1;9;13;0;3.77125638806e-06;3.31581145474e-06
1;9;14;0;1.19806654766e-05;1.10184446385e-05
1;9;15;0;4.47485354016e-06;4.39259702034e-06
1;9;16;0;2.11256292459e-06;1.85402996067e-06
1;9;17;0;4.74142007079e-06;4.16221200794e-06
2;0;0;0;4.20509313699e-05;4.20509313699e-05
2;0;1;0;0.000124161291751;5.89639457758e-05
2;0;2;0;0.000128047060571;7.2741349868e-06
2;0;3;0;6.11843861407e-05;6.66380674375e-06
2;0;4;0;2.9940278182e-05;1.97569061129e-05
2;0;5;0;4.33188433817e-05;3.73783404939e-05
2;0;6;0;2.85707137664e-05;1.52172879098e-05
2;0;7;0;1.06466841316e-05;6.62068896418e-06
2;0;8;0;1.89630645764e-05;1.2532825167e-05
2;0;9;0;3.19370192301e-05;3.03614397126e-05
2;0;10;0;5.35320805284e-06;4.06513981943e-06
2;0;11;0;4.17337605541e-06;2.17238653022e-06
2;0;12;0;9.92191235127e-06;5.88186730965e-06
2;0;13;0;4.00389126298e-06;2.65615176431e-06
2;0;14;0;2.6254228942e-05;2.62266694335e-05
2;0;15;0;1.39105395647e-05;1.29349109557e-05
2;0;16;0;4.13998668591e-06;3.37634855896e-06
2;0;17;0;6.32598630546e-06;4.07237484978e-06
2;1;0;0;0.000701796321664;0.000699801370502
2;1;1;0;0.00150946585927;0.000180771807209
2;1;2;0;0.00144354393706;0.000110063905595
2;1;3;0;0.00108886987437;8.07621472632e-05
2;1;4;0;0.000443127908511;9.28335430217e-05
2;1;5;0;0.000476065120893;0.000239881672314
2;1;6;0;0.000613831973169;9.48822853388e-05
2;1;7;0;0.000695826136507;7.75634907768e-05
2;1;8;0;0.00042703395593;7.83828581916e-05
2;1;9;0;0.000254752027104;0.000200227019377
2;1;10;0;0.000480101589346;2.313670484e-05
2;1;11;0;0.000451724830782;2.79410342046e-05
2;1;12;0;0.000555581180379;6.48657296551e-05
2;1;13;0;0.000344589236192;2.78742718365e-05
2;1;14;0;0.00012487109052;3.98681477236e-05
2;1;15;0;0.000287580682198;6.97414070601e-05
2;1;16;0;0.000307779060677;8.6107669631e-05
2;1;17;0;0.000142691074871;4.50005882158e-06
2;2;0;0;0.00537831848487;0.0019150946755
2;2;1;0;0.0376176461577;0.0106929112226
2;2;2;0;0.00548190716654;0.0019686948508
2;2;3;0;0.00288177840412;0.00017361875507
2;2;4;0;0.00288618146442;0.0021435956005
2;2;5;0;0.00316182966344;0.00143277668394
2;2;6;0;0.00324078882113;0.000605659733992
2;2;7;0;0.00245738611557;0.000153226370458
2;2;8;0;0.00205131107941;0.00104850367643
2;2;9;0;0.00223396462388;0.000644638610538
2;2;10;0;0.00219162087888;0.000204149531783
2;2;11;0;0.00205132667907;0.00036416092189
2;2;12;0;0.00241998932324;0.000123307385365
2;2;13;0;0.00172987754922;0.000100098455732
2;2;14;0;0.00100323231891;0.000519751163665
2;2;15;0;0.0019026446389;0.000237253247178
2;2;16;0;0.00176847120747;0.000181657218491
2;2;17;0;0.00140894355718;8.95608391147e-05
2;3;0;0;0.00375006953254;0.00375006953254
2;3;1;0;0.0045223380439;0.0045223380439
2;3;2;0;0.00308983982541;0.00308983982541
2;3;3;0;0.00148247124162;0.00122047192417
2;3;4;0;0.00274886353873;0.00274886353873
2;3;5;0;0.00256040552631;0.00256040552631
2;3;6;0;0.00276895007119;0.00276895007119
2;3;7;0;0.000707961909939;0.00059382757172
2;3;8;0;0.0459366478026;0.0078274095431
2;3;9;0;0.0197563748807;0.00745819695294
2;3;10;0;0.00169573619496;0.000623458356131
2;3;11;0;0.0132675683126;0.000623646192253
2;3;12;0;0.00157902832143;0.000235587664065
2;3;13;0;0.00265752570704;0.000231074503972
2;3;14;0;0.0297368708998;0.0206541735679
2;3;15;0;0.0483927801251;0.0394596718252
2;3;16;0;0.0200601741672;0.0131099140272
2;3;17;0;0.00313078192994;0.000248107506195
2;4;0;0;0.00574518041685;0.00361610739492
2;4;1;0;0.00474556861445;0.00220335763879
2;4;2;0;0.00403440790251;0.000865191221237
2;4;3;0;0.00356548768468;0.00175271532498
2;4;4;0;0.00252551934682;0.00232395762578
2;4;5;0;0.00196591205895;0.00196591182612
2;4;6;0;0.00130281725433;0.00128952169325
2;4;7;0;0.00129783689044;0.00119606452063
2;4;8;0;0.00337273045443;0.00337273045443
2;4;9;0;0.00293670478277;0.00293670478277
2;4;10;0;0.000697503390256;0.00039411574835
2;4;11;0;0.00269291806035;0.00269291806035
2;4;12;0;0.00119299185462;0.00118522462435
2;4;13;0;0.00128388381563;0.00127168628387
2;4;14;0;0.00238478044048;0.00238478044048
2;4;15;0;0.0035537770018;0.0035537770018
2;4;16;0;0.00365114910528;0.00365114910528
2;4;17;0;0.00124255171977;0.00123128737323
2;5;0;0;0.00286792661063;0.00260960008018
2;5;1;0;0.00258304155432;0.0025357757695
2;5;2;0;0.0018447379116;0.001828306471
2;5;3;0;0.00233176653273;3.1247302104e-05
2;5;4;0;0.00600721733645;0.00254508876242
2;5;5;0;0.0052499123849;0.00186778674833
2;5;6;0;0.00281179812737;0.00162057369016
2;5;7;0;0.00290220673196;0.000265691254754
2;5;8;0;0.00917178019881;0.00137360568624
2;5;9;0;0.00383618683554;0.00241710874252
2;5;10;0;0.00395452138036;0.000459306145785
2;5;11;0;0.00379217462614;0.000868896313477
2;5;12;0;0.00335979252122;0.000194702122826
2;5;13;0;0.00354178319685;0.000329521193635
2;5;14;0;0.00723966443911;0.00223712273873
2;5;15;0;0.00587597535923;0.00192211556714
2;5;16;0;0.00533578079194;0.00193673418835
2;5;17;0;0.00367015390657;0.00126360973809
2;6;0;0;0.000286515889456;2.08631190617e-05
2;6;1;0;0.000130800457555;4.23354867962e-05
2;6;2;0;0.000168074970134;5.94140437897e-05
2;6;3;0;0.00037049522507;2.02860555873e-05
2;6;4;0;0.000634847965557;0.000204651107197
2;6;5;0;0.000375359435566;3.92038746213e-05
2;6;6;0;0.000406346836826;1.09673828774e-05
2;6;7;0;0.000740850227885;2.04291973205e-05
2;6;8;0;0.000520307687111;0.000127082297695
2;6;9;0;0.000533858081326;0.000284569337964
2;6;10;0;0.000650750065688;0.000290292926366
2;6;11;0;0.000583373184782;0.000224668765441
2;6;12;0;0.000970992841758;2.04767602554e-05
2;6;13;0;0.00141137035098;2.05521428143e-05
2;6;14;0;0.00153312261682;0.00070420501288
2;6;15;0;0.00109957484528;0.00105322676245
2;6;16;0;0.000846257025842;0.000792178092524
2;6;17;0;0.00195555225946;2.29143370234e-05
2;7;0;0;1.31044598675e-05;7.53168569645e-06
2;7;1;0;1.39748362926e-05;4.48696755484e-06
2;7;2;0;4.73831678391e-05;3.0043964216e-05
2;7;3;0;4.52869535366e-05;1.98729194381e-05
2;7;4;0;2.26277097681e-05;8.11305835668e-06
2;7;5;0;4.66119417979e-05;4.2814801418e-05
2;7;6;0;4.45765363111e-05;2.55182349065e-05
2;7;7;0;3.85164821637e-05;1.99176920432e-05
2;7;8;0;6.68041102472e-05;6.24427193543e-05
2;7;9;0;4.44659017376e-05;3.69199515262e-05
2;7;10;0;6.25321117695e-05;2.79265041172e-05
2;7;11;0;4.89201047458e-05;2.61063723883e-05
2;7;12;0;3.65484265785e-05;1.99756814254e-05
2;7;13;0;0.000107017091068;2.02995470318e-05
2;7;14;0;7.6641648775e-05;2.4613837013e-05
2;7;15;0;8.86417983565e-05;8.73084791237e-05
2;7;16;0;5.88381954003e-05;4.19420139224e-05
2;7;17;0;0.000216977990931;2.02323153644e-05
2;8;0;0;4.78145057059e-06;4.32606611867e-06
2;8;1;0;5.59565933145e-06;5.18037677466e-06
2;8;2;0;3.79012999474e-05;2.54484384641e-05
2;8;3;0;3.81213685614e-05;1.84670880117e-05
2;8;4;0;9.21294395084e-06;7.84438725532e-06
2;8;5;0;1.4748186004e-05;1.04849905256e-05
2;8;6;0;1.01145642475e-05;7.19527770343e-06
2;8;7;0;3.68607325072e-05;1.86160959856e-05
2;8;8;0;1.28393967316e-05;9.83126483334e-06
2;8;9;0;9.85926453723e-06;7.22304457668e-06
2;8;10;0;3.94908420276e-05;1.9803921532e-05
2;8;11;0;4.44192701252e-05;2.46725339821e-05
2;8;12;0;3.97622716264e-05;1.88736648852e-05
2;8;13;0;4.29795436503e-05;1.96953296836e-05
2;8;14;0;1.33390558403e-05;1.12752613859e-05
2;8;15;0;2.67749946943e-05;2.2839902158e-05
2;8;16;0;3.41879458574e-05;1.47849632413e-05
2;8;17;0;4.34841495007e-05;1.97247118194e-05
2;9;0;0;2.82209998659e-06;2.63217475549e-06
2;9;1;0;1.21674302136e-05;1.13128862722e-05
2;9;2;0;2.88601750071e-05;2.65473681793e-05
2;9;3;0;3.33181342285e-05;1.60646741278e-05
2;9;4;0;2.01538250622e-06;1.99396299649e-06
2;9;5;0;8.24095695862e-06;8.17718682811e-06
2;9;6;0;1.92636889551e-05;1.75293353095e-05
2;9;7;0;3.84413942811e-05;1.80618098966e-05
2;9;8;0;4.7114622248e-06;4.31350872532e-06
2;9;9;0;3.36223956765e-06;2.6783575322e-06
2;9;10;0;3.51159796992e-05;2.0286111976e-05
2;9;11;0;3.86900937883e-05;2.2441830879e-05
2;9;12;0;3.74559785996e-05;1.83425581781e-05
2;9;13;0;3.68285618606e-05;1.80657625606e-05
2;9;14;0;4.77736830362e-06;4.27347094956e-06
2;9;15;0;1.08421190816e-05;9.95856316877e-06
2;9;16;0;3.22163141391e-05;1.87433379324e-05
2;9;17;0;3.67779030057e-05;1.80027655006e-05
