0;0;0;0;0.000787027005572;0.000643547507934
0;0;1;0;0.00266697001643;0.00037865183549
0;0;2;0;0.0025744237937;0.000797055254225
0;0;3;0;0.00166225002613;0.000386964878999
0;0;4;0;0.000592089723796;1.27782823256e-05
0;0;5;0;0.000811460777186;9.65215003816e-05
0;0;6;0;0.00084654224338;0.000216883345274
0;0;7;0;0.000870729447342;0.000326916720951
0;0;8;0;0.000271385302767;1.7053585907e-05
0;0;9;0;0.000279827945633;1.03669162854e-05
0;0;10;0;0.000395498791477;9.59615226748e-06
0;0;11;0;0.00041860260535;1.35588006742e-05
0;0;12;0;0.000605671375524;0.000117080824566
0;0;13;0;0.000215879277675;8.81239247974e-06
0;0;14;0;1.78189275175e-05;2.18676063923e-06
0;0;15;0;0.000122274708701;8.27184248919e-06
0;0;16;0;0.000131413398776;9.18065961741e-06
0;0;17;0;3.18995153066e-05;1.85419248737e-05
0;1;0;0;0.00599310407415;0.000769242062233
0;1;1;0;0.00891736801714;0.00119966594502
0;1;2;0;0.00889380741864;0.00126031122636
0;1;3;0;0.00784071628004;0.000681695761159
0;1;4;0;0.00504813157022;0.000479254929814
0;1;5;0;0.0055066915229;0.00213001808152
0;1;6;0;0.00577650312334;0.002300176071
0;1;7;0;0.00579918455333;0.00124649470672
0;1;8;0;0.00454095937312;0.000298174651107
0;1;9;0;0.00195652851835;0.00140087364707
0;1;10;0;0.00473991408944;0.000414306472521
0;1;11;0;0.00467765843496;0.000335369753884
0;1;12;0;0.00525431754068;0.000819962238893
0;1;13;0;0.00397810759023;0.000347435474396
0;1;14;0;0.0025717089884;0.000173134496436
0;1;15;0;0.00314023857936;0.000703353725839
0;1;16;0;0.00388834974729;0.000433189357864
0;1;17;0;0.00248567294329;0.000554666563403
0;2;0;0;0.0140703553334;0.000781278125942
0;2;1;0;0.0119949383661;0.00520200096071
0;2;2;0;0.0164463482797;0.00767167564481
0;2;3;0;0.0127265006304;0.00334141519852
0;2;4;0;0.0125436484814;0.000686442712322
0;2;5;0;0.0135753843933;0.00348190800287
0;2;6;0;0.0135739985853;0.000425422680564
0;2;7;0;0.0138870179653;0.00302815018222
0;2;8;0;0.0115289185196;0.000646169006359
0;2;9;0;0.0339201577008;0.0205547139049
0;2;10;0;0.0120900943875;0.00133463775273
0;2;11;0;0.0115576572716;0.000802239519544
0;2;12;0;0.0127360643819;0.00207505119033
0;2;13;0;0.0102747194469;0.0012310227612
0;2;14;0;0.0086553869769;0.000617044046521
0;2;15;0;0.0105876773596;0.000601746432949
0;2;16;0;0.0105464207008;0.000715757894795
0;2;17;0;0.00899599120021;0.000597749545705
0;3;0;0;0.00215625180863;0.00200856663287
0;3;1;0;0.00924658961594;0.0091251572594
0;3;2;0;0.0029987511225;0.00250318343751
0;3;3;0;0.00359311630018;0.00338190235198
0;3;4;0;0.00337136024609;0.00148630037438
0;3;5;0;0.00806941278279;0.00791502464563
0;3;6;0;0.00363826774992;0.00331080984324
0;3;7;0;0.00261492910795;0.00249130022712
0;3;8;0;0.00389831047505;0.00124497257639
0;3;9;0;0.00648352084681;0.00586605397984
0;3;10;0;0.00323592917994;0.00160928396508
0;3;11;0;0.00421262625605;0.00398584920913
0;3;12;0;0.0034674492199;0.00340242031962
0;3;13;0;0.00577994575724;0.00187744165305
0;3;14;0;0.00767845800146;0.000990789150819
0;3;15;0;0.0317307189107;0.00934069510549
0;3;16;0;0.00445564417168;0.00188251689542
0;3;17;0;0.00747966533527;0.00151283002924
0;4;0;0;0.00539007456973;0.00267135980539
0;4;1;0;0.0777596160769;0.0118055120111
0;4;2;0;0.00758846383542;0.00191416009329
0;4;3;0;0.00484145386145;0.00124611961655
0;4;4;0;0.00248300540261;0.00244753132574
0;4;5;0;0.00394718116149;0.00276543968357
0;4;6;0;0.00329821486957;0.00142665114254
0;4;7;0;0.00306003144942;0.00234251935035
0;4;8;0;0.00260870414786;0.00259875692427
0;4;9;0;0.00262146675959;0.00261796219274
0;4;10;0;0.00177401257679;0.00103949592449
0;4;11;0;0.00284545891918;0.00284545891918
0;4;12;0;0.00314451591112;0.00306822941639
0;4;13;0;0.00294167432003;0.00283019896597
0;4;14;0;0.00237425183877;0.00223146402277
0;4;15;0;0.00513800047338;0.00489731039852
0;4;16;0;0.00468640355393;0.00468640355393
0;4;17;0;0.00299130170606;0.00278106937185
0;5;0;0;0.00258613447659;0.00257835746743
0;5;1;0;0.0026815708261;0.000308237940772
0;5;2;0;0.00319550698623;0.00222530798055
0;5;3;0;0.00282277259976;0.0012222211808
0;5;4;0;0.00426616892219;0.00131541036535
0;5;5;0;0.00288896542042;0.00265378155746
0;5;6;0;0.00345429033041;0.00263405474834
0;5;7;0;0.002951963339;0.00220358418301
0;5;8;0;0.00518165528774;0.000542580964975
0;5;9;0;0.00382911344059;0.00282917101867
0;5;10;0;0.00366764049977;0.00203978340141
0;5;11;0;0.00560016324744;0.00185940600932
0;5;12;0;0.00522908382118;0.000922719831578
0;5;13;0;0.00574527494609;0.000916641205549
0;5;14;0;0.00527112279087;0.000582886568736
0;5;15;0;0.00776737555861;0.00151508057024
0;5;16;0;0.00664586154744;0.00142468034755
0;5;17;0;0.00590554857627;0.000873443728779
0;6;0;0;0.000165698453202;1.52542597789e-05
0;6;1;0;7.84618096077e-05;2.84462039417e-05
0;6;2;0;0.000122462559375;0.0001080326183
0;6;3;0;0.000152649154188;0.000120181619423
0;6;4;0;0.000278972031083;3.30699440383e-05
0;6;5;0;0.000106192448584;9.33569172048e-05
0;6;6;0;6.50324072922e-05;5.49372125533e-05
0;6;7;0;0.000130422500661;7.99771951279e-05
0;6;8;0;0.0013855228899;0.00138427433558
0;6;9;0;0.00250874087214;0.00250874040648
0;6;10;0;0.000628637382761;0.000314426113619
0;6;11;0;0.00103200122248;0.00103066605516
0;6;12;0;0.000669273023959;0.00062589981826
0;6;13;0;0.0011260677129;0.0011260677129
0;6;14;0;0.00174102885649;0.00173675711267
0;6;15;0;0.000999628566206;0.000505337200593
0;6;16;0;0.0013438515598;0.000193377563846
0;6;17;0;0.00182378012687;0.00124533858616
0;7;0;0;2.06300483114e-05;1.04296623249e-05
0;7;1;0;2.14529172808e-05;1.34745005198e-05
0;7;2;0;4.80563467136e-05;3.59633959306e-05
0;7;3;0;5.2715469792e-05;3.62255777873e-05
0;7;4;0;2.03942399821e-05;1.07354271677e-05
0;7;5;0;5.32565718458e-05;4.83062613057e-05
0;7;6;0;3.63603066944e-05;2.22778689931e-05
0;7;7;0;4.99633388245e-05;2.95962599921e-05
0;7;8;0;2.90821863018e-05;1.16047040137e-05
0;7;9;0;3.13657110382e-05;1.84516484296e-05
0;7;10;0;5.85248744756e-05;3.50004193024e-05
0;7;11;0;6.04357628617e-05;3.88560147258e-05
0;7;12;0;4.0749557229e-05;1.31587321448e-05
0;7;13;0;9.62000558502e-05;7.07042272552e-05
0;7;14;0;9.05356864678e-05;1.09741376946e-05
0;7;15;0;6.81269011693e-05;5.72886601731e-05
0;7;16;0;5.42735033378e-05;3.02572443616e-05
0;7;17;0;0.000122425277368;9.09444934223e-05
0;8;0;0;1.55245070346e-05;8.64039157022e-06
0;8;1;0;1.49373208842e-05;1.0042973372e-05
0;8;2;0;2.56255607383e-05;2.00893518922e-05
0;8;3;0;2.9697552236e-05;2.30597343034e-05
0;8;4;0;1.76052199095e-05;9.26392658585e-06
0;8;5;0;2.25602307182e-05;2.205592682e-05
0;8;6;0;2.0313240384e-05;1.49061252159e-05
0;8;7;0;2.81139309664e-05;2.02388891921e-05
0;8;8;0;2.07280336326e-05;9.96135986497e-06
0;8;9;0;1.89641123143e-05;1.73625339812e-05
0;8;10;0;3.41119375662e-05;2.26264965022e-05
0;8;11;0;3.45325897797e-05;2.39067230723e-05
0;8;12;0;2.61525929091e-05;1.98637080757e-05
0;8;13;0;5.84943809372e-05;4.76759123558e-05
0;8;14;0;2.18728437176e-05;1.02165058706e-05
0;8;15;0;3.50585141859e-05;2.87591119559e-05
0;8;16;0;3.41477425536e-05;2.1108533474e-05
0;8;17;0;5.13511004101e-05;3.29638423864e-05
0;9;0;0;1.12927145892e-05;6.75128876537e-06
0;9;1;0;1.42973849506e-05;1.23387189888e-05
0;9;2;0;2.93088251055e-05;2.50881803368e-05
0;9;3;0;2.39161818172e-05;1.86035631486e-05
0;9;4;0;1.36778198794e-05;7.58228543418e-06
0;9;5;0;1.70483563124e-05;1.51282465595e-05
0;9;6;0;2.75435559161e-05;2.46969029831e-05
0;9;7;0;2.42502428591e-05;1.7035903511e-05
0;9;8;0;1.5081127458e-05;8.30049702927e-06
0;9;9;0;1.45836338561e-05;1.26526838358e-05
0;9;10;0;2.58541986113e-05;1.76061330421e-05
0;9;11;0;2.79639243672e-05;1.90820646822e-05
0;9;12;0;2.27590662689e-05;1.58628390636e-05
0;9;13;0;3.08008675347e-05;2.30483765336e-05
0;9;14;0;1.54615900101e-05;8.515461559e-06
0;9;15;0;2.1310406737e-05;1.61215539265e-05
0;9;16;0;2.20811452891e-05;1.51553931573e-05
0;9;17;0;2.92467066174e-05;2.19310113607e-05
1;0;0;0;0.00101937935688;0.00101937935688
1;0;1;0;0.0023350333795;0.000229529323406
1;0;2;0;0.0024073831737;0.000505189993419
1;0;3;0;0.00152636237908;0.000316541292705
1;0;4;0;0.000682200188749;0.000347383145709
1;0;5;0;0.000744715274777;0.000246132258326
1;0;6;0;0.000718974566553;9.64500795817e-05
1;0;7;0;0.000757025089115;0.000153522734763
1;0;8;0;0.000339064601576;0.000199059344595
1;0;9;0;0.000254803453572;0.000178716320079
1;0;10;0;0.000345884589478;6.95673661539e-05
1;0;11;0;0.000356924138032;0.000171806954313
1;0;12;0;0.000522826856468;0.000137846785947
1;0;13;0;0.000268128002062;0.000233123297221
1;0;14;0;4.78425317851e-05;4.15954855271e-05
1;0;15;0;0.000137096954859;4.92637518619e-05
1;0;16;0;0.000122737590573;6.28635680187e-05
1;0;17;0;0.000118192059745;0.000103669124655
1;1;0;0;0.0062501099892;0.00195818324573
1;1;1;0;0.00883547309786;0.000730999279767
1;1;2;0;0.00892213173211;0.00170777190942
1;1;3;0;0.00792162213475;0.00109156710096
1;1;4;0;0.00513563258573;0.00177928840276
1;1;5;0;0.0056797307916;0.00229234131984
1;1;6;0;0.00551322102547;0.00149155443069
1;1;7;0;0.00569695886225;0.000564764952287
1;1;8;0;0.00344663020223;0.00289775920101
1;1;9;0;0.00318603869528;0.00288945366628
1;1;10;0;0.00463898805901;0.000348315516021
1;1;11;0;0.00447843968868;0.000843744142912
1;1;12;0;0.00508039817214;0.00121049664449
1;1;13;0;0.00401297211647;0.00120921479538
1;1;14;0;0.00220082723536;0.00140804238617
1;1;15;0;0.0040608625859;0.00151948316488
1;1;16;0;0.00377961108461;0.000520770554431
1;1;17;0;0.00239146617241;0.000562849629205
1;2;0;0;0.0196732617915;0.0112788733095
1;2;1;1;0.3;0.3
1;2;2;0;0.0141992690042;0.00495235808194
1;2;3;0;0.0131456386298;0.00163761316799
1;2;4;0;0.0131835760549;0.00250183255412
1;2;5;0;0.0132411308587;0.00176251749508
1;2;6;0;0.0140146268532;0.00209273630753
1;2;7;0;0.0152270905674;0.00181085581426
1;2;8;0;0.0384846329689;0.0060115903616
1;2;9;0;0.0128997722641;0.00320363231003
1;2;10;0;0.01363442;0.000478230591398
1;2;11;0;0.0226466469467;0.0073651811108
1;2;12;0;0.0131398374215;0.00181752839126
1;2;13;0;0.0101995291188;0.000764087657444
1;2;14;0;0.00866936240345;0.00113158929162
1;2;15;0;0.0106909284368;0.000556093815248
1;2;16;0;0.0106177059934;0.000627616711427
1;2;17;0;0.00915240682662;0.000861268024892
1;3;0;0;0.00292340060696;0.00249021174386
1;3;1;0;0.00745911616832;0.00745911616832
1;3;2;0;0.00489535881206;0.00478942226619
1;3;3;0;0.00280067929998;0.00278919539414
1;3;4;0;0.00254723895341;0.00249443622306
1;3;5;0;0.00550230732188;0.0053645898588
1;3;6;0;0.0040846336633;0.0040846336633
1;3;7;0;0.00371943321079;0.00320676900446
1;3;8;0;0.00654661329463;0.0059245810844
1;3;9;0;0.00445023505017;0.00445023505017
1;3;10;0;0.00468959007412;0.00224430696107
1;3;11;0;0.00534730451182;0.00534730451182
1;3;12;0;0.00361446663737;0.00315190292895
1;3;13;0;0.00731119280681;0.00346665433608
1;3;14;0;0.0129754478112;0.0056563578546
1;3;15;0;0.00419302703813;0.00419302703813
1;3;16;0;0.015358896926;0.0124922795221
1;3;17;0;0.00981281138957;0.00208309362642
1;4;0;0;0.0128980698064;0.00937479175627
1;4;1;0;0.0579311028123;0.0103264190257
1;4;2;0;0.0118400771171;0.0052698450163
1;4;3;0;0.00536883017048;0.00139215646777
1;4;4;0;0.00372396688908;0.00369035243057
1;4;5;0;0.0042751817964;0.00426605716348
1;4;6;0;0.00341178011149;0.0022859191522
1;4;7;0;0.00410539098084;0.00272959819995
1;4;8;0;0.00367053574882;0.00367053574882
1;4;9;0;0.00614172918722;0.00614172918722
1;4;10;0;0.00195187318604;0.00159061548766
1;4;11;0;0.00402746163309;0.00402344344184
1;4;12;0;0.00248132017441;0.00248132017441
1;4;13;0;0.0028644867707;0.0028644867707
1;4;14;0;0.00215280638076;0.00198944238946
1;4;15;0;0.00818923208863;0.00818923208863
1;4;16;0;0.00567100802436;0.00567100802436
1;4;17;0;0.00306785199791;0.00306785199791
1;5;0;0;0.00393319642171;0.00393146229908
1;5;1;0;0.00251386757009;0.000645319290925
1;5;2;0;0.00299916369841;0.00201051309705
1;5;3;0;0.00278600840829;0.00138927972876
1;5;4;0;0.00442178687081;0.00291703129187
1;5;5;0;0.00540826097131;0.00181127106771
1;5;6;0;0.00411794008687;0.00182316091377
1;5;7;0;0.00325042125769;0.0023009290453
1;5;8;0;0.0119556039572;0.00292072957382
1;5;9;0;0.00728985061869;0.00230906461366
1;5;10;0;0.00449619162828;0.00183437741362
1;5;11;0;0.00626651709899;0.00152100785635
1;5;12;0;0.00557987345383;0.00102873204742
1;5;13;0;0.00589136965573;0.000848033872899
1;5;14;0;0.00969996023923;0.0039910338819
1;5;15;0;0.0066898134537;0.00088759965729
1;5;16;0;0.00715197948739;0.00155195011757
1;5;17;0;0.00604053447023;0.00131848128513
1;6;0;0;0.00012917802087;9.11534298211e-05
1;6;1;0;0.000144658843055;8.79993021954e-05
1;6;2;0;0.000111482870125;7.23107586964e-05
1;6;3;0;9.90684638964e-05;7.5182193541e-05
1;6;4;0;0.000255038350588;0.000193943938939
1;6;5;0;0.000273399753496;0.000226980118896
1;6;6;0;0.000173080945387;4.2120260332e-05
1;6;7;0;0.000103644437331;3.89392589568e-05
1;6;8;0;0.00280515477061;0.00280513823964
1;6;9;0;0.00337157235481;0.00337157235481
1;6;10;0;0.000796742911916;0.000796742911916
1;6;11;0;0.000997925177217;0.00098731322214
1;6;12;0;0.000550574623048;0.000550573226064
1;6;13;0;0.00112044624984;0.00112044624984
1;6;14;0;0.00354895694181;0.00354749406688
1;6;15;0;0.00140161043964;0.00048032819177
1;6;16;0;0.00148539384827;0.000211511549423
1;6;17;0;0.00173911068123;0.00142016413156
1;7;0;0;6.58249409753e-05;5.24930255779e-05
1;7;1;0;7.55456276238e-05;6.1660342908e-05
1;7;2;0;5.78124599997e-05;3.68637593056e-05
1;7;3;0;6.71240704833e-05;4.27550039603e-05
1;7;4;0;7.49442478991e-05;5.72492936044e-05
1;7;5;0;6.59025245113e-05;5.33042984898e-05
1;7;6;0;6.33155723335e-05;3.60037702194e-05
1;7;7;0;6.79052100168e-05;3.8744048652e-05
1;7;8;0;0.000145762140164;0.000124356665765
1;7;9;0;7.33332271921e-05;4.35571200796e-05
1;7;10;0;7.87915050751e-05;4.42182208644e-05
1;7;11;0;7.87532189861e-05;4.78138717881e-05
1;7;12;0;6.24498716206e-05;1.4614972315e-05
1;7;13;0;9.39376259339e-05;5.63398207305e-05
1;7;14;0;0.000123925870867;0.00010167529399
1;7;15;0;8.3532249846e-05;5.72786630073e-05
1;7;16;0;7.78319226811e-05;4.72290084872e-05
1;7;17;0;9.45239808061e-05;6.31894436083e-05
1;8;0;0;3.09311835736e-05;2.24512368732e-05
1;8;1;0;3.62548271369e-05;2.79391351796e-05
1;8;2;0;4.32375709352e-05;3.30958464474e-05
1;8;3;0;5.1695817092e-05;3.57207609341e-05
1;8;4;0;4.80870803585e-05;4.38648130512e-05
1;8;5;0;5.05941170559e-05;4.01117104047e-05
1;8;6;0;3.7950976548e-05;2.62896865024e-05
1;8;7;0;4.24789977842e-05;2.72533743555e-05
1;8;8;0;7.07467770553e-05;5.87820359215e-05
1;8;9;0;2.85826481559e-05;2.0391520593e-05
1;8;10;0;5.50531331101e-05;3.23458625644e-05
1;8;11;0;5.61540255148e-05;3.41157137882e-05
1;8;12;0;5.00921887578e-05;2.99660750898e-05
1;8;13;0;6.86581988703e-05;4.70135455544e-05
1;8;14;0;5.75067351747e-05;4.50684201496e-05
1;8;15;0;5.17538646818e-05;3.32890704158e-05
1;8;16;0;5.41243971384e-05;3.03407559841e-05
1;8;17;0;6.8198532972e-05;4.32052984252e-05
1;9;0;0;2.00466220122e-05;1.33150660986e-05
1;9;1;0;1.7170834326e-05;1.5249862372e-05
1;9;2;0;3.23284439219e-05;3.06199799525e-05
1;9;3;0;2.70096279564e-05;1.23793524835e-05
1;9;4;0;2.21595928451e-05;1.52070279e-05
1;9;5;0;3.2200699934e-05;2.74942449323e-05
1;9;6;0;2.39137498284e-05;2.31218637055e-05
1;9;7;0;2.71567896561e-05;1.1950208318e-05
1;9;8;0;3.30443581333e-05;2.48410597123e-05
1;9;9;0;2.15840682358e-05;1.25172518892e-05
1;9;10;0;3.58395445801e-05;2.2935868401e-05
1;9;11;0;3.7318761315e-05;2.37666754401e-05
1;9;12;0;3.2352967537e-05;3.16163932439e-05
1;9;13;0;6.9576111855e-05;5.15966348758e-05
1;9;14;0;3.04569912259e-05;2.1864880182e-05
1;9;15;0;3.58075449185e-05;2.77465132967e-05
1;9;16;0;3.6871584598e-05;2.30202604143e-05
1;9;17;0;5.13622653671e-05;3.39844445989e-05
2;0;0;0;0.00245275883935;0.00244598742574
2;0;1;0;0.00275200139731;6.7454384407e-05
2;0;2;0;0.00264035910368;0.00016558302741
2;0;3;0;0.00162069580983;0.000356263684807
2;0;4;0;0.000773724168539;0.000558240688406
2;0;5;0;0.000834151229355;0.000412965455325
2;0;6;0;0.00108756159898;0.000218034096179
2;0;7;0;0.000962433987297;4.95125314046e-05
2;0;8;0;0.000265011622105;0.00014688342344
2;0;9;0;0.000243962873355;0.000224596762564
2;0;10;0;0.000282368127955;6.76779891364e-05
2;0;11;0;0.00028305046726;0.000198689333047
2;0;12;0;0.00054134108359;2.8940195989e-05
2;0;13;0;0.000115374932648;2.43280464929e-05
2;0;14;0;0.000167964055436;0.000146568942
2;0;15;0;0.000250523182331;0.00021741213277
2;0;16;0;0.000244343595114;0.000242289810558
2;0;17;0;3.44389627571e-05;5.49032529307e-06
2;1;0;0;0.00611587706953;0.00327500677668
2;1;1;0;0.00881716236472;0.00378241366707
2;1;2;0;0.0104161901399;0.00201332056895
2;1;3;0;0.00936200562865;0.00174645159859
2;1;4;0;0.00586182065308;0.00449591642246
2;1;5;0;0.00564806489274;0.00384376500733
2;1;6;0;0.00831490103155;0.00160972226877
2;1;7;0;0.00600916799158;0.00075534946518
2;1;8;0;0.00391376297921;0.00332932407036
2;1;9;0;0.00339681748301;0.00220735510811
2;1;10;0;0.00491154473275;0.00239636166953
2;1;11;0;0.00456900056452;0.00335885607637
2;1;12;0;0.00525627750903;0.000317536643706
2;1;13;0;0.00390283996239;0.000426843238529
2;1;14;0;0.0023298014421;0.00232682516798
2;1;15;0;0.00450565852225;0.00177585240453
2;1;16;0;0.00380964204669;0.000898297235835
2;1;17;0;0.00242564012296;0.000587035436183
2;2;0;0;0.0175663698465;0.00265280320309
2;2;1;1;0.3;0.3
2;2;2;0;0.016803720966;0.00634949468076
2;2;3;0;0.0121518857777;0.00168361398391
2;2;4;0;0.0140234278515;0.00252461456694
2;2;5;0;0.0150225013494;0.00399648677558
2;2;6;0;0.0144737688825;0.00314839184284
2;2;7;0;0.0150041328743;0.0014438375365
2;2;8;0;0.0386770032346;0.0041455947794
2;2;9;0;0.0316223949194;0.00391245167702
2;2;10;0;0.013269267045;0.000426154350862
2;2;11;0;0.0119795836508;0.000568776682485
2;2;12;0;0.014186010696;0.000603195803706
2;2;13;0;0.0108112031594;0.000476937682834
2;2;14;0;0.00866985227913;0.00160997232888
2;2;15;0;0.0113761471584;0.000640193815343
2;2;16;0;0.0112779410556;0.000661518308334
2;2;17;0;0.0101617509499;0.00113633286674
2;3;0;0;0.00590355647728;0.00590355647728
2;3;1;0;0.00967023707926;0.00967023707926
2;3;2;0;0.00645724637434;0.0059518138878
2;3;3;0;0.00293523888104;0.00281655415893
2;3;4;0;0.00358064938337;0.00358064938337
2;3;5;0;0.00626607378945;0.00626504002139
2;3;6;0;0.00537632685155;0.0052350978367
2;3;7;0;0.00270147132687;0.00165432132781
2;3;8;0;0.00863886065781;0.00836165994406
2;3;9;0;0.00721766753122;0.00712008401752
2;3;10;0;0.00410448946059;0.00226982403547
2;3;11;0;0.00799256004393;0.00789085030556
2;3;12;0;0.00377465388738;0.00161188421771
2;3;13;0;0.00720895826817;0.00151859445032
2;3;14;0;0.0123658115044;0.00482811639085
2;3;15;0;0.0104918098077;0.0104918098077
2;3;16;0;0.00914426706731;0.00914426706731
2;3;17;0;0.00897792540491;0.00147213332821
2;4;0;0;0.0245367214084;0.0199244972318
2;4;1;0;0.0320861674845;0.0120933996513
2;4;2;0;0.00616348162293;0.00271293986589
2;4;3;0;0.00430578552186;0.00115341995843
2;4;4;0;0.00288770464249;0.00288770464249
2;4;5;0;0.0035163750872;0.0035163750872
2;4;6;0;0.00283882324584;0.00254399026744
2;4;7;0;0.00288889254443;0.00183486903552
2;4;8;0;0.00546260038391;0.00546260038391
2;4;9;0;0.00476952269673;0.00476952269673
2;4;10;0;0.0019276876701;0.0015777888475
2;4;11;0;0.0060826279223;0.00607578316703
2;4;12;0;0.00260989787057;0.00260989787057
2;4;13;0;0.00246867188253;0.00246787327342
2;4;14;0;0.00469831703231;0.00469831703231
2;4;15;0;0.0084435082972;0.00843551941216
2;4;16;0;0.00746854161844;0.00745640182868
2;4;17;0;0.00244396319613;0.00244316738099
2;5;0;0;0.00408295355737;0.00408295355737
2;5;1;0;0.00232975254767;0.000777510926127
2;5;2;0;0.00241660675965;0.00132459052838
2;5;3;0;0.00229883403517;0.000873405428138
2;5;4;0;0.00543905422091;0.00210931384936
2;5;5;0;0.00464497832581;0.000976115348749
2;5;6;0;0.00380098912865;0.00174847943708
2;5;7;0;0.00307994429022;0.00108943402302
2;5;8;0;0.00956165511161;0.00317364768125
2;5;9;0;0.00633623776957;0.00208547478542
2;5;10;0;0.00417530117556;0.000749984232243
2;5;11;0;0.00451070349663;0.000771649822127
2;5;12;0;0.00380809488706;0.000738084374461
2;5;13;0;0.00437805848196;0.000984686193988
2;5;14;0;0.00724142417312;0.00131308170967
2;5;15;0;0.0054504792206;0.000730197818484
2;5;16;0;0.00544076692313;0.00081169483019
2;5;17;0;0.00481570186093;0.000687024963554
2;6;0;0;0.000125549238874;9.96345843305e-05
2;6;1;0;9.42473052419e-05;3.93389018427e-05
2;6;2;0;0.000284417299554;0.00022449925018
2;6;3;0;0.000202564537176;8.13993392512e-05
2;6;4;0;0.000258295272943;0.000246545503614
2;6;5;0;0.000305754685542;0.000279633328319
2;6;6;0;0.000235039420659;0.000159083283506
2;6;7;0;0.000215778971324;5.93566837779e-05
2;6;8;0;0.00282388203777;0.00282387738116
2;6;9;0;0.00357598159462;0.00357598089613
2;6;10;0;0.000716942653526;0.000716942653526
2;6;11;0;0.00114146713167;0.00114145537373
2;6;12;0;0.0004626098671;0.000333233794663
2;6;13;0;0.000995109323412;0.000755308079533
2;6;14;0;0.00294952746481;0.00294952746481
2;6;15;0;0.00113091210369;0.000441178737674
2;6;16;0;0.00127216265537;0.000307374866679
2;6;17;0;0.00166002230253;0.00103026349097
2;7;0;0;7.9511293734e-05;5.56870108994e-05
2;7;1;0;8.22619840619e-05;4.63509713882e-05
2;7;2;0;0.000134494635859;9.54841161729e-05
2;7;3;0;0.000123471021652;5.85908419453e-05
2;7;4;0;9.21262326301e-05;5.60146399948e-05
2;7;5;0;9.44460989558e-05;5.98482656642e-05
2;7;6;0;8.94904733286e-05;3.73274087906e-05
2;7;7;0;0.00012098467414;5.8434499806e-05
2;7;8;0;0.000144084158819;0.000130397165776
2;7;9;0;6.60160003463e-05;4.31968464909e-06
2;7;10;0;0.000125712438603;5.57351340831e-05
2;7;11;0;0.00014641621965;8.71252123034e-05
2;7;12;0;0.000117320771096;5.63101457374e-05
2;7;13;0;0.000137224196806;5.47607742192e-05
2;7;14;0;0.000132141067297;0.00010153905896
2;7;15;0;0.000114998234494;8.04312803666e-05
2;7;16;0;0.000113353773486;2.53589969361e-05
2;7;17;0;0.000159032962983;6.0760325141e-05
2;8;0;0;5.95063320361e-05;4.18624113081e-05
2;8;1;0;7.73330029915e-05;5.816774501e-05
2;8;2;0;0.000131528824568;8.55388279888e-05
2;8;3;0;0.000123896403238;6.13563097431e-05
2;8;4;0;6.41383958282e-05;4.33820678154e-05
2;8;5;0;7.92464998085e-05;5.40188011655e-05
2;8;6;0;6.48909262964e-05;3.30625043716e-05
2;8;7;0;0.000118657007988;5.92205906287e-05
2;8;8;0;8.22279253043e-05;6.80886005284e-05
2;8;9;0;7.58079841034e-05;4.10441425629e-05
2;8;10;0;0.000111197499791;5.80149935558e-05
2;8;11;0;0.000121110504551;6.9424015237e-05
2;8;12;0;0.000117990930448;5.81473977945e-05
2;8;13;0;0.000123629710288;5.95397686993e-05
2;8;14;0;8.00401321612e-05;6.27353292657e-05
2;8;15;0;0.000120014999993;8.71499651112e-05
2;8;16;0;0.000104487480712;4.62632451672e-05
2;8;17;0;0.000124023805256;5.93653421674e-05
2;9;0;0;2.52677164099e-05;7.91283582657e-06
2;9;1;0;0.000141142227221;0.000134731031721
2;9;2;0;0.000106312814751;8.96187048056e-05
2;9;3;0;0.0001035406749;5.23769485881e-05
2;9;4;0;0.00010941921937;0.00010941921937
2;9;5;0;0.000100617246062;9.41604521358e-05
2;9;6;0;0.00015699978394;0.000147520127939
2;9;7;0;0.000137547263876;7.2297785664e-05
2;9;8;0;0.000101112484117;9.23099869397e-05
2;9;9;0;8.56098049553e-05;8.56098049553e-05
2;9;10;0;0.000139492927701;9.87195089692e-05
2;9;11;0;0.000172207088326;0.000143363489769
2;9;12;0;0.000138481409522;7.41748590372e-05
2;9;13;0;0.000135195150506;6.83210600982e-05
2;9;14;0;5.8872919908e-05;4.19489842898e-05
2;9;15;0;4.91663704452e-05;2.3203143428e-05
2;9;16;0;8.00402558525e-05;5.01643880852e-05
2;9;17;0;0.000129072272102;6.40754078631e-05
