0;0;0;0;6.79311960994e-06;6.79311960994e-06
0;0;1;0;5.27904421688e-06;5.27904421688e-06
0;0;2;0;2.6730317586e-06;2.6730317586e-06
0;0;3;0;2.93643688565e-06;2.93643688565e-06
0;0;4;0;7.20258924503e-07;7.20253353848e-07
0;0;5;0;2.34282538258e-06;2.34282310885e-06
0;0;6;0;4.40977373728e-06;4.40977373728e-06
0;0;7;0;2.63650304078e-06;2.63650304078e-06
0;0;8;0;8.3567999809e-07;8.35678292788e-07
0;0;9;0;1.71654801306e-06;1.71649367076e-06
0;0;10;0;1.4397111272e-06;1.43964257404e-06
0;0;11;0;1.38441043873e-06;1.38440566388e-06
0;0;12;0;2.77562639894e-06;2.77562639894e-06
0;0;13;0;1.51598248976e-06;1.51598248976e-06
0;0;14;0;9.98372584604e-08;8.03896398338e-08
0;0;15;0;5.42845270957e-07;5.42837994999e-07
0;0;16;0;1.33894320697e-06;1.33894320697e-06
0;0;17;0;1.26073473439e-07;1.08004762467e-07
0;1;0;0;7.57022371545e-06;7.57022144171e-06
0;1;1;0;7.68574318499e-06;7.68574318499e-06
0;1;2;0;5.30720353709e-06;5.30707893631e-06
0;1;3;0;6.24792892268e-06;6.24786071057e-06
0;1;4;0;6.76511581332e-06;6.76504987496e-06
0;1;5;0;4.90276897835e-06;4.90276897835e-06
0;1;6;0;6.56268866805e-06;6.56264091958e-06
0;1;7;0;5.82223856327e-06;5.822199455e-06
0;1;8;0;5.67264351048e-06;5.67264351048e-06
0;1;9;0;5.57045905225e-06;5.56963641429e-06
0;1;10;0;3.83289852834e-06;3.83289852834e-06
0;1;11;0;3.19445553032e-06;3.19445553032e-06
0;1;12;0;6.48629384159e-06;6.48621244181e-06
0;1;13;0;1.56605165103e-06;1.56604596668e-06
0;1;14;0;5.35412937097e-06;5.35412937097e-06
0;1;15;0;3.78396453016e-06;3.78396453016e-06
0;1;16;0;3.58595048056e-06;3.58595048056e-06
0;1;17;0;3.18092111229e-06;3.18092111229e-06
0;2;0;0;1.90621030924e-05;1.89803195099e-05
0;2;1;0;4.61134841316e-05;2.87222428597e-05
0;2;2;0;4.08851883549e-05;3.33346652042e-05
0;2;3;0;4.5819022489e-05;4.06564322475e-05
0;2;4;0;1.83920456038e-05;1.83630454558e-05
0;2;5;0;1.61696352734e-05;1.61696261785e-05
0;2;6;0;1.80914685188e-05;1.80890456249e-05
0;2;7;0;1.12620637083e-05;1.12619763968e-05
0;2;8;0;1.68536989804e-05;1.68536989804e-05
0;2;9;0;1.50283894982e-05;1.5027815607e-05
0;2;10;0;8.03059811005e-06;8.01892929303e-06
0;2;11;0;7.07105164111e-06;7.07104072717e-06
0;2;12;0;9.02911233425e-06;9.01053044799e-06
0;2;13;0;6.77792559145e-06;6.77790967529e-06
0;2;14;0;7.48000684325e-06;7.47929425415e-06
0;2;15;0;9.13471194508e-06;9.12539962883e-06
0;2;16;0;8.50259766594e-06;8.50204469316e-06
0;2;17;0;6.73888689562e-06;6.73866907164e-06
0;3;0;0;2.51124529314e-05;2.211222818e-05
0;3;1;0;3.01343752653e-05;2.59427251876e-05
0;3;2;0;2.59993703366e-05;2.07996927202e-05
0;3;3;0;2.35287952819e-05;1.77296424226e-05
0;3;4;0;2.25264793698e-05;2.18977111217e-05
0;3;5;0;2.10284360946e-05;1.29106520035e-05
0;3;6;0;2.95530717267e-05;2.91962442134e-05
0;3;7;0;2.16841744987e-05;2.16828721022e-05
0;3;8;0;2.05010528589e-05;1.99842688744e-05
0;3;9;0;2.26859665418e-05;2.24069499382e-05
0;3;10;0;1.85514400073e-05;1.74476226675e-05
0;3;11;0;1.77992460522e-05;1.76890353032e-05
0;3;12;0;1.88623744179e-05;1.85859080375e-05
0;3;13;0;1.22801302496e-05;1.10998307719e-05
0;3;14;0;1.83670508704e-05;1.65255933098e-05
0;3;15;0;2.28268454521e-05;2.172429231e-05
0;3;16;0;1.69387931237e-05;1.55630332301e-05
0;3;17;0;1.50817495523e-05;1.2158260688e-05
0;4;0;0;0.000167535719811;2.26618558372e-05
0;4;1;0;0.000910397386178;0.000396726478357
0;4;2;0;0.000873251177836;0.000330986629706
0;4;3;0;0.000490175327286;0.00013239835971
0;4;4;0;7.41255862522e-05;2.28245735343e-05
0;4;5;0;0.00021513075626;9.31393224164e-05
0;4;6;0;0.000609120877925;0.00029679905856
0;4;7;0;0.000300435436657;0.000142686592881
0;4;8;0;4.80922608403e-05;2.24511259148e-05
0;4;9;0;6.70373774483e-05;6.19088459644e-05
0;4;10;0;0.000165468329214;3.35896256729e-05
0;4;11;0;0.000185660785064;1.9261640773e-05
0;4;12;0;0.00017990510969;0.000169915132574
0;4;13;0;3.58245742973e-05;2.43367157964e-05
0;4;14;0;2.67005652859e-05;2.18677450903e-05
0;4;15;0;4.60082883365e-05;4.42756645498e-05
0;4;16;0;3.94660855818e-05;3.94660855818e-05
0;4;17;0;2.42156875174e-05;1.90181672224e-05
0;5;0;0;5.35124286216e-07;1.52056514935e-07
0;5;1;0;5.96128586494e-07;5.95795881964e-07
0;5;2;0;5.03712783484e-07;5.03070680224e-07
0;5;3;0;4.77949129163e-07;3.34187262752e-07
0;5;4;0;3.64825223187e-06;7.08373704583e-07
0;5;5;0;3.1801246223e-06;3.18008801514e-06
0;5;6;0;2.58740783465e-06;2.58736804426e-06
0;5;7;0;2.945473625e-06;2.94538745038e-06
0;5;8;0;5.95845722273e-06;9.41814676025e-07
0;5;9;0;2.11657334148e-06;1.51416372773e-06
0;5;10;0;3.77183118871e-06;3.77170294996e-06
0;5;11;0;4.9270938689e-06;4.92702247357e-06
0;5;12;0;5.40437940799e-05;3.26308581862e-05
0;5;13;0;6.40124053461e-05;6.38126803096e-05
0;5;14;0;2.50793400483e-05;9.37321146921e-06
0;5;15;0;0.000101748351881;0.000101182115031
0;5;16;0;9.1987029009e-05;9.1986868938e-05
0;5;17;0;0.000219055189518;0.000219020614168
0;6;0;0;1.16419052176e-07;1.1628477381e-07
0;6;1;0;9.12959023935e-08;9.10452442326e-08
0;6;2;0;1.15962819791e-07;1.15846482629e-07
0;6;3;0;4.40231424648e-08;4.39870255775e-08
0;6;4;0;1.08565664902e-07;1.08110356223e-07
0;6;5;0;7.8703756401e-08;7.82021558621e-08
0;6;6;0;1.05547087514e-07;1.04974013482e-07
0;6;7;0;1.1975662062e-07;1.1975662062e-07
0;6;8;0;6.92248320888e-08;3.28069447164e-08
0;6;9;0;2.59718234474e-07;2.59718234474e-07
0;6;10;0;9.83970522839e-08;9.60550110563e-08
0;6;11;0;2.14519133124e-07;2.14283616629e-07
0;6;12;0;2.34155209e-07;2.34068352256e-07
0;6;13;0;7.93898990992e-08;7.62955281175e-08
0;6;14;0;1.68906765907e-07;1.34790681727e-07
0;6;15;0;2.3781734626e-07;2.37786352386e-07
0;6;16;0;2.83681060864e-07;2.83607448637e-07
0;6;17;0;3.29205477101e-07;3.29205306571e-07
0;7;0;0;2.66376076752e-07;2.6614642934e-07
0;7;1;0;1.50366005869e-07;1.50319849013e-07
0;7;2;0;6.5566091223e-08;6.55363976421e-08
0;7;3;0;1.25063948531e-07;1.24965751525e-07
0;7;4;0;2.69124456054e-07;2.69039901468e-07
0;7;5;0;3.91235310815e-08;3.91069185923e-08
0;7;6;0;2.70249984169e-07;2.70212353826e-07
0;7;7;0;4.66193483817e-08;4.66172984659e-08
0;7;8;0;1.20432744666e-07;1.20426179251e-07
0;7;9;0;1.48868224414e-07;1.4886249744e-07
0;7;10;0;1.47166133502e-07;1.47160761799e-07
0;7;11;0;1.26900417285e-07;1.26886106955e-07
0;7;12;0;4.3190553356e-08;4.31830571301e-08
0;7;13;0;2.6659185437e-07;2.6641694717e-07
0;7;14;0;2.59690921212e-07;2.59614921561e-07
0;7;15;0;2.66661714932e-07;2.66446306796e-07
0;7;16;0;2.6931925845e-07;2.68953982641e-07
0;7;17;0;2.63423316937e-07;2.63263189026e-07
0;8;0;0;7.56615605724e-08;7.5635867347e-08
0;8;1;0;9.69955209484e-08;9.69945048723e-08
0;8;2;0;2.93972590271e-07;2.93972306054e-07
0;8;3;0;5.00313603879e-08;5.0031260912e-08
0;8;4;0;1.314654412e-07;1.31438184781e-07
0;8;5;0;1.2540954053e-08;1.25168169163e-08
0;8;6;0;2.57085996935e-08;2.56634109519e-08
0;8;7;0;1.31909445145e-07;1.31877072818e-07
0;8;8;0;4.52841533161e-08;4.5251098868e-08
0;8;9;0;1.34362011295e-07;1.34348880465e-07
0;8;10;0;6.9026150129e-08;6.89167265477e-08
0;8;11;0;4.8692918142e-08;4.86364903907e-08
0;8;12;0;5.2660979577e-08;5.26000398793e-08
0;8;13;0;1.27218982016e-07;1.27197864686e-07
0;8;14;0;4.91492500032e-08;4.90377551898e-08
0;8;15;0;1.47039955323e-07;1.47039941112e-07
0;8;16;0;4.37556053612e-07;4.37539512177e-07
0;8;17;0;3.15867438871e-08;3.15607273649e-08
0;9;0;0;7.83458773412e-08;7.83456783893e-08
0;9;1;0;8.79112576513e-07;8.79063918546e-07
0;9;2;0;7.98748871489e-08;7.9845527523e-08
0;9;3;0;5.49065539701e-08;5.48571108538e-08
0;9;4;0;7.12356538202e-08;7.12353553922e-08
0;9;5;0;2.95577109455e-07;2.95577081033e-07
0;9;6;0;1.07009491046e-07;1.07009256567e-07
0;9;7;0;2.9130453072e-07;2.91296515798e-07
0;9;8;0;1.47437376086e-07;1.47437376086e-07
0;9;9;0;2.91978153655e-07;2.91978096811e-07
0;9;10;0;1.17707209313e-07;1.17683761403e-07
0;9;11;0;1.45597638834e-07;1.45591684486e-07
0;9;12;0;4.84906443887e-08;4.84327529193e-08
0;9;13;0;9.05802011175e-08;9.05801940121e-08
0;9;14;0;1.09718889973e-07;1.09704764384e-07
0;9;15;0;1.13443149985e-07;1.13442716554e-07
0;9;16;0;1.44575849959e-07;1.44480125641e-07
0;9;17;0;1.47650126792e-07;1.4764992784e-07
1;0;0;0;3.18579986924e-06;3.18579986924e-06
1;0;1;0;1.95668485503e-06;1.95668212655e-06
1;0;2;0;1.7446000129e-06;1.74458227775e-06
1;0;3;0;2.01889520213e-06;2.01889247364e-06
1;0;4;0;2.47027310252e-06;2.4702715109e-06
1;0;5;0;1.22760991417e-06;1.22760968679e-06
1;0;6;0;1.34458673529e-06;1.34458639423e-06
1;0;7;0;1.78563027475e-06;1.78562754627e-06
1;0;8;0;1.36091625791e-06;1.36091625791e-06
1;0;9;0;1.0520560636e-06;1.0520560636e-06
1;0;10;0;7.70110943904e-07;7.70107021708e-07
1;0;11;0;7.13790313966e-07;7.13790257123e-07
1;0;12;0;1.9483268261e-06;1.94832318812e-06
1;0;13;0;1.19839808121e-06;1.19839728541e-06
1;0;14;0;1.15707102566e-07;8.51854267125e-08
1;0;15;0;1.01465479929e-06;1.01465195712e-06
1;0;16;0;7.78811340751e-07;7.78810886004e-07
1;0;17;0;1.27078095602e-07;1.12209541214e-07
1;1;0;0;6.29042415312e-06;6.29040869171e-06
1;1;1;0;5.95216170041e-06;5.95209894527e-06
1;1;2;0;4.65009634354e-06;4.65007542516e-06
1;1;3;0;5.04675608681e-06;5.0467242545e-06
1;1;4;0;5.77026639803e-06;5.77026276005e-06
1;1;5;0;4.08817595599e-06;4.08817186326e-06
1;1;6;0;4.19610159952e-06;4.19564730691e-06
1;1;7;0;4.6981945161e-06;4.69816950499e-06
1;1;8;0;2.93866014545e-06;2.9386587812e-06
1;1;9;0;4.46158264822e-06;4.46157491751e-06
1;1;10;0;2.8416322948e-06;2.84090901914e-06
1;1;11;0;2.15179761653e-06;2.15176191887e-06
1;1;12;0;4.94660571349e-06;4.94633513881e-06
1;1;13;0;1.0204296359e-06;1.02041849459e-06
1;1;14;0;3.20167964674e-06;3.20167669088e-06
1;1;15;0;2.79357095678e-06;2.79356436295e-06
1;1;16;0;2.60478805103e-06;2.60474052993e-06
1;1;17;0;2.25163694267e-06;2.25163353207e-06
1;2;0;0;1.09164884634e-05;1.0597698747e-05
1;2;1;0;2.86553622573e-05;1.73125717993e-05
1;2;2;0;2.39643650275e-05;1.96840774151e-05
1;2;3;0;3.14772478305e-05;2.85707410512e-05
1;2;4;0;1.00861634564e-05;1.00042425402e-05
1;2;5;0;1.07444266177e-05;1.07444257083e-05
1;2;6;0;1.14341710287e-05;1.14341701192e-05
1;2;7;0;8.90123101271e-06;8.86932775757e-06
1;2;8;0;7.65701315686e-06;7.65686763771e-06
1;2;9;0;9.85203496384e-06;9.85202768788e-06
1;2;10;0;6.71018824505e-06;6.70661938784e-06
1;2;11;0;6.04747538091e-06;6.04745036981e-06
1;2;12;0;7.51732795834e-06;7.48020784158e-06
1;2;13;0;5.59070576855e-06;5.59069530937e-06
1;2;14;0;6.26414657745e-06;6.26412429483e-06
1;2;15;0;6.15568023932e-06;6.15556837147e-06
1;2;16;0;6.07765286986e-06;6.077629223e-06
1;2;17;0;5.40711607755e-06;5.40710061614e-06
1;3;0;0;2.17716533371e-05;1.93266478163e-05
1;3;1;0;2.82677228824e-05;2.39291093749e-05
1;3;2;0;2.45677256316e-05;1.81187115231e-05
1;3;3;0;2.15456966544e-05;1.51341964738e-05
1;3;4;0;2.08928395296e-05;2.08924811886e-05
1;3;5;0;1.5623143554e-05;1.15813481898e-05
1;3;6;0;2.28609897022e-05;2.03972194868e-05
1;3;7;0;2.13374296436e-05;2.06048207474e-05
1;3;8;0;9.93667345028e-06;9.26685606828e-06
1;3;9;0;2.07401662919e-05;2.07398461498e-05
1;3;10;0;1.54293593368e-05;1.40006695801e-05
1;3;11;0;1.39504409162e-05;1.38090454129e-05
1;3;12;0;1.6708720068e-05;1.65625551745e-05
1;3;13;0;1.00353099697e-05;9.14885185921e-06
1;3;14;0;1.02992980828e-05;9.0955700216e-06
1;3;15;0;1.9345758119e-05;1.85571716429e-05
1;3;16;0;1.42891331052e-05;1.33679077408e-05
1;3;17;0;1.06823144961e-05;8.66976461111e-06
1;4;0;0;0.000417989474954;0.000238079504925
1;4;1;0;0.000545856717508;0.000454456836451
1;4;2;0;0.000524741073605;0.000357991608325
1;4;3;0;0.000236608917476;0.000105898630864
1;4;4;0;0.000257734034676;0.000115327253297
1;4;5;0;0.00042648674571;0.00010401920008
1;4;6;0;0.000525405805092;9.59916360443e-05
1;4;7;0;0.00016646446602;8.2595855929e-05
1;4;8;0;3.1350813515e-05;2.87749444396e-05
1;4;9;0;7.31021282263e-05;7.14457783033e-05
1;4;10;0;8.78297360032e-05;2.28910939768e-05
1;4;11;0;8.44221576699e-05;2.32863603742e-05
1;4;12;0;0.000146895516082;0.000146895516082
1;4;13;0;3.21544139297e-05;2.7846037483e-05
1;4;14;0;2.68651929218e-05;2.24190935114e-05
1;4;15;0;4.48678219982e-05;4.17236806243e-05
1;4;16;0;3.18332131428e-05;2.86509748548e-05
1;4;17;0;2.3462347599e-05;1.72351792571e-05
1;5;0;0;1.85423346011e-06;1.38302050345e-06
1;5;1;0;8.66210996264e-07;8.65082029122e-07
1;5;2;0;8.23563595986e-07;5.99009695179e-07
1;5;3;0;3.80396585342e-07;3.76407740532e-07
1;5;4;0;3.0068335036e-05;3.00532774418e-05
1;5;5;0;3.36272660206e-06;3.35011895913e-06
1;5;6;0;1.85978865375e-06;1.85956162113e-06
1;5;7;0;6.19797765467e-06;5.78604340262e-06
1;5;8;0;8.58177663758e-05;8.55936814332e-05
1;5;9;0;1.5017341866e-05;1.50172672875e-05
1;5;10;0;5.70540896661e-06;5.70529527977e-06
1;5;11;0;6.15648332314e-06;6.15638873569e-06
1;5;12;0;8.48465715535e-05;7.73874126025e-05
1;5;13;0;5.02801776747e-05;1.40541478686e-05
1;5;14;0;0.000213086619624;0.00020604407473
1;5;15;0;2.50918074016e-05;2.48744745477e-05
1;5;16;0;9.84478319879e-05;9.84476791928e-05
1;5;17;0;9.41763573792e-05;4.38088172814e-05
1;6;0;0;1.18621649392e-07;1.182165974e-07
1;6;1;0;9.78408394303e-08;9.73323679432e-08
1;6;2;0;1.15415332402e-07;1.15305191173e-07
1;6;3;0;4.98991354903e-08;4.98058696508e-08
1;6;4;0;2.11736406186e-07;2.11736377764e-07
1;6;5;0;7.54588569407e-08;7.40383541142e-08
1;6;6;0;3.19401110005e-08;3.1901354447e-08
1;6;7;0;1.17177066272e-07;1.1709938974e-07
1;6;8;0;3.57946277063e-07;3.57616585234e-07
1;6;9;0;2.62517090732e-07;2.61858787098e-07
1;6;10;0;9.11505395607e-08;9.11505395607e-08
1;6;11;0;7.45655484025e-08;7.43839478901e-08
1;6;12;0;1.1423298929e-07;1.14102022053e-07
1;6;13;0;5.69999087929e-08;5.69757219182e-08
1;6;14;0;2.50914382605e-07;2.5086924893e-07
1;6;15;0;3.10825981842e-07;3.10812623638e-07
1;6;16;0;2.27962587473e-07;2.27937874797e-07
1;6;17;0;1.16232726555e-07;1.15522404087e-07
1;7;0;0;2.67702290557e-07;2.67537387799e-07
1;7;1;0;1.49555972939e-07;1.49523870618e-07
1;7;2;0;6.54294964875e-08;6.54238405673e-08
1;7;3;0;1.24754322428e-07;1.24719676364e-07
1;7;4;0;2.69437521183e-07;2.69392444352e-07
1;7;5;0;3.77722493283e-08;3.77618611935e-08
1;7;6;0;1.44474512354e-07;1.44471314911e-07
1;7;7;0;4.84015636459e-08;4.83906426041e-08
1;7;8;0;1.21832513855e-07;1.21761118521e-07
1;7;9;0;1.46852883631e-07;1.46796807599e-07
1;7;10;0;1.37018361102e-07;1.3696944734e-07
1;7;11;0;1.2550653139e-07;1.25505621895e-07
1;7;12;0;4.25728003961e-08;4.25667678883e-08
1;7;13;0;2.6654797125e-07;2.66444772024e-07
1;7;14;0;2.59517577206e-07;2.59053166474e-07
1;7;15;0;2.67232536544e-07;2.66915549219e-07
1;7;16;0;2.69197443004e-07;2.68882899945e-07
1;7;17;0;2.63493575403e-07;2.63449265958e-07
1;8;0;0;9.74508367335e-08;9.74390772512e-08
1;8;1;0;1.00879205434e-07;1.00864369301e-07
1;8;2;0;2.94285172231e-07;2.94281448987e-07
1;8;3;0;4.94064629208e-08;4.94057630362e-08
1;8;4;0;1.3161307777e-07;1.31604423359e-07
1;8;5;0;1.56487818259e-08;1.5636018702e-08
1;8;6;0;4.61144189501e-08;4.61127172002e-08
1;8;7;0;5.29436547936e-08;5.29413561878e-08
1;8;8;0;4.85167213071e-08;4.85077649159e-08
1;8;9;0;1.34768882276e-07;1.3475731464e-07
1;8;10;0;6.73111770766e-08;6.72649633771e-08
1;8;11;0;4.78068749032e-08;4.77860488957e-08
1;8;12;0;5.08105451047e-08;5.07799597926e-08
1;8;13;0;1.27189267118e-07;1.27168831909e-07
1;8;14;0;5.4634519131e-08;5.46007505875e-08
1;8;15;0;1.41860638792e-07;1.41849909596e-07
1;8;16;0;4.37293238065e-07;4.3724477905e-07
1;8;17;0;3.17878736666e-08;3.17527799609e-08
1;9;0;0;9.24139840208e-08;9.24007181879e-08
1;9;1;0;9.20064337606e-07;9.20044669783e-07
1;9;2;0;7.40088736961e-08;7.39944496786e-08
1;9;3;0;6.27565981404e-08;6.27011331744e-08
1;9;4;0;7.51759827722e-08;7.51685362843e-08
1;9;5;0;2.95457994071e-07;2.95457056154e-07
1;9;6;0;1.22405205971e-08;1.22357040055e-08
1;9;7;0;2.91302058031e-07;2.91299016908e-07
1;9;8;0;1.51021822603e-07;1.51020245198e-07
1;9;9;0;2.92743152386e-07;2.92743152386e-07
1;9;10;0;1.23043420786e-07;1.23042127598e-07
1;9;11;0;1.46077113072e-07;1.46071371887e-07
1;9;12;0;4.56002915428e-08;4.55891502327e-08
1;9;13;0;9.02549999182e-08;9.02547938608e-08
1;9;14;0;1.66575105709e-07;1.66574068317e-07
1;9;15;0;1.07432327923e-07;1.07402570393e-07
1;9;16;0;1.44537096958e-07;1.44531455248e-07
1;9;17;0;1.48415608692e-07;1.48415352896e-07
2;0;0;0;2.23588085646e-06;2.23587926484e-06
2;0;1;0;1.45113244798e-06;1.45112835526e-06
2;0;2;0;1.76211437974e-06;1.76210562586e-06
2;0;3;0;2.52056497629e-06;2.52056497629e-06
2;0;4;0;1.61971377111e-06;1.61971229318e-06
2;0;5;0;1.53754820076e-06;1.53754740495e-06
2;0;6;0;1.91587673726e-06;1.91587218978e-06
2;0;7;0;2.20216543312e-06;2.20215542868e-06
2;0;8;0;9.49718469201e-07;9.49718298671e-07
2;0;9;0;1.30693445044e-06;1.30628052375e-06
2;0;10;0;8.04160038115e-07;8.0414582726e-07
2;0;11;0;7.74888349042e-07;7.74884370003e-07
2;0;12;0;2.15392901737e-06;2.15379304791e-06
2;0;13;0;1.795543767e-06;1.79537096301e-06
2;0;14;0;1.15869340789e-07;9.15447344596e-08
2;0;15;0;7.84963219758e-07;7.84951055266e-07
2;0;16;0;7.34190678031e-07;7.34188290608e-07
2;0;17;0;1.09606126841e-07;8.62419895498e-08
2;1;0;0;4.41174279331e-06;4.41172778665e-06
2;1;1;0;3.6323428958e-06;3.63206140719e-06
2;1;2;0;3.55430665877e-06;3.55369479621e-06
2;1;3;0;4.40910434918e-06;4.40910343968e-06
2;1;4;0;4.19282332587e-06;4.19281968789e-06
2;1;5;0;2.95831523545e-06;2.95831455333e-06
2;1;6;0;4.00798671762e-06;4.00797580369e-06
2;1;7;0;4.01331908506e-06;4.01331726607e-06
2;1;8;0;2.09980248655e-06;2.09980044019e-06
2;1;9;0;3.31883256877e-06;3.31882961291e-06
2;1;10;0;2.88852220365e-06;2.88840442408e-06
2;1;11;0;2.27969781008e-06;2.27953341891e-06
2;1;12;0;3.80060509997e-06;3.79971652364e-06
2;1;13;0;2.97822930406e-06;2.97822225548e-06
2;1;14;0;2.22810331252e-06;2.2281026304e-06
2;1;15;0;2.40972781285e-06;2.40972462962e-06
2;1;16;0;2.51561505138e-06;2.51560823017e-06
2;1;17;0;2.75717707154e-06;2.75717638942e-06
2;2;0;0;9.28893405217e-06;9.08020774659e-06
2;2;1;0;1.31255301312e-05;1.29444224513e-05
2;2;2;0;8.94440290722e-06;7.53106132834e-06
2;2;3;0;7.16857630323e-06;6.50656602375e-06
2;2;4;0;8.60600539454e-06;8.55243979458e-06
2;2;5;0;7.44780345485e-06;7.44777980799e-06
2;2;6;0;7.95784944785e-06;7.95613868831e-06
2;2;7;0;6.20921309746e-06;6.19014008407e-06
2;2;8;0;6.28592670182e-06;6.28574252914e-06
2;2;9;0;7.79247784521e-06;7.79247147875e-06
2;2;10;0;4.97048358739e-06;4.96933716931e-06
2;2;11;0;4.29248575529e-06;4.29248484579e-06
2;2;12;0;5.94325774728e-06;5.9191784203e-06
2;2;13;0;4.90177671963e-06;4.90177671963e-06
2;2;14;0;4.46662488685e-06;4.4666235226e-06
2;2;15;0;4.97923201692e-06;4.97919108966e-06
2;2;16;0;4.75694969282e-06;4.75693786939e-06
2;2;17;0;4.79283107779e-06;4.79275377074e-06
2;3;0;0;1.83581905731e-05;1.53627024702e-05
2;3;1;0;3.6704721424e-05;3.34598516929e-05
2;3;2;0;1.67132020579e-05;8.83980010258e-06
2;3;3;0;1.5555677237e-05;8.06889329397e-06
2;3;4;0;1.64445118571e-05;1.64433477039e-05
2;3;5;0;1.68845617736e-05;6.13474367128e-06
2;3;6;0;2.28027947742e-05;2.23559763981e-05
2;3;7;0;1.25420619952e-05;9.26296706893e-06
2;3;8;0;8.95956509339e-06;8.69643736223e-06
2;3;9;0;1.34135880216e-05;1.32871527967e-05
2;3;10;0;9.09107802727e-06;7.42826341593e-06
2;3;11;0;6.04696742812e-06;6.04696651862e-06
2;3;12;0;8.08054664958e-06;7.89142632129e-06
2;3;13;0;6.33307672615e-06;5.41924100617e-06
2;3;14;0;8.82788026502e-06;7.70725910115e-06
2;3;15;0;1.41154641824e-05;1.34800875458e-05
2;3;16;0;9.163822142e-06;8.51801178214e-06
2;3;17;0;6.2200983848e-06;4.90217507831e-06
2;4;0;0;0.000350667833118;0.000125913356896
2;4;1;0;0.0030067556072;0.000875072088093
2;4;2;0;0.000484138901811;0.000113903544843
2;4;3;0;0.000124441081425;5.5637387959e-06
2;4;4;0;0.000103167622001;8.77724887687e-05
2;4;5;0;0.000210218684515;9.71564659267e-05
2;4;6;0;0.000156183159561;5.31302321178e-05
2;4;7;0;5.98062761128e-05;8.86490488483e-06
2;4;8;0;3.00717856589e-05;2.70447653747e-05
2;4;9;0;7.97260945546e-05;7.6808843005e-05
2;4;10;0;1.77263591468e-05;1.65199708135e-05
2;4;11;0;1.14547019621e-05;7.16642034604e-06
2;4;12;0;2.79552623397e-05;9.00075701793e-06
2;4;13;0;1.46684242281e-05;8.74174111232e-06
2;4;14;0;2.21189184231e-05;1.69494505826e-05
2;4;15;0;3.93092996092e-05;3.65798623534e-05
2;4;16;0;1.84328328032e-05;1.3946267245e-05
2;4;17;0;1.61359657795e-05;8.27257827041e-06
2;5;0;0;2.97879478239e-06;1.78598884304e-06
2;5;1;0;1.02550166048e-06;1.01622219972e-06
2;5;2;0;3.8168926153e-07;3.81052615239e-07
2;5;3;0;9.87091013371e-08;6.26269098802e-08
2;5;4;0;4.39241412096e-05;4.24506470154e-05
2;5;5;0;2.46443596552e-06;2.28182466344e-06
2;5;6;0;7.32624357624e-07;7.32414662252e-07
2;5;7;0;6.11508653492e-07;4.12400822825e-07
2;5;8;0;6.03701264481e-05;6.03701155342e-05
2;5;9;0;1.75014174602e-05;1.75014174602e-05
2;5;10;0;1.44222235576e-06;1.44222235576e-06
2;5;11;0;6.02751742917e-06;5.94116409047e-06
2;5;12;0;3.03772094412e-06;1.38025779961e-06
2;5;13;0;1.37416591315e-05;2.17545129999e-06
2;5;14;0;4.71266612294e-05;4.07767693105e-05
2;5;15;0;4.50481966254e-05;4.36246664322e-05
2;5;16;0;5.01800968777e-05;5.01797694596e-05
2;5;17;0;2.30370187637e-05;3.78286745217e-06
2;6;0;0;1.1634046615e-07;1.16117021776e-07
2;6;1;0;9.91272628426e-08;9.90797559552e-08
2;6;2;0;1.17496483654e-07;1.17345024364e-07
2;6;3;0;4.44506227382e-08;4.44175043413e-08
2;6;4;0;1.1021081292e-07;1.10208070225e-07
2;6;5;0;7.69886057128e-08;7.6980228414e-08
2;6;6;0;1.0531881145e-07;1.04953684854e-07
2;6;7;0;8.55928234955e-08;8.43169516429e-08
2;6;8;0;2.83279426583e-08;2.23610214789e-08
2;6;9;0;2.58249230001e-07;2.58172178746e-07
2;6;10;0;8.2573556881e-08;8.24338641792e-08
2;6;11;0;6.78869085391e-08;6.68584547725e-08
2;6;12;0;1.10629770234e-07;1.10553756372e-07
2;6;13;0;5.30812016564e-08;5.30768922147e-08
2;6;14;0;5.18573017416e-07;5.1794444289e-07
2;6;15;0;1.40881141419e-07;1.4086651845e-07
2;6;16;0;1.26035843095e-07;1.25532608308e-07
2;6;17;0;1.02765177701e-07;9.92918174347e-08
2;7;0;0;2.67405454224e-07;2.6722682378e-07
2;7;1;0;1.49698607288e-07;1.49676623096e-07
2;7;2;0;6.61577814753e-08;6.61541079694e-08
2;7;3;0;1.2773065805e-07;1.27717257214e-07
2;7;4;0;2.69400118214e-07;2.69349555992e-07
2;7;5;0;3.71204187388e-08;3.71051456227e-08
2;7;6;0;2.70415966952e-07;2.7039016004e-07
2;7;7;0;4.29721787043e-08;4.29588986606e-08
2;7;8;0;1.216902632e-07;1.21663859431e-07
2;7;9;0;1.46473865925e-07;1.46384451227e-07
2;7;10;0;1.38579167697e-07;1.38569447472e-07
2;7;11;0;1.2389992321e-07;1.23894693616e-07
2;7;12;0;4.06483806614e-08;4.06414137899e-08
2;7;13;0;2.67462553438e-07;2.67344461236e-07
2;7;14;0;2.59198372987e-07;2.59106457179e-07
2;7;15;0;2.67094122819e-07;2.66929191639e-07
2;7;16;0;2.69223875193e-07;2.69005539622e-07
2;7;17;0;2.6346592108e-07;2.63263899569e-07
2;8;0;0;8.94859724099e-08;8.94726710499e-08
2;8;1;0;9.67981108602e-08;9.67919078221e-08
2;8;2;0;2.94540825507e-07;2.94520390298e-07
2;8;3;0;4.89659583991e-08;4.89644094159e-08
2;8;4;0;1.31958600491e-07;1.3193580628e-07
2;8;5;0;1.54951038667e-08;1.54808379449e-08
2;8;6;0;2.59276546899e-08;2.5898543754e-08
2;8;7;0;3.90575785048e-08;3.90505903169e-08
2;8;8;0;4.54440503006e-08;4.54291502194e-08
2;8;9;0;1.34420716336e-07;1.34411905606e-07
2;8;10;0;6.67107826757e-08;6.66999824261e-08
2;8;11;0;4.89093565648e-08;4.88752505134e-08
2;8;12;0;5.65794344709e-08;5.65776616668e-08
2;8;13;0;1.27213411361e-07;1.2717066511e-07
2;8;14;0;5.50671650501e-08;5.4983175346e-08
2;8;15;0;1.41955979416e-07;1.41946657095e-07
2;8;16;0;4.37689010369e-07;4.37681705989e-07
2;8;17;0;3.24539186636e-08;3.24367483984e-08
2;9;0;0;8.95165257475e-08;8.95147636015e-08
2;9;1;0;9.1207823516e-07;9.12073062409e-07
2;9;2;0;7.08452674303e-08;7.08100600377e-08
2;9;3;0;5.5159123491e-08;5.51501564416e-08
2;9;4;0;7.46626653836e-08;7.46615782532e-08
2;9;5;0;2.95430737651e-07;2.95430567121e-07
2;9;6;0;1.05935555439e-07;1.05934752526e-07
2;9;7;0;2.90363004751e-07;2.90352602406e-07
2;9;8;0;1.50321113779e-07;1.50321085357e-07
2;9;9;0;2.92882333497e-07;2.92882333497e-07
2;9;10;0;1.30861693037e-07;1.30798341047e-07
2;9;11;0;1.48091785945e-07;1.48088801666e-07
2;9;12;0;2.18134204033e-08;2.17899085442e-08
2;9;13;0;7.29985387693e-08;7.29789917386e-08
2;9;14;0;1.65167946875e-07;1.65161978316e-07
2;9;15;0;1.1111586673e-07;1.11058163554e-07
2;9;16;0;1.45615970837e-07;1.45598107792e-07
2;9;17;0;1.29861177811e-07;1.29835484586e-07
