0;0;0;0;0.000832645804621;0.000776983331889
0;0;1;0;0.00116600084584;0.000228627191973
0;0;2;0;0.00118863838725;0.000135487294756
0;0;3;0;0.0009916232666;0.000112619170977
0;0;4;0;0.000453438726254;0.000178437199793
0;0;5;0;0.000579114479478;4.03623344027e-05
0;0;6;0;0.000591071206145;6.20372811682e-05
0;0;7;0;0.000594771583565;8.57953782543e-05
0;0;8;0;0.00031349476194;6.00423045398e-05
0;0;9;0;0.000262016314082;5.43902788195e-05
0;0;10;0;0.000366438704077;4.3742453272e-05
0;0;11;0;0.00034908100497;1.67357629834e-05
0;0;12;0;0.000430135609349;5.34759892616e-05
0;0;13;0;0.000170180312125;4.02335281251e-05
0;0;14;0;7.5403972005e-05;2.46171339313e-06
0;0;15;0;0.000198703884962;2.80810627373e-06
0;0;16;0;0.000198732552235;1.51979229486e-05
0;0;17;0;2.71464741672e-05;2.26485681196e-05
0;1;0;0;0.00151665182784;0.000105957282358
0;1;1;1;0.3;0.3
0;1;2;0;0.00121345452499;0.000476225541206
0;1;3;0;0.00154700875282;0.0010135268094
0;1;4;0;0.00155953364447;0.000102793543192
0;1;5;0;0.00174480106216;0.000308791961288
0;1;6;0;0.00167928042356;0.000317844271194
0;1;7;0;0.00169601489324;0.000485820230097
0;1;8;0;0.00149117968976;0.000104570739495
0;1;9;0;0.00148916989565;0.000402669917094
0;1;10;0;0.00160360289738;0.000251390738413
0;1;11;0;0.00158442521933;0.000211102349567
0;1;12;0;0.00163774413522;0.000207072604098
0;1;13;0;0.00149456190411;7.68599420553e-05
0;1;14;0;0.0011753361905;0.000133575871587
0;1;15;0;0.00145919760689;0.00028577685589
0;1;16;0;0.00145449500997;0.000262312038103
0;1;17;0;0.00124068290461;1.66148383869e-05
0;2;0;0;0.000278071383946;0.000108682026621
0;2;1;0;0.000258509186096;0.000256545579759
0;2;2;0;0.000512703496497;0.000512703496497
0;2;3;0;0.00039478513645;0.00039478513645
0;2;4;0;0.000441926356871;0.000115669892693
0;2;5;0;0.000461184099549;0.000461184099549
0;2;6;0;0.000205611358979;0.000201233749976
0;2;7;0;0.000531102297828;0.000531102297828
0;2;8;0;0.000592827156652;0.000116179115139
0;2;9;0;0.00142935407348;0.00142935407348
0;2;10;0;0.000495131826028;0.000495131826028
0;2;11;0;0.000624517386314;2.96687303489e-05
0;2;12;0;0.000452300271718;0.000391684356146
0;2;13;0;0.00100325071253;0.000277363869827
0;2;14;0;0.0010871887207;0.000106346538814
0;2;15;0;0.000956652453169;0.000956652453169
0;2;16;0;0.000805899035186;0.000754008884542
0;2;17;0;0.00127899227664;0.000255094579188
0;3;0;0;0.00322738499381;0.000111718552944
0;3;1;0;0.00520413648337;0.00154141441453
0;3;2;0;0.00557142077014;0.00212043407373
0;3;3;0;0.00523062050343;0.000613915733993
0;3;4;0;0.00179875199683;0.000111677007226
0;3;5;0;0.00256382557563;0.00100550497882
0;3;6;0;0.00293611944653;0.000706352118868
0;3;7;0;0.00299329101108;0.000695757160429
0;3;8;0;0.00123409274966;0.000110555825813
0;3;9;0;0.00110373192001;0.00110373192001
0;3;10;0;0.000957815907896;0.000432165135862
0;3;11;0;0.0011868069414;0.000386045488995
0;3;12;0;0.00224759592675;0.000672081310768
0;3;13;0;0.00086521380581;0.000626059481874
0;3;14;0;0.000265676120762;0.000110465742182
0;3;15;0;0.000493935716804;0.000493935716804
0;3;16;0;0.0010030278936;0.0010030278936
0;3;17;0;0.000357624754542;0.000357624754542
0;4;0;0;0.00876297987998;8.76770500327e-05
0;4;1;0;0.0465156286955;0.0049600508064
0;4;2;0;0.0476438961923;0.00694427872077
0;4;3;0;0.00990566890687;0.000473854597658
0;4;4;0;0.00808864925057;0.000111646972073
0;4;5;0;0.0912871435285;0.0503074303269
0;4;6;0;0.0543508045375;0.0125625031069
0;4;7;0;0.0115107158199;0.000804341747425
0;4;8;0;0.00755217159167;0.000111871544505
0;4;9;0;0.0185611713678;0.00401391135529
0;4;10;0;0.0137070119381;0.00121868122369
0;4;11;0;0.0192117933184;0.00140760629438
0;4;12;0;0.0109454840422;0.00138334534131
0;4;13;0;0.00977514497936;0.000709754182026
0;4;14;0;0.00551922572777;0.000111754095997
0;4;15;0;0.251681894064;0.217943489552
0;4;16;0;0.0175984092057;0.0013659306569
0;4;17;0;0.00880816858262;0.0010656400118
0;5;0;0;0.00539100077003;4.61954368802e-05
0;5;1;0;0.00366985355504;0.002484789351
0;5;2;0;0.00364263728261;0.000683595077135
0;5;3;0;0.00430003600195;0.000512357801199
0;5;4;0;0.00650282530114;5.73640099901e-05
0;5;5;0;0.00520259607583;0.00325654703192
0;5;6;0;0.00442934595048;0.000227324737352
0;5;7;0;0.0056926868856;0.000854376296047
0;5;8;0;0.00697629991919;8.00970810815e-05
0;5;9;0;0.00446117762476;0.00344267347828
0;5;10;0;0.00563660496846;0.00168636091985
0;5;11;0;0.00594079261646;0.000675838789903
0;5;12;0;0.00634629325941;0.000934534531552
0;5;13;0;0.00805623736233;0.000890403578524
0;5;14;0;0.00817761942744;8.58980347402e-05
0;5;15;0;0.0068248398602;0.00156543869525
0;5;16;0;0.00698396284133;0.00260248756967
0;5;17;0;0.00899499747902;0.000472478714073
0;6;0;0;0.00114403886255;1.18304360512e-05
0;6;1;0;0.000502669368871;7.66385419411e-05
0;6;2;0;0.000461408752017;0.000101772755443
0;6;3;0;0.000722867262084;0.000144539691973
0;6;4;0;0.00185273913667;9.03776890482e-06
0;6;5;0;0.00144439481664;2.36882824538e-05
0;6;6;0;0.00143645494245;0.000150472435053
0;6;7;0;0.00143742375076;0.00019160300144
0;6;8;0;0.00229490012862;2.23647602979e-05
0;6;9;0;0.00227416097187;0.000628123001661
0;6;10;0;0.00186504155863;0.000354972929927
0;6;11;0;0.00206310441718;0.000279378931737
0;6;12;0;0.00184407422785;0.000339606340276
0;6;13;0;0.00257865013555;0.000440492178313
0;6;14;0;0.00381778506562;3.3954736864e-05
0;6;15;0;0.00225117290393;0.000647914188448
0;6;16;0;0.00253486284055;0.000726076425053
0;6;17;0;0.00355927227065;8.35261744214e-05
0;7;0;0;0.000101938596345;1.49559227793e-05
0;7;1;0;9.67539162957e-05;2.70574837486e-05
0;7;2;0;0.000146752179717;6.53352180962e-05
0;7;3;0;0.000127248145873;6.46246699034e-05
0;7;4;0;9.14655174711e-05;1.45955427797e-05
0;7;5;0;0.000174898450496;0.000134976755362
0;7;6;0;8.96927158465e-05;4.48273858638e-05
0;7;7;0;0.000110967324872;5.71929995203e-05
0;7;8;0;0.000129531268612;1.44621344589e-05
0;7;9;0;0.000187102239579;0.000131148379296
0;7;10;0;0.000161055868375;6.19549973635e-05
0;7;11;0;0.000137491922942;5.86764799664e-05
0;7;12;0;0.000105554398033;4.16349321313e-05
0;7;13;0;0.000239654895267;9.64564678725e-05
0;7;14;0;0.00050154607743;1.4394488062e-05
0;7;15;0;0.000158885435667;6.65162224323e-05
0;7;16;0;0.000188867081306;7.24245983292e-05
0;7;17;0;0.000417192350142;0.000131534805405
0;8;0;0;8.69566574693e-05;1.35779991979e-05
0;8;1;0;7.91286001913e-05;1.84566670214e-05
0;8;2;0;0.000108945729153;3.9156198909e-05
0;8;3;0;0.000109242137114;4.7689947678e-05
0;8;4;0;9.34651616262e-05;1.42822436828e-05
0;8;5;0;0.000146069942275;8.77944694366e-05
0;8;6;0;8.48833587952e-05;1.42387780215e-05
0;8;7;0;0.00010675505473;4.1431565478e-05
0;8;8;0;0.00010437691526;1.47385844684e-05
0;8;9;0;0.000120147466077;5.28632881469e-05
0;8;10;0;0.000118511561595;4.13170746469e-05
0;8;11;0;0.000120208591397;4.33671884821e-05
0;8;12;0;0.000105984523543;4.20084033976e-05
0;8;13;0;0.000131456952658;6.24790118309e-05
0;8;14;0;0.000107263083919;1.50868936544e-05
0;8;15;0;0.000137495429954;5.52795245312e-05
0;8;16;0;0.000116797586088;3.74460105377e-05
0;8;17;0;0.00013105358812;6.16447650827e-05
0;9;0;0;8.11885329313e-05;1.18469188237e-05
0;9;1;0;6.70632289257e-05;4.31521402788e-05
0;9;2;0;0.00012359120592;8.54058380355e-05
0;9;3;0;8.25694660307e-05;3.23102140101e-05
0;9;4;0;9.70497712842e-05;1.35773570946e-05
0;9;5;0;0.000153638698976;0.000114276372187
0;9;6;0;7.82225251896e-05;1.93116193259e-05
0;9;7;0;8.86929919943e-05;2.05652195291e-05
0;9;8;0;0.000101182442449;1.38976165545e-05
0;9;9;0;0.000126978877233;6.41561418888e-05
0;9;10;0;9.88138272078e-05;3.27984998876e-05
0;9;11;0;0.000107007937913;3.56568234565e-05
0;9;12;0;8.65933834575e-05;2.53726429946e-05
0;9;13;0;0.000123618039652;6.67356143822e-05
0;9;14;0;9.0147528681e-05;1.34162146423e-05
0;9;15;0;0.000108505075332;4.02788173233e-05
0;9;16;0;0.000101798083051;2.77915114566e-05
0;9;17;0;0.000110779132228;4.92538456456e-05
1;0;0;0;0.000784211559221;3.20902472595e-05
1;0;1;0;0.00134771561716;8.85926929186e-05
1;0;2;0;0.00139990402386;0.000142004777445
1;0;3;0;0.0011662109755;9.97456663754e-05
1;0;4;0;0.000453934742836;2.64604714175e-05
1;0;5;0;0.000599163817242;3.80901583412e-05
1;0;6;0;0.000613755604718;7.85975862527e-05
1;0;7;0;0.000684009050019;0.00013199528621
1;0;8;0;0.000333582662279;7.72827770561e-05
1;0;9;0;0.000258293090155;6.77654097672e-05
1;0;10;0;0.000417424918851;4.57125588582e-06
1;0;11;0;0.000411291664932;2.0583423975e-05
1;0;12;0;0.000517761858646;3.24359207298e-05
1;0;13;0;0.000230535952142;9.72661291598e-05
1;0;14;0;4.82371287944e-05;3.99987584387e-05
1;0;15;0;0.000237593849306;4.14038113377e-05
1;0;16;0;0.000198798064957;2.43821505137e-05
1;0;17;0;6.88959480613e-05;6.48032582831e-05
1;1;0;0;0.0201612543315;0.000287089147605
1;1;1;0;0.0221233740449;0.00409824447706
1;1;2;0;0.00186386227142;0.000372405018425
1;1;3;0;0.00201040762477;0.0006528099766
1;1;4;0;0.00230344268493;0.000282891851384
1;1;5;0;0.00239102868363;0.000261128705461
1;1;6;0;0.00218375073746;0.000177782756509
1;1;7;0;0.00218399590813;0.000585662084632
1;1;8;0;0.00527362525463;0.0015302458778
1;1;9;0;0.00185524334665;0.000356646836735
1;1;10;0;0.0020656331908;0.000220010435442
1;1;11;0;0.00201881956309;2.72103461612e-05
1;1;12;0;0.00199890253134;0.000204746087547
1;1;13;0;0.0017637303099;7.25797217456e-05
1;1;14;0;0.00126923283096;0.000115003931569
1;1;15;0;0.00182977085933;0.000169273262145
1;1;16;0;0.00177931156941;0.000211083912291
1;1;17;0;0.0014657076681;1.09301709017e-05
1;2;0;0;0.00048916763626;0.00048916763626
1;2;1;0;0.00056962936651;0.00056962936651
1;2;2;0;0.000515120045748;0.000515120045748
1;2;3;0;0.000407356506912;0.000401803292334
1;2;4;0;0.000439140072558;0.000381199177355
1;2;5;0;0.000593966338784;0.000593966338784
1;2;6;0;0.000599897291977;0.000599897291977
1;2;7;0;0.000738223432563;0.000738223432563
1;2;8;0;0.000427838152973;7.91448328528e-05
1;2;9;0;0.00070567370858;0.00070567370858
1;2;10;0;0.000629617017694;0.000427978025982
1;2;11;0;0.000816281070001;0.000417889124947
1;2;12;0;0.00056138454238;0.000479417241877
1;2;13;0;0.0011969426414;0.000258619780652
1;2;14;0;0.00466282339767;0.000125625447254
1;2;15;0;0.00382357928902;0.000798949564341
1;2;16;0;0.00116595253348;0.000493090192322
1;2;17;0;0.00156123144552;0.000311949581373
1;3;0;0;0.00360285281204;0.00157335668337
1;3;1;0;0.00631602900103;0.00229285075329
1;3;2;0;0.00661163404584;0.0027303819079
1;3;3;0;0.00505891535431;0.000511226477101
1;3;4;0;0.00198186794296;0.00101544125937
1;3;5;0;0.00347590283491;0.00109822989907
1;3;6;0;0.00404113158584;0.00152344349772
1;3;7;0;0.00342095224187;0.0012671481818
1;3;8;0;0.00489480840042;0.00489480840042
1;3;9;0;0.00183613400441;0.00183613400441
1;3;10;0;0.00101918994915;0.00101918994915
1;3;11;0;0.000993389170617;0.000263183232164
1;3;12;0;0.00215629418381;0.000839958491269
1;3;13;0;0.00100235629361;0.000667925400194
1;3;14;0;0.00043037298019;0.00043037298019
1;3;15;0;0.000947322056163;0.000947322056163
1;3;16;0;0.00114694039803;0.00114694039803
1;3;17;0;0.000400732504204;0.000395179406041
1;4;0;0;0.0118777854368;0.000936228083447
1;4;1;0;0.0409884527326;0.00512781366706
1;4;2;0;0.00959041900933;0.00312486523762
1;4;3;0;0.00968683604151;0.000260856875684
1;4;4;0;0.0113621465862;0.00312282447703
1;4;5;0;0.0121973566711;0.00437784474343
1;4;6;0;0.0125496005639;0.00244457880035
1;4;7;0;0.0108177140355;0.000768142461311
1;4;8;1;0.3;0.3
1;4;9;1;0.3;0.3
1;4;10;0;0.0129042705521;0.00107956526335
1;4;11;0;0.0478467792273;0.00115199480206
1;4;12;0;0.0104640126228;0.00156452378724
1;4;13;0;0.00907886680216;0.00144083076157
1;4;14;0;0.0115012880415;0.000983819714747
1;4;15;0;0.0108368927613;0.00267346971668
1;4;16;0;0.0103398123756;0.00213663512841
1;4;17;0;0.00774440960959;0.00186179217417
1;5;0;0;0.00485669402406;0.000491068756673
1;5;1;0;0.00353295123205;0.000451649044408
1;5;2;0;0.00355842709541;0.000580723572057
1;5;3;0;0.00438779359683;0.000721212825738
1;5;4;0;0.00606508133933;0.000262138433754
1;5;5;0;0.00541334645823;0.00047697062837
1;5;6;0;0.00537388725206;0.000910924281925
1;5;7;0;0.00571448868141;0.00112294952851
1;5;8;0;0.00632024649531;0.00225605629385
1;5;9;0;0.00657082069665;0.00105795136187
1;5;10;0;0.00610845023766;0.00143606984057
1;5;11;0;0.00633766036481;0.00109452917241
1;5;12;0;0.00648557161912;0.00116568838712
1;5;13;0;0.00808352977037;0.00034261046676
1;5;14;0;0.00896599609405;0.00103714189027
1;5;15;0;0.00747826416045;0.00272134179249
1;5;16;0;0.00751785561442;0.00224180379882
1;5;17;0;0.00881347898394;0.00105088471901
1;6;0;0;0.00108425796498;5.35654908163e-05
1;6;1;0;0.000424942874815;0.000168849932379
1;6;2;0;0.000469531980343;0.000166401106981
1;6;3;0;0.000810579047538;0.00024756763014
1;6;4;0;0.00175421964377;7.67484016251e-05
1;6;5;0;0.00140511116479;0.000229254103033
1;6;6;0;0.00148134480696;9.88871543086e-05
1;6;7;0;0.00148021779023;0.00020820980717
1;6;8;0;0.0014601459261;0.000493470928632
1;6;9;0;0.00228898879141;0.000236206586123
1;6;10;0;0.00189312652219;0.000130359389004
1;6;11;0;0.00209147226997;0.000136260758154
1;6;12;0;0.00188537524082;0.000187719095265
1;6;13;0;0.00264100194909;0.000297811959172
1;6;14;0;0.0035328255035;0.000140481395647
1;6;15;0;0.00247528986074;0.000325941626215
1;6;16;0;0.00257802847773;0.000614069169387
1;6;17;0;0.00364949740469;2.94749916065e-05
1;7;0;0;0.000128563930048;6.9599453127e-05
1;7;1;0;0.000146665959619;8.87204587343e-05
1;7;2;0;0.000142358840094;7.59042522986e-05
1;7;3;0;0.000169844075572;0.000101123463537
1;7;4;0;0.00013440589828;8.01544738351e-05
1;7;5;0;0.000142367644003;8.84638575371e-05
1;7;6;0;0.000122776269563;4.71232633572e-05
1;7;7;0;0.000142984761624;8.11495920061e-05
1;7;8;0;0.000275478349067;0.000232860518736
1;7;9;0;0.000139572119224;8.85599147296e-05
1;7;10;0;0.000206030978006;8.78890859894e-05
1;7;11;0;0.000181901123142;8.46405382617e-05
1;7;12;0;0.000152408669237;8.08093536762e-05
1;7;13;0;0.000323219923303;0.000130730768433
1;7;14;0;0.000412138644606;0.000141875992995
1;7;15;0;0.000195051237824;0.000158388298587
1;7;16;0;0.000218954097363;0.000121728247905
1;7;17;0;0.000543624686543;0.000230117599131
1;8;0;0;0.000102395548311;4.33481327491e-05
1;8;1;0;0.000116886127216;6.3189319917e-05
1;8;2;0;0.000114885988296;4.83545190946e-05
1;8;3;0;0.000127767401864;5.4125146562e-05
1;8;4;0;0.000111021821795;5.18173874298e-05
1;8;5;0;0.000122243916849;5.51331213501e-05
1;8;6;0;0.000113053029054;3.52318675141e-05
1;8;7;0;0.000112788344268;3.4909156966e-05
1;8;8;0;0.000142047487316;8.14094310044e-05
1;8;9;0;0.000120408876683;4.81854149257e-05
1;8;10;0;0.000134285350214;4.53438406112e-05
1;8;11;0;0.00013452982239;4.65655357402e-05
1;8;12;0;0.000127998850076;4.21994882345e-05
1;8;13;0;0.000167088277522;7.48118909542e-05
1;8;14;0;0.000134773101308;6.83050748194e-05
1;8;15;0;0.00013515005412;6.55022158753e-05
1;8;16;0;0.000134409594466;4.46610283689e-05
1;8;17;0;0.00016626418801;8.06124444352e-05
1;9;0;0;7.17834118404e-05;1.44314863064e-05
1;9;1;0;7.74356158217e-05;5.16437685292e-05
1;9;2;0;0.000121399534692;8.26408650028e-05
1;9;3;0;9.33189221541e-05;3.96753675886e-05
1;9;4;0;9.58337914199e-05;7.31660184101e-05
1;9;5;0;0.000110013112135;8.12380021671e-05
1;9;6;0;0.000102947451524;4.77396897622e-05
1;9;7;0;0.000109172025986;2.94617530017e-05
1;9;8;0;0.000130012384034;7.1798771387e-05
1;9;9;0;8.41866421979e-05;5.44203285244e-05
1;9;10;0;0.000111260109406;3.19392929669e-05
1;9;11;0;0.000123346559121;3.59562145604e-05
1;9;12;0;9.71181652858e-05;4.70660270366e-05
1;9;13;0;0.000143809011206;7.27085862309e-05
1;9;14;0;0.000103669946839;4.33730092482e-05
1;9;15;0;0.000106201929157;2.82269138552e-05
1;9;16;0;0.00011285149958;3.1490038964e-05
1;9;17;0;0.000130949207232;5.46153460164e-05
2;0;0;0;0.00092204392422;6.29385685897e-05
2;0;1;0;0.0015239546774;9.44894491113e-05
2;0;2;0;0.00153245718684;0.000167023012182
2;0;3;0;0.00121774803847;6.4530322561e-06
2;0;4;0;0.000546754687093;9.83911304502e-05
2;0;5;0;0.000699203053955;6.36317636236e-05
2;0;6;0;0.000821075343993;0.00019026407972
2;0;7;0;0.000747869431507;5.14828025189e-06
2;0;8;0;0.000429811741924;0.000123070116388
2;0;9;0;0.00031600726652;8.14700688352e-05
2;0;10;0;0.000449443468824;9.45359624893e-06
2;0;11;0;0.000471060076961;7.9827317677e-05
2;0;12;0;0.000556563725695;4.74476746604e-06
2;0;13;0;0.000201408431167;4.12433291785e-06
2;0;14;0;7.76461165515e-05;7.3732684541e-05
2;0;15;0;0.000278834719211;0.000123962556245
2;0;16;0;0.000246775482083;8.55690450408e-05
2;0;17;0;0.000111238587124;4.64243339593e-06
2;1;0;0;0.00744198961183;0.000703482597601
2;1;1;0;0.00425633229315;0.000460102339275
2;1;2;0;0.00410295790061;0.000957051117439
2;1;3;0;0.00180720293429;7.8556338849e-05
2;1;4;0;0.00353565416299;0.000122275028843
2;1;5;0;0.00376221071929;0.000325684959535
2;1;6;0;0.00383051903918;0.000653970928397
2;1;7;0;0.00200873380527;4.23333585786e-05
2;1;8;0;0.0744391530752;0.0104465642944
2;1;9;0;0.0591838657856;0.00261384132318
2;1;10;0;0.00284878094681;7.83720533946e-05
2;1;11;0;0.00255900900811;4.31547232438e-05
2;1;12;0;0.0019829266239;2.83416284219e-05
2;1;13;0;0.0018401426496;4.66847222924e-06
2;1;14;0;0.00192170275841;0.000282395427348
2;1;15;0;0.00477157440037;0.000196960230824
2;1;16;0;0.00216896878555;0.000344921136275
2;1;17;0;0.00150639750063;5.28744612893e-06
2;2;0;0;0.000451996864285;0.000439226103481
2;2;1;0;0.000394742470235;0.000394742470235
2;2;2;0;0.000471085339086;0.000470598635729
2;2;3;0;0.000182088406291;1.0152669347e-05
2;2;4;0;0.000551099015865;0.000533755752258
2;2;5;0;0.000317887606798;0.000317887606798
2;2;6;0;0.000561903812923;0.00050900055794
2;2;7;0;0.000313041673508;1.00810557342e-05
2;2;8;0;0.000429951644037;0.000165324294358
2;2;9;0;0.000701381126419;0.000600230763666
2;2;10;0;0.000353981391527;0.000202947499929
2;2;11;0;0.000420522585046;5.07314762217e-05
2;2;12;0;0.0003887519415;9.97796087177e-06
2;2;13;0;0.0011091256747;6.85608029016e-06
2;2;14;0;0.00308293220587;5.78003673581e-05
2;2;15;0;0.00312040210702;0.000154596680659
2;2;16;0;0.00231056334451;0.00043414029642
2;2;17;0;0.00143364362884;8.15076134586e-07
2;3;0;0;0.00355533673428;0.00155535922386
2;3;1;0;0.0108656752855;0.00251399725676
2;3;2;0;0.00847755931318;0.00178234197665
2;3;3;0;0.00476674595848;1.06546394818e-05
2;3;4;0;0.00138483161572;0.000926277833059
2;3;5;0;0.0022159172222;0.000589425733779
2;3;6;0;0.0030346873682;0.000785561685916
2;3;7;0;0.00342366844416;1.06238321678e-05
2;3;8;0;0.00507296342403;0.00424418412149
2;3;9;0;0.00230642873794;0.00229292805307
2;3;10;0;0.00081405963283;0.000234373728745
2;3;11;0;0.000877656100783;0.000382677477319
2;3;12;0;0.0023013362661;1.0926338291e-05
2;3;13;0;0.000890643219464;1.0349389413e-05
2;3;14;0;0.000693181122188;0.000658579461742
2;3;15;0;0.00035902831587;0.000172227009898
2;3;16;0;0.000556079670787;0.000556079670787
2;3;17;0;0.000372856593458;1.01177029137e-05
2;4;0;0;0.0100259389728;0.00111229531467
2;4;1;0;0.0445463992655;0.0081029292196
2;4;2;0;0.00822389964014;0.00114272371866
2;4;3;0;0.00808599032462;9.53408653004e-06
2;4;4;0;0.0109043419361;0.00306801777333
2;4;5;0;0.0115230623633;0.00449261814356
2;4;6;0;0.0112470779568;0.000697877723724
2;4;7;0;0.0083383359015;9.60310626397e-06
2;4;8;1;0.3;0.3
2;4;9;1;0.3;0.3
2;4;10;0;0.0134560177103;0.00190454081167
2;4;11;0;0.0166721250862;0.00235571735539
2;4;12;0;0.00808093789965;1.05168364826e-05
2;4;13;0;0.00693447235972;1.04646842374e-05
2;4;14;0;0.0100870579481;0.0017139443662
2;4;15;0;0.0136115215719;0.00229038856924
2;4;16;0;0.0131591241807;0.00241891294718
2;4;17;0;0.00590895209461;1.06268234958e-05
2;5;0;0;0.00495447544381;0.000505151867401
2;5;1;0;0.00365278567187;0.000373558257706
2;5;2;0;0.00373582774773;0.000299254432321
2;5;3;0;0.00458605121821;3.64227526006e-05
2;5;4;0;0.00625532213598;0.000328413210809
2;5;5;0;0.00569353811443;0.000437965529272
2;5;6;0;0.00543037196621;0.00090002513025
2;5;7;0;0.0057333917357;2.01720758923e-05
2;5;8;0;0.00490431999788;0.00103705923539
2;5;9;0;0.00412295153365;0.00152414583135
2;5;10;0;0.00604830496013;0.00113627337851
2;5;11;0;0.00615513836965;0.00185008347034
2;5;12;0;0.0062241749838;1.82143480743e-06
2;5;13;0;0.00726047111675;7.49264290789e-06
2;5;14;0;0.0081369029358;0.000319060083712
2;5;15;0;0.0067982939072;0.00152003753465
2;5;16;0;0.00684480881318;0.00158702826593
2;5;17;0;0.00771313905716;7.89208206697e-06
2;6;0;0;0.00121094752103;0.000186926510651
2;6;1;0;0.000592129305005;0.000276498816675
2;6;2;0;0.000633824907709;0.000191710700165
2;6;3;0;0.000973188085482;7.14010820957e-05
2;6;4;0;0.00185572181363;0.00017594662495
2;6;5;0;0.00155927182641;0.000260324741248
2;6;6;0;0.00151685660239;0.00020804637461
2;6;7;0;0.00167605897877;7.0507026976e-05
2;6;8;0;0.00170061271638;0.000699028663803
2;6;9;0;0.0023255252745;8.10354249552e-05
2;6;10;0;0.00212294468656;0.000151324202307
2;6;11;0;0.00228668306954;0.000140530974022
2;6;12;0;0.00208153109998;6.21616709395e-05
2;6;13;0;0.00286795548163;4.55185509054e-05
2;6;14;0;0.0034792907536;0.000533554179128
2;6;15;0;0.00256980536506;0.000477833702462
2;6;16;0;0.00271556875668;0.000528913165908
2;6;17;0;0.00386635935865;4.44652105216e-05
2;7;0;0;0.000184934746358;0.000115424496471
2;7;1;0;0.000253450620221;0.000183946016477
2;7;2;0;0.000230822683079;0.000129408406792
2;7;3;0;0.000215449923417;7.14121561032e-05
2;7;4;0;0.000183843629202;0.000114734080853
2;7;5;0;0.000229671306442;0.000152439708472
2;7;6;0;0.000207166813198;8.38076812215e-05
2;7;7;0;0.000198486100999;7.17740040272e-05
2;7;8;0;0.00035144505091;0.000301697145915
2;7;9;0;0.000225751457037;0.000155571280629
2;7;10;0;0.000258974614553;7.88640754763e-05
2;7;11;0;0.000227014286793;8.14487575553e-05
2;7;12;0;0.000192726394744;7.18782539479e-05
2;7;13;0;0.000386931671528;7.23756747902e-05
2;7;14;0;0.000566604023334;0.000193273357581
2;7;15;0;0.000271452881861;0.000230377845583
2;7;16;0;0.000292635464575;6.23496234766e-05
2;7;17;0;0.000639551959466;7.16975773685e-05
2;8;0;0;0.000130724045448;6.39852805762e-05
2;8;1;0;0.000164634475368;8.4786574007e-05
2;8;2;0;0.000216865024413;9.0035602625e-05
2;8;3;0;0.000218454908463;8.04817245807e-05
2;8;4;0;0.000147181010107;7.2529859608e-05
2;8;5;0;0.000168741433299;7.898840704e-05
2;8;6;0;0.000169375183759;7.2536728112e-05
2;8;7;0;0.000207592936931;7.57890229579e-05
2;8;8;0;0.000207492164918;0.000135093723657
2;8;9;0;0.000164671742823;6.23024388915e-05
2;8;10;0;0.000207784119993;6.66339547024e-05
2;8;11;0;0.00022274388175;8.98679791135e-05
2;8;12;0;0.000209243327845;7.13120316505e-05
2;8;13;0;0.00021784529963;7.13128247298e-05
2;8;14;0;0.000199828282348;0.000135731781484
2;8;15;0;0.000216775311856;0.000123940000776
2;8;16;0;0.000195094835362;4.9162619689e-05
2;8;17;0;0.000217959604925;7.11294851499e-05
2;9;0;0;9.61371479207e-05;2.76485025097e-05
2;9;1;0;0.000169329185155;0.000159856674145
2;9;2;0;0.00024716934422;0.000234101462411
2;9;3;0;0.000187227706192;7.25688150851e-05
2;9;4;0;0.000137284267112;0.000133600144181
2;9;5;0;0.000205369637115;0.000186001780094
2;9;6;0;0.000263128313236;0.000247215648415
2;9;7;0;0.000250306009548;0.000103169113572
2;9;8;0;0.000166705838637;0.000116308343422
2;9;9;0;0.000102936857729;7.78008179623e-05
2;9;10;0;0.000235464045545;0.000142652672366
2;9;11;0;0.000277452694718;0.000191417464521
2;9;12;0;0.000257104518823;0.000103421094536
2;9;13;0;0.000239116270677;9.37148797675e-05
2;9;14;0;0.000131503184093;6.91479581292e-05
2;9;15;0;0.000173559354153;0.0001031767315
2;9;16;0;0.000201625298359;8.90086012078e-05
2;9;17;0;0.000228020828217;8.6512794951e-05
