0;0;0;0;0.000320750346873;0.000128573199618
0;0;1;0;0.000471433158964;9.35167845455e-05
0;0;2;0;0.000471919222036;2.28012086154e-05
0;0;3;0;0.000369828310795;1.64538796525e-05
0;0;4;0;0.000147158425534;2.63275501311e-06
0;0;5;0;0.000209238060052;4.05427490477e-05
0;0;6;0;0.000209953868762;7.76465894887e-05
0;0;7;0;0.000201823480893;2.18533896259e-05
0;0;8;0;9.20691672945e-05;2.25573421631e-06
0;0;9;0;7.33738488634e-05;1.18819898489e-05
0;0;10;0;0.000118921889225;1.88634130609e-05
0;0;11;0;0.000107156003651;1.69848008227e-05
0;0;12;0;0.000140957912663;2.78289062408e-05
0;0;13;0;5.96956451773e-05;2.6200148568e-05
0;0;14;0;5.87958311371e-06;1.15357622121e-07
0;0;15;0;4.64449440187e-05;6.87144392941e-06
0;0;16;0;5.61547785765e-05;8.61708849698e-06
0;0;17;0;2.19149896452e-07;1.68493585306e-07
0;1;0;0;0.000701463897713;9.4676608569e-05
0;1;1;0;0.207143634558;0.206689611077
0;1;2;0;0.000789758749306;0.000399798213039
0;1;3;0;0.000703396101017;3.46608503605e-05
0;1;4;0;0.000696261995472;8.82012245711e-05
0;1;5;0;0.00681074615568;0.00630597397685
0;1;6;0;0.000924824271351;0.000272992212558
0;1;7;0;0.000746430829167;8.77269267221e-05
0;1;8;0;0.000644509214908;8.24038361316e-05
0;1;9;0;0.000641590333544;0.000112585170427
0;1;10;0;0.00069871742744;4.19844436692e-05
0;1;11;0;0.000676699099131;3.04752138618e-05
0;1;12;0;0.000693873444106;0.000122946221381
0;1;13;0;0.000626536086202;1.12225634439e-05
0;1;14;0;0.000473859370686;9.74126451183e-05
0;1;15;0;0.000610322866123;4.96283537359e-05
0;1;16;0;0.00060951069463;3.46551205439e-05
0;1;17;0;0.000483028357849;1.8352198822e-05
0;2;0;0;0.000136813119752;0.000104723476397
0;2;1;0;0.00012935930863;0.000125460719573
0;2;2;0;0.000119035816169;0.000119035816169
0;2;3;0;9.18446530704e-05;9.12882751436e-05
0;2;4;0;0.000199482674361;9.97221504804e-05
0;2;5;0;0.000112243251351;9.11219030968e-05
0;2;6;0;0.00017893234326;0.000178931193659
0;2;7;0;0.000186341101653;0.000158492970513
0;2;8;0;0.00025813645334;9.30242167669e-05
0;2;9;0;0.000243752583629;0.000145096579217
0;2;10;0;0.000182528136065;0.000130740125314
0;2;11;0;0.00026005928521;9.66667648754e-05
0;2;12;0;0.000220636560698;0.000131280059577
0;2;13;0;0.000417097500758;9.60977122304e-05
0;2;14;0;0.000475943466881;8.57723280205e-05
0;2;15;0;0.000481026479974;0.000217677385081
0;2;16;0;0.000501349277329;0.000274463993264
0;2;17;0;0.000556155049708;4.24618556281e-05
0;3;0;0;0.00080512027489;0.000103324557131
0;3;1;0;0.00128900480922;0.000699379539583
0;3;2;0;0.00308851711452;0.00160306168254
0;3;3;0;0.00216050376184;0.000869882060215
0;3;4;0;0.000288795825327;0.000103043224954
0;3;5;0;0.00064365984872;0.000251518824371
0;3;6;0;0.000661006837618;0.000497222761624
0;3;7;0;0.000781311595347;0.000225714422413
0;3;8;0;0.000128233834403;0.000101885445474
0;3;9;0;0.000144861434819;0.00014051340986
0;3;10;0;0.000192009174498;0.000181059658644
0;3;11;0;0.000157636342919;0.000157636342919
0;3;12;0;0.000365263666026;0.000229429395404
0;3;13;0;9.53506969381e-05;9.53506969381e-05
0;3;14;0;0.000121839104395;0.000102426405647
0;3;15;0;0.000140071264468;0.000135813606903
0;3;16;0;0.000205029224162;0.000205029195058
0;3;17;0;9.46288564592e-05;9.46288273553e-05
0;4;0;0;0.00266498606652;0.000102271129435
0;4;1;0;0.00924263801426;0.0042357891798
0;4;2;0;0.00866184290498;0.00117317505646
0;4;3;0;0.00310118659399;0.00070494110696
0;4;4;0;0.00274311378598;0.00010360620945
0;4;5;0;0.0125598302111;0.00350836059079
0;4;6;0;0.0163244195282;0.00405708421022
0;4;7;0;0.00409606611356;0.000752565916628
0;4;8;0;0.00254797167145;0.000103373204183
0;4;9;0;0.0687165036798;0.0604547671974
0;4;10;0;0.00981245562434;0.00228186626919
0;4;11;0;0.0148846898228;0.00870565511286
0;4;12;0;0.00429316936061;0.00235606078058
0;4;13;0;0.00426793517545;0.0017013696488
0;4;14;0;0.00182370888069;0.000103275073343
0;4;15;0;0.209513783455;0.195894017816
0;4;16;0;0.00963590294123;0.00524385087192
0;4;17;0;0.00288550392725;0.000200824477361
0;5;0;0;0.00105396856088;4.37105081801e-05
0;5;1;0;0.000529447628651;0.000183356372872
0;5;2;0;0.000505692732986;0.000236675943597
0;5;3;0;0.000635559787042;0.000159622300998
0;5;4;0;0.00149048352614;7.35631037969e-05
0;5;5;0;0.000553566962481;0.000330477399984
0;5;6;0;0.00068650546018;0.000305846071569
0;5;7;0;0.00117358367424;0.000480384478578
0;5;8;0;0.00170253473334;7.82184506534e-05
0;5;9;0;0.00120746914763;0.00100449298043
0;5;10;0;0.00100798753556;0.00045762246009
0;5;11;0;0.00103302230127;0.000246468640398
0;5;12;0;0.00145453168079;0.000556439219508
0;5;13;0;0.00205537118018;0.000432806555182
0;5;14;0;0.00229501980357;8.74103498063e-05
0;5;15;0;0.00179677538108;0.000846300972626
0;5;16;0;0.00194991822354;0.00124084821437
0;5;17;0;0.00248422310688;0.000432438304415
0;6;0;0;2.05604901566e-05;6.83220696374e-06
0;6;1;0;1.99355290533e-05;6.72841269989e-06
0;6;2;0;1.54538720381e-05;7.90210560808e-06
0;6;3;0;2.09056106542e-05;1.36141597977e-05
0;6;4;0;0.000106638646685;1.76329820079e-06
0;6;5;0;4.9900252634e-05;3.19458267768e-05
0;6;6;0;5.62094028282e-05;5.62094028282e-05
0;6;7;0;2.41165780608e-05;1.31286424221e-05
0;6;8;0;0.000190894992556;1.05325798359e-05
0;6;9;0;0.000105178864032;3.00544325e-05
0;6;10;0;5.27217853232e-05;4.58601025457e-05
0;6;11;0;7.45522920624e-05;4.02172045142e-05
0;6;12;0;8.15917301225e-05;6.43417588435e-05
0;6;13;0;0.000174682994839;5.33423917659e-05
0;6;14;0;0.000557846331503;2.96327580145e-05
0;6;15;0;0.000254873652011;0.000172385567566
0;6;16;0;0.000327470566845;0.000276164035313
0;6;17;0;0.000432758475654;0.000143808894791
0;7;0;0;1.12128591354e-05;5.87640261074e-06
0;7;1;0;9.9349199445e-06;5.02403463543e-06
0;7;2;0;8.43706129672e-06;5.94955781708e-06
0;7;3;0;6.31821694697e-06;5.20111689184e-06
0;7;4;0;1.5437923139e-05;6.39030167804e-06
0;7;5;0;1.1645090126e-05;6.69467181069e-06
0;7;6;0;8.14717441244e-06;8.02134582045e-06
0;7;7;0;5.65948312214e-06;3.91138473788e-06
0;7;8;0;2.12457689486e-05;6.62188904244e-06
0;7;9;0;1.59479495778e-05;8.42111057864e-06
0;7;10;0;9.72660018306e-06;4.98903045809e-06
0;7;11;0;9.8384643934e-06;4.28946668762e-06
0;7;12;0;3.58057718586e-06;3.08857238451e-06
0;7;13;0;2.33941464103e-05;1.94160857063e-05
0;7;14;0;2.25574021897e-05;6.72157193549e-06
0;7;15;0;1.24180396597e-05;6.75414821671e-06
0;7;16;0;1.01064842966e-05;2.8338267839e-06
0;7;17;0;2.03412873816e-05;1.17837853395e-05
0;8;0;0;4.46113790531e-06;3.70758766621e-06
0;8;1;0;3.56667499091e-07;3.5643688534e-07
0;8;2;0;1.45627200254e-06;1.35777361265e-06
0;8;3;0;1.20915967727e-06;1.1987506241e-06
0;8;4;0;6.60522891849e-06;4.62018624603e-06
0;8;5;0;4.55707686342e-06;4.27813847637e-06
0;8;6;0;1.54650581408e-06;1.50543530708e-06
0;8;7;0;9.79916649158e-07;9.69781240201e-07
0;8;8;0;9.97196002572e-06;5.44699651073e-06
0;8;9;0;4.61596164314e-06;2.72439115179e-06
0;8;10;0;3.89008255297e-06;3.00349256577e-06
0;8;11;0;3.98585507355e-06;2.99706402984e-06
0;8;12;0;1.40241388635e-06;1.40209124311e-06
0;8;13;0;5.2318773669e-06;4.85768441649e-06
0;8;14;0;1.1247425391e-05;5.72193130211e-06
0;8;15;0;6.02318596066e-06;4.56566931462e-06
0;8;16;0;4.0305812945e-06;3.13208511216e-06
0;8;17;0;5.26360963704e-06;4.42965801994e-06
0;9;0;0;2.21970503844e-06;2.12768645724e-06
0;9;1;0;1.06253355625e-06;1.029145551e-06
0;9;2;0;2.50430076676e-07;2.48606511377e-07
0;9;3;0;5.6651760616e-08;4.00266912948e-08
0;9;4;0;2.66236497737e-06;2.65375024355e-06
0;9;5;0;1.74757497007e-06;1.74747901838e-06
0;9;6;0;1.63480444826e-06;1.61962339007e-06
0;9;7;0;2.91489470783e-07;2.86907209102e-07
0;9;8;0;3.86303963751e-06;3.3972789879e-06
0;9;9;0;2.34194044424e-06;2.0812465209e-06
0;9;10;0;6.71357952342e-07;6.65614038553e-07
0;9;11;0;5.72674366595e-07;5.72573128466e-07
0;9;12;0;1.51783169144e-07;8.43460057354e-08
0;9;13;0;5.77951027481e-07;5.67417714592e-07
0;9;14;0;4.47167803941e-06;3.62673358723e-06
0;9;15;0;2.41924590227e-06;2.05831838684e-06
0;9;16;0;4.89488172661e-07;4.86458247906e-07
0;9;17;0;6.25583311376e-07;6.25583311376e-07
1;0;0;0;0.0002718087635;2.00743907044e-05
1;0;1;0;0.000482760631712;2.92482363875e-05
1;0;2;0;0.00047194751096;3.3251271816e-05
1;0;3;0;0.000358318531653;1.80534243555e-05
1;0;4;0;0.00014159559214;2.36019295698e-05
1;0;5;0;0.000190534032299;1.99380319827e-05
1;0;6;0;0.000180324874236;4.04544407502e-05
1;0;7;0;0.000191890547285;3.38988975273e-05
1;0;8;0;0.000107710060547;2.41571488004e-05
1;0;9;0;6.91704917699e-05;2.594009311e-05
1;0;10;0;0.000112486392027;1.48384524437e-05
1;0;11;0;0.000100801837107;1.60492236319e-05
1;0;12;0;0.000133545327117;3.11498552037e-05
1;0;13;0;6.26175096841e-05;2.61968561972e-05
1;0;14;0;4.20926735387e-05;4.17282280978e-05
1;0;15;0;5.9508067352e-05;3.40006336046e-05
1;0;16;0;4.99995148857e-05;5.59283625989e-06
1;0;17;0;2.46736817644e-07;2.07390868923e-07
1;1;0;0;0.0058549195528;0.00510783772916
1;1;1;0;0.0125706959516;0.0114644393325
1;1;2;0;0.000720257463399;0.000156397203682
1;1;3;0;0.000743434997275;6.82228564983e-05
1;1;4;0;0.00757789378986;0.00656857155263
1;1;5;0;0.00780583824962;0.0067396229133
1;1;6;0;0.000812874000985;6.56573974993e-05
1;1;7;0;0.000772699073423;9.22719336813e-05
1;1;8;0;0.000693076231983;9.94844504021e-06
1;1;9;0;0.000695861934219;6.99856391293e-05
1;1;10;0;0.000731026171707;5.15495885338e-05
1;1;11;0;0.000699304975569;3.30114271492e-05
1;1;12;0;0.000710570951924;0.000149765139213
1;1;13;0;0.000621190993115;2.27052005357e-05
1;1;14;0;0.000485776603455;1.90355167433e-05
1;1;15;0;0.000659545708913;5.65572772757e-05
1;1;16;0;0.000635277770925;4.5744014642e-05
1;1;17;0;0.000468976650154;2.03962226806e-05
1;2;0;0;8.6929918325e-05;7.26559592295e-05
1;2;1;0;7.04344565747e-05;7.04344565747e-05
1;2;2;0;9.72131310846e-05;9.72131310846e-05
1;2;3;0;8.752575377e-05;8.14427112346e-05
1;2;4;0;0.000153365996084;6.51201407891e-05
1;2;5;0;6.37205084786e-05;5.74461446377e-05
1;2;6;0;0.000126752594952;0.000126752565848
1;2;7;0;0.00017507308803;0.000115953305794
1;2;8;0;0.000168013604707;7.79602778493e-05
1;2;9;0;0.000139716037665;0.000114996335469
1;2;10;0;0.000194457912585;0.000100151977676
1;2;11;0;0.000286321883323;9.44196435739e-05
1;2;12;0;0.000227541662753;0.000119522192108
1;2;13;0;0.000430721906014;7.34802015359e-05
1;2;14;0;0.00071961118374;0.000223299415666
1;2;15;0;0.000442763208412;0.000272308912827
1;2;16;0;0.000439633382484;0.000143438301166
1;2;17;0;0.000579455052502;4.54078690382e-05
1;3;0;0;0.00148702051956;0.000847843009979
1;3;1;0;0.00202108966187;0.001440288499
1;3;2;0;0.00197512237355;0.000630198046565
1;3;3;0;0.00131331337616;0.000155387708219
1;3;4;0;0.00101437175181;0.00101437175181
1;3;5;0;0.000819819397293;0.000133830399136
1;3;6;0;0.000995210371912;0.000374830095097
1;3;7;0;0.000830552482512;0.000150265084812
1;3;8;0;6.85264531057e-05;6.34184543742e-05
1;3;9;0;0.00016656833759;0.000162125055795
1;3;10;0;0.000134585730848;0.000134585730848
1;3;11;0;0.000119546886708;0.000119375210488
1;3;12;0;0.000282615947071;0.000213128980249
1;3;13;0;9.48486558627e-05;9.48486558627e-05
1;3;14;0;7.64703872846e-05;7.45806391933e-05
1;3;15;0;0.000125700462377;0.000123807054479
1;3;16;0;0.000157151589519;0.000156765076099
1;3;17;0;8.42774607008e-05;8.1617385149e-05
1;4;0;0;0.00323669891804;0.00086817110423
1;4;1;0;0.00251071946695;0.00164422602393
1;4;2;0;0.00276523642242;0.00221782317385
1;4;3;0;0.00269908201881;0.00117908779066
1;4;4;0;0.00832397956401;0.00359103246592
1;4;5;0;0.00867674965411;0.00232946802862
1;4;6;0;0.0102130128071;0.00223366520368
1;4;7;0;0.00307909143157;0.000543459143955
1;4;8;0;0.0994730591774;0.00658043380827
1;4;9;0;0.226345926523;0.0871589332819
1;4;10;0;0.0075553311035;0.000242685418925
1;4;11;0;0.00836798083037;0.00153884780593
1;4;12;0;0.00289892451838;0.00133910123259
1;4;13;0;0.0025496808812;0.00102541269735
1;4;14;0;0.0446161739528;0.00440380675718
1;4;15;0;0.103106528521;0.0851209163666
1;4;16;0;0.00620561558753;0.00124617246911
1;4;17;0;0.00210348516703;0.000824200513307
1;5;0;0;0.000821366033051;0.000245687551796
1;5;1;0;0.0003128068347;0.000205586809898
1;5;2;0;0.00036936433753;8.9615723482e-06
1;5;3;0;0.000539580069017;0.000235282554058
1;5;4;0;0.000931080430746;0.000258927902905
1;5;5;0;0.00074565235991;0.000108227402961
1;5;6;0;0.00074196967762;0.000224268151214
1;5;7;0;0.000993514782749;0.000179695111001
1;5;8;0;0.000562921108212;0.000460028502857
1;5;9;0;0.000624618434813;0.000273867073702
1;5;10;0;0.00122714485042;0.000186205405043
1;5;11;0;0.00136954511981;0.0002812014136
1;5;12;0;0.00130529585294;0.000181574578164
1;5;13;0;0.00189442106057;0.000357151497155
1;5;14;0;0.00231312355027;0.000477006688016
1;5;15;0;0.00181626412086;0.00092470261734
1;5;16;0;0.00175170146395;0.000517211272381
1;5;17;0;0.00222310028039;0.000188919220818
1;6;0;0;2.24597242777e-05;1.73828902916e-05
1;6;1;0;3.19209866575e-05;2.55199902313e-05
1;6;2;0;2.09871468542e-05;1.6656355001e-05
1;6;3;0;2.84096331598e-05;2.14773353946e-05
1;6;4;0;4.56357847725e-05;2.57629708358e-05
1;6;5;0;4.63506657979e-05;4.33991153841e-05
1;6;6;0;1.40231895784e-05;8.93803280633e-06
1;6;7;0;2.35457118833e-05;1.87238783838e-05
1;6;8;0;0.000194835476577;0.000194823922357
1;6;9;0;4.56707966805e-05;4.3563231884e-05
1;6;10;0;4.87174656882e-05;3.66508065781e-05
1;6;11;0;5.79841434956e-05;4.59271104774e-05
1;6;12;0;6.4223910158e-05;3.66156964446e-05
1;6;13;0;0.000140636257129;8.50375799928e-05
1;6;14;0;0.000321537430864;4.396904842e-05
1;6;15;0;0.000105018938484;6.87021965859e-05
1;6;16;0;0.000195100335986;0.000110812630737
1;6;17;0;0.000352616334567;0.000171115389094
1;7;0;0;5.9070844145e-06;5.45968578081e-06
1;7;1;0;6.61562307869e-06;6.37028006167e-06
1;7;2;0;8.88229533302e-06;7.87304543337e-06
1;7;3;0;1.26141803776e-05;1.16026576507e-05
1;7;4;0;2.515954111e-05;2.43234480877e-05
1;7;5;0;2.05601245398e-05;1.85823682841e-05
1;7;6;0;5.10367453899e-06;3.56986333827e-06
1;7;7;0;9.47045555222e-06;7.0447035796e-06
1;7;8;0;3.00431547657e-05;2.59420048678e-05
1;7;9;0;1.00639535958e-05;8.19124034024e-06
1;7;10;0;1.36919807119e-05;1.00118786577e-05
1;7;11;0;1.53360815602e-05;1.19234609883e-05
1;7;12;0;9.23232255445e-06;6.07546144238e-06
1;7;13;0;2.93727971439e-05;2.40986973949e-05
1;7;14;0;2.05364231078e-05;1.59675473697e-05
1;7;15;0;1.96188630071e-05;1.67855887412e-05
1;7;16;0;1.27892890305e-05;9.72887755779e-06
1;7;17;0;2.70852106041e-05;1.83988959179e-05
1;8;0;0;6.22267862127e-07;5.78177036914e-07
1;8;1;0;4.12145794826e-07;4.102024036e-07
1;8;2;0;2.32864613281e-06;2.24545692618e-06
1;8;3;0;3.44510567629e-06;3.26033296005e-06
1;8;4;0;4.36645177615e-06;4.35605261373e-06
1;8;5;0;2.24983159569e-06;2.24762311518e-06
1;8;6;0;1.45876515489e-06;1.4554665313e-06
1;8;7;0;1.4206788137e-06;1.23024085497e-06
1;8;8;0;6.44305555397e-06;5.96624340687e-06
1;8;9;0;1.11162808025e-06;1.1106266129e-06
1;8;10;0;3.46029560205e-06;3.24741495206e-06
1;8;11;0;3.54829103344e-06;3.30628881784e-06
1;8;12;0;2.82640939986e-06;2.82640939986e-06
1;8;13;0;9.41977395996e-06;8.26829818834e-06
1;8;14;0;5.54899133931e-06;5.04265381096e-06
1;8;15;0;3.13288933285e-06;2.80523522633e-06
1;8;16;0;3.51949029209e-06;3.26281156049e-06
1;8;17;0;1.052569678e-05;9.11470579013e-06
1;9;0;0;2.67934154863e-07;2.67842040103e-07
1;9;1;0;1.67183213762e-06;1.6671482399e-06
1;9;2;0;1.14631325232e-06;1.14571071208e-06
1;9;3;0;1.48264768995e-06;1.46497404785e-06
1;9;4;0;9.80501653203e-08;9.01148311527e-08
1;9;5;0;3.26300551023e-07;3.26238421167e-07
1;9;6;0;4.3135469241e-07;4.16929935909e-07
1;9;7;0;1.88739034002e-06;1.88530793821e-06
1;9;8;0;4.67946108529e-07;4.679403105e-07
1;9;9;0;4.14605864307e-07;4.12990942777e-07
1;9;10;0;1.22458948226e-06;1.2225438013e-06
1;9;11;0;2.04728735298e-06;2.04679940907e-06
1;9;12;0;1.77935453394e-06;1.61191462666e-06
1;9;13;0;2.75494835478e-06;2.691781674e-06
1;9;14;0;4.62097005993e-07;4.6207682658e-07
1;9;15;0;1.06213610707e-06;1.04051048311e-06
1;9;16;0;5.8817062154e-07;5.88075693031e-07
1;9;17;0;2.81104621536e-06;2.77181538877e-06
2;0;0;0;0.00025381569867;1.72299751284e-05
2;0;1;0;0.000446075893706;2.18897057493e-05
2;0;2;0;0.000442829245003;7.44340604797e-06
2;0;3;0;0.000345759908669;4.73298541692e-06
2;0;4;0;0.000131657972815;2.62709309027e-05
2;0;5;0;0.000178708141902;8.00957786851e-06
2;0;6;0;0.000199202942895;1.94925742107e-05
2;0;7;0;0.0001895725145;3.64361130778e-06
2;0;8;0;0.000109221611638;2.91608648695e-05
2;0;9;0;6.62985403324e-05;1.13662326839e-05
2;0;10;0;9.97993629426e-05;5.49556898477e-06
2;0;11;0;9.49617533479e-05;4.08106461691e-06
2;0;12;0;0.000130862521473;3.86017427445e-06
2;0;13;0;3.05218381982e-05;2.52745007856e-06
2;0;14;0;4.12023437093e-05;4.11987057305e-05
2;0;15;0;5.87784124946e-05;3.83486367355e-05
2;0;16;0;4.55768349639e-05;3.09572556034e-06
2;0;17;0;5.01850308865e-06;7.90044509813e-08
2;1;0;0;0.00120162183885;0.000510892015882
2;1;1;0;0.0010116440244;0.000488101068186
2;1;2;0;0.000915012496989;0.000407736049965
2;1;3;0;0.000662896200083;3.3357177017e-05
2;1;4;0;0.00381636968814;0.00277586933225
2;1;5;0;0.00376227335073;0.00303047173657
2;1;6;0;0.00241699675098;0.00168154854327
2;1;7;0;0.000711717410013;1.0306828699e-05
2;1;8;0;0.000670146429911;1.14140593723e-05
2;1;9;0;0.00064198311884;7.89904806879e-05
2;1;10;0;0.000688199594151;1.63611239259e-05
2;1;11;0;0.000643849140033;1.68108510934e-06
2;1;12;0;0.000680596218444;4.88373643748e-06
2;1;13;0;0.000595251913182;5.10955260324e-06
2;1;14;0;0.000458186550532;2.00348222279e-05
2;1;15;0;0.000601827923674;4.60009250673e-05
2;1;16;0;0.000581828353461;2.58013969869e-05
2;1;17;0;0.000452702835901;5.75040530748e-06
2;2;0;0;8.94202312338e-05;6.15128228674e-05
2;2;1;0;5.7199071307e-05;4.54709261248e-05
2;2;2;0;2.18642853724e-05;1.55221150635e-05
2;2;3;0;3.3866843296e-05;9.53818835114e-06
2;2;4;0;0.000158743787324;5.22612353961e-05
2;2;5;0;6.13280426478e-05;4.0355600504e-05
2;2;6;0;3.64837214875e-05;1.51056001414e-05
2;2;7;0;8.49748612382e-05;1.23913323478e-05
2;2;8;0;0.000167788894032;6.78241849528e-05
2;2;9;0;0.000128087805933;7.20922762412e-05
2;2;10;0;0.000129532811115;2.16725566133e-05
2;2;11;0;0.000175617169589;4.08159139624e-05
2;2;12;0;0.000121063683764;1.01316672954e-05
2;2;13;0;0.000395387702156;8.34920683701e-06
2;2;14;0;0.00050228316104;2.94684596156e-05
2;2;15;0;0.000260178552708;4.36975824414e-05
2;2;16;0;0.000282513414277;0.00010430416296
2;2;17;0;0.000527067750227;4.83189523948e-06
2;3;0;0;0.000910393719096;0.000289982737741
2;3;1;0;0.00172553188168;0.000194182939595
2;3;2;0;0.0015889625065;9.68762396951e-05
2;3;3;0;0.00108274829108;8.67743801791e-06
2;3;4;0;0.00055224011885;0.000256685656495
2;3;5;0;0.000641495338641;4.25151592935e-05
2;3;6;0;0.000733582885005;0.000101363213616
2;3;7;0;0.000693117501214;9.12303403311e-06
2;3;8;0;8.92524694791e-05;8.19827982923e-05
2;3;9;0;0.000131034976221;0.000131034976221
2;3;10;0;0.000129510415718;1.95453194465e-05
2;3;11;0;0.000105686267489;2.31318372244e-05
2;3;12;0;0.00039354126784;8.53725305205e-06
2;3;13;0;5.37408777745e-05;9.33340106712e-06
2;3;14;0;7.2805902164e-05;5.96678437432e-05
2;3;15;0;6.16002726019e-05;5.24835995748e-05
2;3;16;0;5.42304514966e-05;4.10667744291e-05
2;3;17;0;1.87248551811e-05;9.95411755866e-06
2;4;0;0;0.00712409615517;0.00185590668116
2;4;1;0;0.00732164084911;0.00279061100446
2;4;2;0;0.00681891664863;0.00127496221103
2;4;3;0;0.00192659057211;9.25630592974e-06
2;4;4;0;0.0133502511308;0.00155440159142
2;4;5;0;0.0160658415407;0.00327952043153
2;4;6;0;0.0173215027899;0.00287556787953
2;4;7;0;0.00202453602105;9.12638915906e-06
2;4;8;0;0.123228795826;0.00725779589266
2;4;9;0;0.111927628517;0.00724046118557
2;4;10;0;0.0176026690751;0.00030309392605
2;4;11;0;0.0173123069108;0.000827610783745
2;4;12;0;0.00198078830726;9.05927208805e-06
2;4;13;0;0.00170326977968;8.87653550308e-06
2;4;14;0;0.00357135431841;8.6708481831e-05
2;4;15;0;0.00649309018627;0.000893836666364
2;4;16;0;0.00384628237225;0.00088039872935
2;4;17;0;0.00142586498987;8.77231832419e-06
2;5;0;0;0.000685127917677;0.000100667981314
2;5;1;0;0.000446123536676;6.7269160354e-05
2;5;2;0;0.000398797914386;0.000108873420686
2;5;3;0;0.000628802285064;2.07379380299e-05
2;5;4;0;0.00116064364556;3.46436536347e-05
2;5;5;0;0.000942251645029;0.000163158445503
2;5;6;0;0.000863445631694;6.74901311868e-05
2;5;7;0;0.000980040873401;1.92315746972e-05
2;5;8;0;0.00101529946551;0.000399705837481
2;5;9;0;0.00111689732876;0.000376247131499
2;5;10;0;0.00111256423406;0.000272076140391
2;5;11;0;0.00111062207725;0.000394896662328
2;5;12;0;0.0011584602762;1.51546855705e-05
2;5;13;0;0.00157235166989;5.12822998644e-06
2;5;14;0;0.0019549857825;0.000305133522488
2;5;15;0;0.00159234495368;0.000889310496859
2;5;16;0;0.00156032794621;0.000826120493002
2;5;17;0;0.00176910986193;9.26169650484e-06
2;6;0;0;3.10628311126e-05;2.40017270698e-05
2;6;1;0;4.31335247413e-05;3.48524445144e-05
2;6;2;0;4.67873760499e-05;3.84844242944e-05
2;6;3;0;3.91420217056e-05;2.24611630983e-05
2;6;4;0;5.32957055839e-05;4.26698898082e-05
2;6;5;0;4.7916360927e-05;4.1924220568e-05
2;6;6;0;4.16783768742e-05;3.50716363755e-05
2;6;7;0;5.40926121175e-05;2.26237607421e-05
2;6;8;0;0.000188159116078;0.00018690188881
2;6;9;0;6.91833265591e-05;3.96506184188e-05
2;6;10;0;9.92129716906e-05;1.97130520974e-05
2;6;11;0;0.000115973169159;3.43900901498e-05
2;6;12;0;0.000100375444163;2.17730921577e-05
2;6;13;0;0.000224020026508;2.18332061195e-05
2;6;14;0;0.000268386502285;0.000169582519447
2;6;15;0;0.000135000111186;0.000130090294988
2;6;16;0;0.000235420826357;8.80097068148e-05
2;6;17;0;0.000443777389592;2.14928040805e-05
2;7;0;0;1.26237555378e-05;1.14508375191e-05
2;7;1;0;1.23462059491e-05;1.05255639937e-05
2;7;2;0;3.60948688467e-05;3.3619471651e-05
2;7;3;0;3.45686530636e-05;2.19264402403e-05
2;7;4;0;2.74759204331e-05;2.61901659542e-05
2;7;5;0;2.66474526143e-05;2.34346789512e-05
2;7;6;0;1.79806156666e-05;1.64066786965e-05
2;7;7;0;3.55493393727e-05;2.22051567107e-05
2;7;8;0;3.76242824132e-05;3.21700026689e-05
2;7;9;0;8.03069906397e-06;1.22302685668e-06
2;7;10;0;3.86103129131e-05;2.53050639003e-05
2;7;11;0;4.4583925046e-05;3.12392585329e-05
2;7;12;0;3.67047468899e-05;2.21697209781e-05
2;7;13;0;3.99841082981e-05;2.24492741836e-05
2;7;14;0;2.96591733786e-05;2.24441591854e-05
2;7;15;0;3.90443019569e-05;2.93493303616e-05
2;7;16;0;3.28111564158e-05;1.95928332687e-05
2;7;17;0;3.88859625673e-05;2.24873874686e-05
2;8;0;0;5.08485254613e-06;5.08460698256e-06
2;8;1;0;3.99234295401e-06;3.88039143218e-06
2;8;2;0;2.63078709395e-05;2.27738000831e-05
2;8;3;0;2.77799026662e-05;2.02186129172e-05
2;8;4;0;7.60156672186e-06;7.57982206778e-06
2;8;5;0;9.44462681218e-06;9.39246274356e-06
2;8;6;0;4.79021082356e-06;4.54897826785e-06
2;8;7;0;2.63753754552e-05;2.03324398171e-05
2;8;8;0;1.2770754438e-05;1.18346179079e-05
2;8;9;0;4.85413374918e-06;4.32063279732e-06
2;8;10;0;2.9277169233e-05;2.15339241549e-05
2;8;11;0;3.23950516758e-05;2.45796709351e-05
2;8;12;0;2.93733737635e-05;2.06079694181e-05
2;8;13;0;3.2721345633e-05;2.16398439079e-05
2;8;14;0;1.19958831419e-05;1.05658700704e-05
2;8;15;0;9.72121688392e-06;9.26646953303e-06
2;8;16;0;2.62432076852e-05;1.8843475118e-05
2;8;17;0;3.32192066708e-05;2.16779972106e-05
2;9;0;0;1.96486871573e-06;1.93207506527e-06
2;9;1;0;1.03857637441e-05;9.60911256698e-06
2;9;2;0;1.83976280823e-05;1.80756906047e-05
2;9;3;0;2.34175731748e-05;1.80915976671e-05
2;9;4;0;1.4893619209e-06;1.37988035931e-06
2;9;5;0;4.07672723668e-06;4.06550179832e-06
2;9;6;0;1.12750867629e-05;1.12445923151e-05
2;9;7;0;2.69848569587e-05;2.02310657187e-05
2;9;8;0;3.84228860639e-06;3.72175895791e-06
2;9;9;0;3.10815630655e-06;3.06561128127e-06
2;9;10;0;2.37060248764e-05;2.06665808946e-05
2;9;11;0;2.56172588706e-05;2.30828227359e-05
2;9;12;0;2.61970872089e-05;2.07548782782e-05
2;9;13;0;2.68269668595e-05;1.98980687856e-05
2;9;14;0;3.58879287887e-06;3.58825468538e-06
2;9;15;0;1.91701983567e-05;1.63181248354e-05
2;9;16;0;2.1726860723e-05;1.85408334801e-05
2;9;17;0;2.64693826466e-05;1.96947221411e-05
