0;0;0;0;6.85723643983e-05;6.85723643983e-05
0;0;1;0;4.96980028402e-05;4.96980028402e-05
0;0;2;0;7.87252429291e-06;7.87252338341e-06
0;0;3;0;6.52150265523e-06;6.52150265523e-06
0;0;4;0;6.0598216578e-07;1.93420504502e-07
0;0;5;0;2.77204289887e-05;2.77204289887e-05
0;0;6;0;4.4422398787e-05;4.4422398787e-05
0;0;7;0;7.73968349677e-06;7.73968349677e-06
0;0;8;0;2.38448637901e-06;2.37963308791e-06
0;0;9;0;6.37605899101e-06;6.37532366454e-06
0;0;10;0;6.7754021984e-06;6.7754021984e-06
0;0;11;0;4.96679194839e-06;4.96679194839e-06
0;0;12;0;5.86521218793e-06;5.86521218793e-06
0;0;13;0;2.1789035145e-06;2.1789035145e-06
0;0;14;0;9.98587381673e-08;6.13459008036e-08
0;0;15;0;1.29297268359e-06;1.29297268359e-06
0;0;16;0;2.24494419854e-06;2.23990537052e-06
0;0;17;0;1.26077253526e-07;9.8750049915e-08
0;1;0;0;5.18637607456e-05;5.18637607456e-05
0;1;1;0;6.61536760163e-05;6.61536760163e-05
0;1;2;0;1.35996779136e-05;1.35996779136e-05
0;1;3;0;1.34681777126e-05;1.34681777126e-05
0;1;4;0;5.20360918017e-05;5.20360918017e-05
0;1;5;0;5.04382696818e-05;5.04382696818e-05
0;1;6;0;4.92929902975e-05;4.92929902975e-05
0;1;7;0;1.42374765346e-05;1.42374765346e-05
0;1;8;0;4.93524203193e-05;4.93524203193e-05
0;1;9;0;4.63361757284e-05;4.63361757284e-05
0;1;10;0;1.2099036212e-05;1.2099036212e-05
0;1;11;0;9.5865007097e-06;9.5865007097e-06
0;1;12;0;1.2804729522e-05;1.2804729522e-05
0;1;13;0;5.16156478625e-06;5.1615643315e-06
0;1;14;0;5.14580133313e-05;5.14580133313e-05
0;1;15;0;2.12015638681e-05;2.12015638681e-05
0;1;16;0;1.48664666995e-05;1.48664666995e-05
0;1;17;0;6.81537540004e-06;6.81537540004e-06
0;2;0;0;0.000115631395602;0.000115631395602
0;2;1;0;0.000127321953187;0.000127321953187
0;2;2;0;2.60738979705e-05;2.60738979705e-05
0;2;3;0;2.74702324532e-05;2.74702324532e-05
0;2;4;0;0.000120531469292;0.000120531469292
0;2;5;0;7.52584455768e-05;7.52584455768e-05
0;2;6;0;4.80850467284e-05;4.80850467284e-05
0;2;7;0;2.61000350292e-05;2.61000350292e-05
0;2;8;0;0.000127278472064;0.000127278472064
0;2;9;0;6.98573130649e-05;6.98573130649e-05
0;2;10;0;1.64645825862e-05;1.64645825862e-05
0;2;11;0;9.5865188996e-06;9.5865188996e-06
0;2;12;0;1.82431722351e-05;1.82431722351e-05
0;2;13;0;1.39185194712e-05;1.39185194712e-05
0;2;14;0;4.47280435765e-05;4.47280435765e-05
0;2;15;0;5.88088296354e-05;5.88088296354e-05
0;2;16;0;3.83846672776e-05;3.83846672776e-05
0;2;17;0;1.33807143357e-05;1.33807143357e-05
0;3;0;0;0.000118620773719;0.000118620773719
0;3;1;0;0.000126489117974;0.000125360442325
0;3;2;0;2.83788504021e-05;2.83788467641e-05
0;3;3;0;4.01240467909e-05;4.01240467909e-05
0;3;4;0;0.000117799500003;0.000117799500003
0;3;5;0;5.25636314705e-05;5.25636314705e-05
0;3;6;0;5.63613539271e-05;5.38980239071e-05
0;3;7;0;4.30211403e-05;4.30211002822e-05
0;3;8;0;0.000115761620691;0.000115761620691
0;3;9;0;7.34755667509e-05;7.34755667509e-05
0;3;10;0;3.2476393244e-05;3.2476393244e-05
0;3;11;0;2.58268100879e-05;2.58268100879e-05
0;3;12;0;3.74685332645e-05;3.74685332645e-05
0;3;13;0;2.57628926192e-05;2.57628926192e-05
0;3;14;0;0.0001153061894;0.0001153061894
0;3;15;0;6.61679296172e-05;6.61679296172e-05
0;3;16;0;4.05789833167e-05;4.05789796787e-05
0;3;17;0;2.45465107582e-05;2.45465107582e-05
0;4;0;0;0.000121482400573;0.000120500248158
0;4;1;0;0.000135916037834;0.000131504988531
0;4;2;0;8.44812893774e-05;8.44812893774e-05
0;4;3;0;8.11557110865e-05;8.11557110865e-05
0;4;4;0;0.000120544296806;0.000119704011013
0;4;5;0;0.000533196958713;0.000114405425848
0;4;6;0;0.000234713064856;0.000140150645166
0;4;7;0;0.00010599950474;9.98665345833e-05
0;4;8;0;0.000118894218758;0.000118894218758
0;4;9;0;0.000172708460013;0.000110421999125
0;4;10;0;0.000269884854788;8.32593723317e-05
0;4;11;0;9.42960105021e-05;5.59453874303e-05
0;4;12;0;0.00874159950763;0.00277414731681
0;4;13;0;5.38184176548e-05;4.89936028316e-05
0;4;14;0;0.000118643838505;0.000118643838505
0;4;15;0;8.69429568411e-05;8.69429568411e-05
0;4;16;0;9.91323468043e-05;9.91323468043e-05
0;4;17;0;3.23725616909e-05;3.23725580529e-05
0;5;0;0;0.0495369061828;0.0337306521833
0;5;1;0;0.00124995841179;0.00112417724449
0;5;2;0;0.00239757401869;0.00164888484869
0;5;3;0;0.00136670575012;0.000921545433812
0;5;4;0;0.000246848736424;0.000120211887406
0;5;5;0;0.000313081196509;0.000206280921702
0;5;6;0;0.000516137806699;0.000355211843271
0;5;7;0;0.00134861201514;0.00111719290726
0;5;8;0;0.000120663673442;0.000120663673442
0;5;9;0;0.000173147462192;0.000172416839632
0;5;10;0;9.02012689039e-05;9.0201254352e-05
0;5;11;0;6.55620169709e-05;6.55620169709e-05
0;5;12;0;0.000218694840441;0.000218694840441
0;5;13;0;8.82373642526e-05;8.82373642526e-05
0;5;14;0;0.000120583295939;0.000120583295939
0;5;15;0;0.000111487155664;0.000111487155664
0;5;16;0;0.000113750145829;0.000113750058517
0;5;17;0;8.36235412862e-05;8.35460668895e-05
0;6;0;0;4.17972369178e-05;4.17972332798e-05
0;6;1;0;2.29145498452e-05;2.29145025514e-05
0;6;2;0;1.84274649655e-05;1.84268810699e-05
0;6;3;0;1.32619352371e-05;1.32619270516e-05
0;6;4;0;0.000424874859164;0.000281218352029
0;6;5;0;8.04517840152e-05;7.9721234215e-05
0;6;6;0;2.83234167e-05;2.83234167e-05
0;6;7;0;2.77386861853e-05;2.74371686828e-05
0;6;8;0;0.000605930108577;0.000598235928919
0;6;9;0;0.000137597613502;0.00013759759895
0;6;10;0;5.77793871344e-05;4.80579328723e-05
0;6;11;0;6.82461541146e-05;6.82461541146e-05
0;6;12;0;0.000100835961348;4.39331961388e-05
0;6;13;0;0.000119046548207;0.000119046548207
0;6;14;0;0.000849226373248;0.000598242681008
0;6;15;0;0.000473693246022;0.000245144736255
0;6;16;0;0.000769719365053;0.000705684768036
0;6;17;0;0.000681885576341;0.000241143265157
0;7;0;0;1.30110993268e-05;1.30110984173e-05
0;7;1;0;8.91956278792e-06;8.91956096893e-06
0;7;2;0;5.35742913144e-07;5.35742913144e-07
0;7;3;0;5.45323700862e-07;5.45317107026e-07
0;7;4;0;2.05511096283e-05;2.05511078093e-05
0;7;5;0;9.74152590061e-06;9.74152590061e-06
0;7;6;0;3.00600891023e-06;3.00600208902e-06
0;7;7;0;1.36007474794e-06;1.36002904583e-06
0;7;8;0;2.07153607334e-05;2.07153589145e-05
0;7;9;0;1.39187397963e-06;1.39186363413e-06
0;7;10;0;1.65786877915e-06;1.65779499639e-06
0;7;11;0;3.07047230308e-07;3.07038533265e-07
0;7;12;0;1.41239172535e-06;1.41234716011e-06
0;7;13;0;2.82638922044e-07;2.82611040348e-07
0;7;14;0;2.11104943446e-05;2.11104888876e-05
0;7;15;0;2.16490007006e-05;2.16490007006e-05
0;7;16;0;1.68145907082e-05;1.68145761563e-05
0;7;17;0;2.02995533982e-06;2.02994237952e-06
0;8;0;0;2.65908965957e-07;2.65908624897e-07
0;8;1;0;2.23688005008e-07;2.23679265332e-07
0;8;2;0;3.17445653764e-07;3.17400719041e-07
0;8;3;0;6.38214743276e-08;6.38206145709e-08
0;8;4;0;1.37009965329e-06;1.3700995396e-06
0;8;5;0;7.72491034695e-07;7.72486487222e-07
0;8;6;0;5.17537273481e-07;5.17526473232e-07
0;8;7;0;1.67507110405e-07;1.67496011727e-07
0;8;8;0;1.32418858811e-06;1.32418836074e-06
0;8;9;0;8.43593852551e-07;8.43590896693e-07
0;8;10;0;2.62223011305e-07;2.62121034211e-07
0;8;11;0;1.38936371741e-07;1.38895245527e-07
0;8;12;0;1.31581145979e-07;1.31579568574e-07
0;8;13;0;1.39377476671e-07;1.39359798368e-07
0;8;14;0;8.15503426566e-06;8.15503426566e-06
0;8;15;0;2.08062078855e-06;2.08062010643e-06
0;8;16;0;1.21206812764e-06;1.21201787806e-06
0;8;17;0;9.02419259319e-08;9.0234728134e-08
0;9;0;0;7.83456144404e-08;6.91249724127e-08
0;9;1;0;8.87824569418e-07;8.87820306161e-07
0;9;2;0;8.19186709577e-08;8.18986549689e-08
0;9;3;0;5.48691190261e-08;5.4484058154e-08
0;9;4;0;1.30377003416e-07;1.30374900209e-07
0;9;5;0;3.10240665158e-07;3.1023986935e-07
0;9;6;0;1.68584136873e-07;1.68579632032e-07
0;9;7;0;2.91298761113e-07;2.91258373863e-07
0;9;8;0;1.94488961824e-07;1.94446968749e-07
0;9;9;0;2.92984907446e-07;2.92976125138e-07
0;9;10;0;1.47009615148e-07;1.46994651118e-07
0;9;11;0;1.45597638834e-07;1.44975473404e-07
0;9;12;0;4.91158864691e-08;4.91091256549e-08
0;9;13;0;1.08707531865e-07;1.08703943624e-07
0;9;14;0;1.46554938851e-07;1.46532073586e-07
0;9;15;0;3.35603317581e-07;3.35592488909e-07
0;9;16;0;1.84453071483e-07;1.84451209861e-07
0;9;17;0;1.74555722765e-07;1.74553278498e-07
1;0;0;0;6.3073621277e-06;6.3073621277e-06
1;0;1;0;5.11276448378e-06;5.11276448378e-06
1;0;2;0;2.82087057712e-06;2.82087034975e-06
1;0;3;0;2.83594613393e-06;2.83594613393e-06
1;0;4;0;6.11404993833e-06;6.11404993833e-06
1;0;5;0;2.62887874669e-06;2.62887874669e-06
1;0;6;0;3.4240201785e-06;3.4240201785e-06
1;0;7;0;2.48117407864e-06;2.48117407864e-06
1;0;8;0;2.58436080003e-06;2.58436080003e-06
1;0;9;0;4.19757316195e-06;4.1975727072e-06
1;0;10;0;1.87091063708e-06;1.87091040971e-06
1;0;11;0;1.47766763803e-06;1.4774735746e-06
1;0;12;0;2.80807876152e-06;2.80807876152e-06
1;0;13;0;1.45965429965e-06;1.45965429965e-06
1;0;14;0;2.71705857813e-07;2.53655230154e-07
1;0;15;0;2.06789195545e-06;2.06789195545e-06
1;0;16;0;2.87682837552e-06;2.87682837552e-06
1;0;17;0;1.27085073132e-07;1.08622870698e-07
1;1;0;0;1.02923622762e-05;1.02923622762e-05
1;1;1;0;1.01501691461e-05;1.01501691461e-05
1;1;2;0;5.15587953487e-06;5.15587953487e-06
1;1;3;0;5.58883084523e-06;5.58883084523e-06
1;1;4;0;1.09041429823e-05;1.09041429823e-05
1;1;5;0;5.73422448724e-06;5.73422403249e-06
1;1;6;0;6.45180898573e-06;6.45180898573e-06
1;1;7;0;5.23714379597e-06;5.23714334122e-06
1;1;8;0;6.24583981335e-06;6.24583981335e-06
1;1;9;0;5.785248959e-06;5.785248959e-06
1;1;10;0;4.02261093768e-06;4.02261093768e-06
1;1;11;0;3.17841318065e-06;3.17841318065e-06
1;1;12;0;5.18994875165e-06;5.18994875165e-06
1;1;13;0;2.37331687458e-06;2.37331687458e-06
1;1;14;0;6.28758743915e-06;6.28758743915e-06
1;1;15;0;4.95441236126e-06;4.95441236126e-06
1;1;16;0;5.01583099322e-06;5.01583099322e-06
1;1;17;0;3.08095968649e-06;3.08095968649e-06
1;2;0;0;2.04448060686e-05;2.04448042496e-05
1;2;1;0;1.83598567673e-05;1.83598567673e-05
1;2;2;0;1.11705521704e-05;1.11705521704e-05
1;2;3;0;1.07720697997e-05;1.07720697997e-05
1;2;4;0;1.98714260478e-05;1.98714260478e-05
1;2;5;0;1.48919325511e-05;1.48919325511e-05
1;2;6;0;1.36713597385e-05;1.3671358829e-05
1;2;7;0;1.07944733827e-05;1.07944733827e-05
1;2;8;0;1.24628559206e-05;1.24628559206e-05
1;2;9;0;1.19972692119e-05;1.19972692119e-05
1;2;10;0;8.04594219517e-06;8.04594219517e-06
1;2;11;0;6.81735673425e-06;6.81735673425e-06
1;2;12;0;8.64818139235e-06;8.64817957336e-06
1;2;13;0;6.04705519436e-06;6.04705519436e-06
1;2;14;0;1.01852529042e-05;1.01852529042e-05
1;2;15;0;9.95924528979e-06;9.95924528979e-06
1;2;16;0;8.90029514267e-06;8.90029423317e-06
1;2;17;0;5.85932320973e-06;5.85932320973e-06
1;3;0;0;3.32388517563e-05;3.32388517563e-05
1;3;1;0;3.61926795449e-05;3.61926795449e-05
1;3;2;0;1.70666935446e-05;1.41490036185e-05
1;3;3;0;2.61456334556e-05;2.61456334556e-05
1;3;4;0;2.99946877931e-05;2.99946877931e-05
1;3;5;0;2.22441540245e-05;2.22441540245e-05
1;3;6;0;2.9565544537e-05;2.9565544537e-05
1;3;7;0;3.39808684657e-05;3.39808575518e-05
1;3;8;0;1.87827499758e-05;1.87827499758e-05
1;3;9;0;2.96728812827e-05;2.96728812827e-05
1;3;10;0;1.63058193721e-05;1.63058193721e-05
1;3;11;0;1.48467916006e-05;1.48467916006e-05
1;3;12;0;1.45451704157e-05;1.45451704157e-05
1;3;13;0;1.13847499961e-05;1.13847499961e-05
1;3;14;0;2.06359345611e-05;2.06359345611e-05
1;3;15;0;1.90987593669e-05;1.90987593669e-05
1;3;16;0;1.62764226843e-05;1.62764226843e-05
1;3;17;0;1.07365322037e-05;1.07365322037e-05
1;4;0;0;7.51770494389e-05;7.51770494389e-05
1;4;1;0;6.65999032208e-05;6.65530824335e-05
1;4;2;0;5.24432034581e-05;5.2443054301e-05
1;4;3;0;5.6259737903e-05;5.3728603234e-05
1;4;4;0;0.0185772255063;0.00862706918269
1;4;5;0;0.0169109646231;0.00486856140196
1;4;6;0;0.000654281117022;0.000484561838675
1;4;7;0;0.000114982409286;9.63009733823e-05
1;4;8;0;0.000106922154373;7.63036805438e-05
1;4;9;0;0.0004788475635;0.00011039680976
1;4;10;0;0.000191264145542;0.000100117882539
1;4;11;0;0.000123797959532;8.83536195033e-05
1;4;12;0;0.00416519166902;0.00405906233937
1;4;13;0;0.000122301396914;0.000108032116259
1;4;14;0;3.72602044081e-05;3.72602044081e-05
1;4;15;0;6.8019668106e-05;6.22653169557e-05
1;4;16;0;5.91192001593e-05;4.47274142061e-05
1;4;17;0;7.97114189481e-05;2.79851337837e-05
1;5;0;0;0.040496326983;0.0403314903378
1;5;1;0;0.00674769422039;0.00383004383184
1;5;2;0;0.00377948093228;0.0024709191639
1;5;3;0;0.000955432245973;0.000488076038891
1;5;4;0;0.00161929312162;0.00130721426103
1;5;5;0;0.00117566459812;0.000804956885986
1;5;6;0;0.000861854234245;0.000364542618627
1;5;7;0;0.000561110326089;0.000496161053888
1;5;8;0;6.69447035762e-05;6.69447035762e-05
1;5;9;0;0.000158450959134;0.000158450813615
1;5;10;0;8.60160653247e-05;8.60139625729e-05
1;5;11;0;7.37924128771e-05;7.37888767617e-05
1;5;12;0;0.00014616829867;0.000146168240462
1;5;13;0;4.2164727347e-05;4.20954347646e-05
1;5;14;0;7.18917362974e-05;7.18917362974e-05
1;5;15;0;9.42442566156e-05;9.42442566156e-05
1;5;16;0;9.43809645833e-05;9.4380833616e-05
1;5;17;0;4.43338321929e-05;4.29544852523e-05
1;6;0;0;7.7952790889e-06;7.79524816608e-06
1;6;1;0;1.16617638923e-05;1.16616893138e-05
1;6;2;0;2.26855490837e-06;2.26821680371e-06
1;6;3;0;2.40181657318e-06;2.4017715532e-06
1;6;4;0;1.15262855616e-05;1.13263231469e-05
1;6;5;0;8.3323511717e-06;8.04812589195e-06
1;6;6;0;6.50313404549e-06;6.50313404549e-06
1;6;7;0;1.22686651594e-05;8.8110091383e-06
1;6;8;0;5.82347420277e-05;5.82345091971e-05
1;6;9;0;2.28006083489e-05;2.28006083489e-05
1;6;10;0;1.59386891028e-05;1.59325718414e-05
1;6;11;0;4.34809662693e-05;4.34809662693e-05
1;6;12;0;0.000146623817272;0.000106063882413
1;6;13;0;8.02961949375e-05;3.40386577591e-05
1;6;14;0;0.00237532239407;0.00198735715821
1;6;15;0;0.001373230014;0.00124413252342
1;6;16;0;0.000879338942468;0.000871572119649
1;6;17;0;0.00034394976683;0.000135658920044
1;7;0;0;2.80494816707e-07;2.80397813412e-07
1;7;1;0;3.07588067017e-07;3.0754023328e-07
1;7;2;0;7.47828963199e-08;7.44867136859e-08
1;7;3;0;1.26238333564e-07;1.26207410744e-07
1;7;4;0;4.06096631878e-07;4.06015061571e-07
1;7;5;0;5.75334979658e-08;5.75206371423e-08
1;7;6;0;1.69483271861e-07;1.6938930969e-07
1;7;7;0;5.62994024733e-08;5.60372832581e-08
1;7;8;0;3.06232720959e-07;3.06205237166e-07
1;7;9;0;5.34929142759e-07;5.34929142759e-07
1;7;10;0;1.80576265052e-07;1.78413912977e-07
1;7;11;0;1.34975962851e-07;1.34712308864e-07
1;7;12;0;8.68621441441e-08;8.65374261139e-08
1;7;13;0;2.71245824024e-07;2.71094990012e-07
1;7;14;0;3.34945667646e-07;3.3479244621e-07
1;7;15;0;4.13407775568e-07;4.13261261656e-07
1;7;16;0;4.19933797957e-07;4.19774380589e-07
1;7;17;0;2.79172354567e-07;2.79051874941e-07
1;8;0;0;1.04308412574e-07;1.04271201451e-07
1;8;1;0;1.07587950993e-07;1.07561717755e-07
1;8;2;0;2.94421170111e-07;2.94412330959e-07
1;8;3;0;5.10761175576e-08;5.10625817185e-08
1;8;4;0;1.31612708287e-07;1.31356287625e-07
1;8;5;0;1.56487818259e-08;1.54813548647e-08
1;8;6;0;4.61834197552e-08;4.6178445956e-08
1;8;7;0;5.2962075614e-08;5.29574997188e-08
1;8;8;0;5.37066036088e-08;5.36801110229e-08
1;8;9;0;1.34809866381e-07;1.34801950935e-07
1;8;10;0;7.00635780504e-08;6.9742100095e-08
1;8;11;0;5.05188033628e-08;5.04997892392e-08
1;8;12;0;5.16062037548e-08;5.15601925599e-08
1;8;13;0;1.27190986632e-07;1.27133446881e-07
1;8;14;0;5.46294600667e-08;4.56231354917e-08
1;8;15;0;1.55685597747e-07;1.55666242563e-07
1;8;16;0;4.40069669594e-07;4.39800885488e-07
1;8;17;0;3.21162829664e-08;3.20084829752e-08
1;9;0;0;9.24278253933e-08;9.24060756802e-08
1;9;1;0;9.20137438243e-07;9.20122772641e-07
1;9;2;0;7.41902255186e-08;7.4161619068e-08
1;9;3;0;6.27565981404e-08;6.25900398177e-08
1;9;4;0;7.52308366714e-08;7.52185442821e-08
1;9;5;0;2.95457994071e-07;2.95457397215e-07
1;9;6;0;1.22413332804e-08;1.22364056665e-08
1;9;7;0;2.91302484356e-07;2.91294526278e-07
1;9;8;0;1.5115827523e-07;1.51155830963e-07
1;9;9;0;2.92741134444e-07;2.92728458362e-07
1;9;10;0;1.24589234929e-07;1.24577923089e-07
1;9;11;0;1.46084019548e-07;1.46079557339e-07
1;9;12;0;4.56401743065e-08;4.56140085703e-08
1;9;13;0;9.16486015967e-08;9.16313780408e-08
1;9;14;0;1.80375806735e-07;1.80368971314e-07
1;9;15;0;1.07481142209e-07;1.07296123986e-07
1;9;16;0;1.44632650745e-07;1.4462258946e-07
1;9;17;0;1.49515201997e-07;1.49484279177e-07
2;0;0;0;2.9392954275e-06;2.9392954275e-06
2;0;1;0;2.85382293441e-06;2.85382293441e-06
2;0;2;0;1.39356859563e-06;1.39356859563e-06
2;0;3;0;1.80736469702e-06;1.80736469702e-06
2;0;4;0;2.24135942517e-06;2.24135942517e-06
2;0;5;0;1.44757143516e-06;1.44757143516e-06
2;0;6;0;1.61911225405e-06;1.61911225405e-06
2;0;7;0;1.57939109613e-06;1.57939109613e-06
2;0;8;0;1.42188480368e-06;1.42188480368e-06
2;0;9;0;1.44461944274e-06;1.44461944274e-06
2;0;10;0;8.77710192526e-07;8.77710192526e-07
2;0;11;0;8.25168740448e-07;8.25168740448e-07
2;0;12;0;1.59949604495e-06;1.59949593126e-06
2;0;13;0;1.45220406012e-06;1.45220406012e-06
2;0;14;0;1.15911447551e-07;8.87780586822e-08
2;0;15;0;1.14435295018e-06;1.14435295018e-06
2;0;16;0;1.09440679807e-06;1.09440679807e-06
2;0;17;0;1.09610176935e-07;8.97278980005e-08
2;1;0;0;4.7341127356e-06;4.7341127356e-06
2;1;1;0;4.05312266594e-06;4.05312221119e-06
2;1;2;0;2.62720527644e-06;2.62720504907e-06
2;1;3;0;3.05268713419e-06;3.05268713419e-06
2;1;4;0;4.4104317567e-06;4.4104317567e-06
2;1;5;0;2.08561755244e-06;2.08561755244e-06
2;1;6;0;2.79642836176e-06;2.79642836176e-06
2;1;7;0;2.75488650914e-06;2.75488650914e-06
2;1;8;0;3.02812190967e-06;3.02812190967e-06
2;1;9;0;2.57225019595e-06;2.57225019595e-06
2;1;10;0;2.12603004002e-06;2.12603004002e-06
2;1;11;0;1.50256380493e-06;1.50256380493e-06
2;1;12;0;2.64746063294e-06;2.64746063294e-06
2;1;13;0;2.09889230973e-06;2.09889230973e-06
2;1;14;0;2.96065149996e-06;2.96065149996e-06
2;1;15;0;2.22251128434e-06;2.22251128434e-06
2;1;16;0;2.08639380617e-06;2.08639380617e-06
2;1;17;0;1.94248195839e-06;1.94248195839e-06
2;2;0;0;9.76900355454e-06;9.76900355454e-06
2;2;1;0;8.72832606547e-06;8.72832606547e-06
2;2;2;0;3.94677454096e-06;3.94677454096e-06
2;2;3;0;4.62239040644e-06;4.62239040644e-06
2;2;4;0;9.22161143535e-06;9.22161143535e-06
2;2;5;0;4.46523154096e-06;4.46523154096e-06
2;2;6;0;7.10657513991e-06;7.10657513991e-06
2;2;7;0;4.31838088844e-06;4.31838088844e-06
2;2;8;0;6.57764940115e-06;6.57764940115e-06
2;2;9;0;4.37352673544e-06;4.37352673544e-06
2;2;10;0;3.5987532101e-06;3.5987532101e-06
2;2;11;0;2.74981948678e-06;2.74981948678e-06
2;2;12;0;4.1392941057e-06;4.1392941057e-06
2;2;13;0;3.37022947861e-06;3.37022947861e-06
2;2;14;0;4.64382037535e-06;4.64382037535e-06
2;2;15;0;4.58368913314e-06;4.58368913314e-06
2;2;16;0;4.11812698076e-06;4.11812698076e-06
2;2;17;0;3.30318562192e-06;3.30318562192e-06
2;3;0;0;1.49781644723e-05;1.49781644723e-05
2;3;1;0;1.72695854417e-05;1.72601030499e-05
2;3;2;0;8.00373072707e-06;5.50671029487e-06
2;3;3;0;6.47120305075e-06;6.4704217948e-06
2;3;4;0;1.40903548527e-05;1.40903548527e-05
2;3;5;0;9.04984244698e-06;9.04984244698e-06
2;3;6;0;1.38335999509e-05;1.38335981319e-05
2;3;7;0;6.74282364344e-06;6.74282318869e-06
2;3;8;0;9.03670388652e-06;9.03670388652e-06
2;3;9;0;1.54551798914e-05;1.54551798914e-05
2;3;10;0;5.7362494772e-06;5.7362494772e-06
2;3;11;0;4.36066920884e-06;4.357036687e-06
2;3;12;0;5.96391009822e-06;5.96391009822e-06
2;3;13;0;5.03627234139e-06;5.03627234139e-06
2;3;14;0;9.71018835116e-06;9.71018835116e-06
2;3;15;0;8.03391867521e-06;8.03391867521e-06
2;3;16;0;7.06312630427e-06;7.06312630427e-06
2;3;17;0;4.88263731313e-06;4.88263731313e-06
2;4;0;0;2.04951265914e-05;2.027289338e-05
2;4;1;0;3.079824819e-05;3.0798240914e-05
2;4;2;0;1.90217160707e-05;1.2595134649e-05
2;4;3;0;8.01397254691e-06;5.22556956639e-06
2;4;4;0;0.0188454687595;0.0180219393224
2;4;5;0;0.0173474606127;0.0165097508579
2;4;6;0;0.000798183376901;0.000202745985007
2;4;7;0;1.27987277665e-05;2.24809718929e-06
2;4;8;0;0.000492302584462;0.000270837830612
2;4;9;0;0.000661991944071;0.000291485630441
2;4;10;0;0.000452768261312;7.2389957495e-05
2;4;11;0;0.000135953989229;1.33328267111e-05
2;4;12;0;2.97237111226e-05;9.23455627344e-06
2;4;13;0;1.55946672749e-05;5.75382046009e-06
2;4;14;0;3.45551416103e-05;1.35021318783e-05
2;4;15;0;7.97998072812e-05;4.23304736614e-05
2;4;16;0;6.25042885076e-05;2.79720516119e-05
2;4;17;0;8.45707836561e-06;6.75818955642e-06
2;5;0;0;0.0194287188351;0.0191510375589
2;5;1;0;0.00170749949757;0.00126138573978
2;5;2;0;0.000256760715274;7.28776358301e-05
2;5;3;0;0.000116063645692;8.44818350743e-06
2;5;4;0;0.000730111263692;0.000457005982753
2;5;5;0;0.000455830304418;0.000324769527651
2;5;6;0;0.000249674427323;7.1591573942e-05
2;5;7;0;0.000178965987288;8.43446177896e-05
2;5;8;0;1.40842412293e-05;1.40842184919e-05
2;5;9;0;7.22723052604e-05;7.22723052604e-05
2;5;10;0;1.45965404954e-05;1.4596523215e-05
2;5;11;0;6.75133333061e-06;5.70999827687e-06
2;5;12;0;8.03981492936e-06;8.03981492936e-06
2;5;13;0;7.80802474765e-06;7.80802110967e-06
2;5;14;0;1.71927858901e-05;1.68668284459e-05
2;5;15;0;5.94118901063e-05;5.94118901063e-05
2;5;16;0;2.92085842375e-05;2.92085842375e-05
2;5;17;0;7.76792785473e-06;7.7310260167e-06
2;6;0;0;2.36257938013e-06;1.72716283942e-06
2;6;1;0;1.87538466889e-06;1.8062894469e-06
2;6;2;0;4.66576835834e-07;4.66546055122e-07
2;6;3;0;2.42984640408e-07;2.42980888743e-07
2;6;4;0;5.08454395458e-05;4.71180974273e-05
2;6;5;0;1.47542741615e-05;1.35555064844e-05
2;6;6;0;3.75654531126e-06;3.75645277018e-06
2;6;7;0;1.58413763529e-06;1.58363945957e-06
2;6;8;0;4.53305037809e-05;4.53305037809e-05
2;6;9;0;4.02543373639e-05;4.02543046221e-05
2;6;10;0;6.89041280566e-06;6.88543832439e-06
2;6;11;0;5.29689350515e-06;3.47675381818e-06
2;6;12;0;7.49793480281e-06;7.49791979615e-06
2;6;13;0;1.1685768186e-05;7.67277470004e-06
2;6;14;0;0.00124745070934;0.000542772875633
2;6;15;0;0.000288267649012;0.000220153044211
2;6;16;0;0.000220536472625;0.000220536472625
2;6;17;0;6.45476029604e-05;7.91871207184e-06
2;7;0;0;2.67410428023e-07;2.67052286063e-07
2;7;1;0;1.53675941306e-07;1.53558787019e-07
2;7;2;0;7.00479958482e-08;6.97639421787e-08
2;7;3;0;1.31898019617e-07;1.31722373453e-07
2;7;4;0;2.69403329867e-07;2.69078043402e-07
2;7;5;0;3.71638435581e-08;3.70990811405e-08
2;7;6;0;2.7046979767e-07;2.70331440788e-07
2;7;7;0;4.69098040412e-08;4.68618566174e-08
2;7;8;0;1.26802873979e-07;1.26770913766e-07
2;7;9;0;1.50227975837e-07;1.49951446815e-07
2;7;10;0;1.60633987889e-07;1.60633987889e-07
2;7;11;0;1.4051288133e-07;1.4045168939e-07
2;7;12;0;6.65569004354e-08;6.65467538852e-08
2;7;13;0;2.69174165624e-07;2.66277368155e-07
2;7;14;0;3.18493107443e-07;3.18297878721e-07
2;7;15;0;2.77821783357e-07;2.77557376194e-07
2;7;16;0;2.85958662971e-07;2.85753543494e-07
2;7;17;0;2.66841851726e-07;2.62339568735e-07
2;8;0;0;9.05276067442e-08;9.0515747786e-08
2;8;1;0;9.86513342127e-08;9.86324053542e-08
2;8;2;0;2.94597242601e-07;2.94578995863e-07
2;8;3;0;4.95388015054e-08;4.95376575316e-08
2;8;4;0;1.3195858628e-07;1.31890203647e-07
2;8;5;0;1.54867976221e-08;1.54054902168e-08
2;8;6;0;2.59281485171e-08;2.58530832298e-08
2;8;7;0;3.90849947962e-08;3.90595715771e-08
2;8;8;0;4.58846933782e-08;4.58250433155e-08
2;8;9;0;1.34414193553e-07;1.34383029149e-07
2;8;10;0;6.87768562102e-08;6.86363748059e-08
2;8;11;0;5.19532186161e-08;5.19225622497e-08
2;8;12;0;5.71090090773e-08;5.70137608236e-08
2;8;13;0;1.27196400967e-07;1.27048181753e-07
2;8;14;0;5.50753647133e-08;5.4937277838e-08
2;8;15;0;1.41964619615e-07;1.41938812703e-07
2;8;16;0;4.3972161734e-07;4.39571323341e-07
2;8;17;0;3.29602762861e-08;3.27269340517e-08
2;9;0;0;8.95343532648e-08;8.95311060845e-08
2;9;1;0;9.12092900762e-07;9.12088296445e-07
2;9;2;0;7.09476992711e-08;7.09050240744e-08
2;9;3;0;5.5168825952e-08;5.51398109394e-08
2;9;4;0;7.46685628883e-08;7.46673194385e-08
2;9;5;0;2.9543070923e-07;2.95430481856e-07
2;9;6;0;1.0597606348e-07;1.05973676057e-07
2;9;7;0;2.9036297633e-07;2.90341262144e-07
2;9;8;0;1.50332752469e-07;1.50331999293e-07
2;9;9;0;2.92872954333e-07;2.92872954333e-07
2;9;10;0;1.31463437469e-07;1.31436038942e-07
2;9;11;0;1.48104902564e-07;1.48098976638e-07
2;9;12;0;2.18483506842e-08;2.17561879623e-08
2;9;13;0;7.35858165513e-08;7.35336271873e-08
2;9;14;0;1.66720354855e-07;1.66664392509e-07
2;9;15;0;1.1122718746e-07;1.11062590236e-07
2;9;16;0;1.45633961779e-07;1.4561652506e-07
2;9;17;0;1.30394269604e-07;1.30364256279e-07
