0;0;0;0;6.43120401378e-08;6.42791917471e-08
0;0;1;0;6.00639253889e-08;6.0053750417e-08
0;0;2;0;7.45341779407e-08;7.45297583649e-08
0;0;3;0;6.1774436233e-08;6.17639628331e-08
0;0;4;0;1.14704789667e-07;1.1469811767e-07
0;0;5;0;5.65639908245e-08;5.65622926274e-08
0;0;6;0;1.16168145325e-07;1.16153273666e-07
0;0;7;0;5.95089773014e-08;5.95022733307e-08
0;0;8;0;4.87005280547e-08;4.86992242088e-08
0;0;9;0;1.39690399692e-07;1.39685397471e-07
0;0;10;0;8.50560653021e-08;8.50407388953e-08
0;0;11;0;5.85381378926e-08;5.85380277585e-08
0;0;12;0;9.02292711658e-08;9.01963446154e-08
0;0;13;0;5.72590401759e-08;5.72589300418e-08
0;0;14;0;9.98313041123e-08;9.98245042183e-08
0;0;15;0;1.25108726934e-07;1.25100314108e-07
0;0;16;0;5.77969494486e-08;5.77957806058e-08
0;0;17;0;1.2607399924e-07;1.26073587126e-07
0;1;0;0;5.36107265248e-08;5.34952881992e-08
0;1;1;0;2.49464449098e-07;2.49450977208e-07
0;1;2;0;1.5687160726e-07;1.56807587359e-07
0;1;3;0;8.04166617741e-08;8.03297623975e-08
0;1;4;0;5.42322915464e-08;5.41944871202e-08
0;1;5;0;5.67637634674e-08;5.67547218111e-08
0;1;6;0;5.10080653271e-08;5.09993363096e-08
0;1;7;0;3.83705334173e-08;3.83525424752e-08
0;1;8;0;5.16041112064e-08;5.15206828311e-08
0;1;9;0;1.98679003915e-07;1.98659051875e-07
0;1;10;0;8.14148251038e-08;8.13463856275e-08
0;1;11;0;1.29814836214e-07;1.29806736027e-07
0;1;12;0;5.86011843495e-08;5.85946438036e-08
0;1;13;0;6.00408789353e-09;5.99943739132e-09
0;1;14;0;4.25508233093e-08;4.25269881532e-08
0;1;15;0;6.39090700361e-08;6.38410924125e-08
0;1;16;0;2.26738094966e-08;2.26686598381e-08
0;1;17;0;4.75854520232e-08;4.75681787293e-08
0;2;0;0;2.16020552557e-07;2.15390883795e-07
0;2;1;0;8.97510119557e-08;8.92995188906e-08
0;2;2;0;6.45731645932e-08;6.45711963898e-08
0;2;3;0;9.155912295e-08;9.1552621484e-08
0;2;4;0;2.16604789216e-07;2.16554539634e-07
0;2;5;0;1.40122352832e-07;1.40079677635e-07
0;2;6;0;2.13002266491e-07;2.1241483239e-07
0;2;7;0;1.39117176445e-07;1.38642363368e-07
0;2;8;0;5.55289147997e-08;5.55283534709e-08
0;2;9;0;1.22355004351e-07;1.22351764276e-07
0;2;10;0;1.53033283823e-07;1.52740454951e-07
0;2;11;0;5.23328687052e-08;5.23321794788e-08
0;2;12;0;1.10791170016e-07;1.09649036517e-07
0;2;13;0;9.56127124141e-08;9.55944017278e-08
0;2;14;0;2.02773875912e-07;2.02744303124e-07
0;2;15;0;1.81089902185e-07;1.81072493888e-07
0;2;16;0;1.03977072285e-07;1.03549538721e-07
0;2;17;0;2.53322376409e-08;2.53180925114e-08
0;3;0;0;3.64748046877e-07;3.64745062598e-07
0;3;1;0;5.35017193215e-07;5.35005540314e-07
0;3;2;0;4.36232426182e-07;4.36228305034e-07
0;3;3;0;6.32623937236e-07;6.32623937236e-07
0;3;4;0;2.58918817053e-07;2.58652818275e-07
0;3;5;0;1.19257066444e-07;1.19189508041e-07
0;3;6;0;4.95245160437e-07;4.95243341447e-07
0;3;7;0;4.98689246342e-07;4.98606368637e-07
0;3;8;0;1.26939355027e-07;1.26688732394e-07
0;3;9;0;4.52923316629e-08;4.50894290793e-08
0;3;10;0;1.2134410099e-07;1.21235927963e-07
0;3;11;0;7.12800840574e-08;7.12800840574e-08
0;3;12;0;5.98830297349e-07;5.98655446993e-07
0;3;13;0;1.0117800997e-07;1.01177185741e-07
0;3;14;0;1.57467894724e-07;1.5740980075e-07
0;3;15;0;9.41875129001e-08;9.40350517453e-08
0;3;16;0;7.8359157385e-08;7.83149189942e-08
0;3;17;0;1.50433564272e-07;1.50427325707e-07
0;4;0;0;1.32213790494e-06;1.32212494464e-06
0;4;1;0;1.50459629822e-06;1.50444623159e-06
0;4;2;0;1.40178110541e-06;1.40178110541e-06
0;4;3;0;2.18951026909e-06;2.18907621274e-06
0;4;4;0;9.10029598344e-07;9.10000665044e-07
0;4;5;0;1.19499645734e-06;1.19494700357e-06
0;4;6;0;3.1593078802e-06;3.15929423778e-06
0;4;7;0;1.97165400095e-06;1.97165309146e-06
0;4;8;0;6.59703971451e-07;6.59697832361e-07
0;4;9;0;7.78669402735e-07;7.73806561938e-07
0;4;10;0;8.01318947197e-07;8.0015814774e-07
0;4;11;0;7.55572045819e-07;7.55567555188e-07
0;4;12;0;2.15077739085e-06;2.15076079257e-06
0;4;13;0;7.76237072841e-07;7.76144759129e-07
0;4;14;0;5.81650795084e-07;5.81590143156e-07
0;4;15;0;5.11849577833e-07;5.11702580752e-07
0;4;16;0;6.6613256422e-07;6.66130858917e-07
0;4;17;0;7.2478559332e-07;7.24785365946e-07
0;5;0;0;4.35994536474e-07;4.35968331658e-07
0;5;1;0;5.99202337526e-07;5.98548922426e-07
0;5;2;0;7.15366809345e-07;7.15090834547e-07
0;5;3;0;1.64190691976e-06;1.64190691976e-06
0;5;4;0;6.6314729338e-05;1.6333297026e-06
0;5;5;0;0.000365592655726;2.93289158435e-05
0;5;6;0;0.000351028313162;4.2475421651e-06
0;5;7;0;1.93969435713e-06;1.81305347269e-06
0;5;8;0;2.70976784122e-06;1.45490150771e-06
0;5;9;0;4.00789758714e-06;4.00719818572e-06
0;5;10;0;4.71135808766e-06;4.70678287456e-06
0;5;11;0;2.01345960704e-06;1.07317328002e-06
0;5;12;0;6.8128327257e-05;6.81260062265e-05
0;5;13;0;3.09054189529e-06;3.09048459712e-06
0;5;14;0;1.40051395192e-06;1.40040776841e-06
0;5;15;0;2.09880886359e-06;2.09786981031e-06
0;5;16;0;2.894554882e-06;2.894427098e-06
0;5;17;0;2.26111387747e-06;2.26105544243e-06
0;6;0;0;1.57763068387e-07;1.57289377967e-07
0;6;1;0;3.27274932488e-07;3.27148399037e-07
0;6;2;0;3.54746873654e-07;3.54429602112e-07
0;6;3;0;5.3156679769e-07;5.31511830104e-07
0;6;4;0;6.28945429071e-07;5.96501820382e-07
0;6;5;0;3.93110485675e-06;3.92769834434e-06
0;6;6;0;6.66191363052e-06;6.65910147291e-06
0;6;7;0;2.36630307882e-06;2.35184029407e-06
0;6;8;0;4.73156632097e-07;4.73156632097e-07
0;6;9;0;2.15819591176e-06;2.15698082684e-06
0;6;10;0;2.04942671189e-06;2.04938737625e-06
0;6;11;0;1.62325409292e-06;1.61886976002e-06
0;6;12;0;5.383779353e-06;5.38369704373e-06
0;6;13;0;1.22185053897e-06;1.22183018902e-06
0;6;14;0;3.86147974041e-07;3.86130551533e-07
0;6;15;0;3.76966710292e-07;3.76947497216e-07
0;6;16;0;1.77383401478e-06;1.7621545112e-06
0;6;17;0;1.55298744176e-06;1.55297448146e-06
0;7;0;0;2.66387104375e-07;2.66182581754e-07
0;7;1;0;1.50422565071e-07;1.5040376411e-07
0;7;2;0;6.53565024322e-08;6.53565024322e-08
0;7;3;0;1.25643822457e-07;1.25598262457e-07
0;7;4;0;2.6912954354e-07;2.69005056452e-07
0;7;5;0;3.91131820265e-08;3.91120913434e-08
0;7;6;0;2.70241201861e-07;2.70214115972e-07
0;7;7;0;5.02515220546e-08;5.01482269044e-08
0;7;8;0;1.20677327686e-07;1.20571456819e-07
0;7;9;0;1.49883504719e-07;1.49883504719e-07
0;7;10;0;1.53422590188e-07;1.53422590188e-07
0;7;11;0;1.31678675075e-07;1.31637676759e-07
0;7;12;0;7.82909665986e-08;7.82909665986e-08
0;7;13;0;2.6664540087e-07;2.66417004013e-07
0;7;14;0;2.59750095211e-07;2.5829959327e-07
0;7;15;0;2.66948774197e-07;2.66468674681e-07
0;7;16;0;2.69584631951e-07;2.68993460395e-07
0;7;17;0;3.07598980953e-07;3.07355918494e-07
0;8;0;0;7.53030491296e-08;7.52999582687e-08
0;8;1;0;9.59864365768e-08;9.59843831083e-08
0;8;2;0;2.93915604743e-07;2.93907248761e-07
0;8;3;0;4.93765561771e-08;4.93760516918e-08
0;8;4;0;1.31451727725e-07;1.31448246066e-07
0;8;5;0;1.2540954053e-08;1.25130386053e-08
0;8;6;0;2.57088270672e-08;2.56740921856e-08
0;8;7;0;1.32004515763e-07;1.31885158794e-07
0;8;8;0;4.52841533161e-08;4.52361454961e-08
0;8;9;0;1.34358586479e-07;1.34349861014e-07
0;8;10;0;6.91581902856e-08;6.85251819732e-08
0;8;11;0;4.94436207532e-08;4.93433240933e-08
0;8;12;0;5.30228199125e-08;5.30087369555e-08
0;8;13;0;1.27217163026e-07;1.27183270138e-07
0;8;14;0;4.90549609822e-08;4.90007856513e-08
0;8;15;0;1.47043536458e-07;1.47039941112e-07
0;8;16;0;4.38611522213e-07;4.38458556573e-07
0;8;17;0;3.18662358723e-08;3.16709645176e-08
0;9;0;0;7.83455220699e-08;7.8345458121e-08
0;9;1;0;8.79112747043e-07;8.7909523927e-07
0;9;2;0;7.98274228941e-08;7.97869361691e-08
0;9;3;0;5.48540342038e-08;5.48127836453e-08
0;9;4;0;7.1234886434e-08;7.12348722232e-08
0;9;5;0;2.95577081033e-07;2.95577081033e-07
0;9;6;0;1.07007259942e-07;1.07006989936e-07
0;9;7;0;2.91299272703e-07;2.91297027388e-07
0;9;8;0;1.47437106079e-07;1.47437106079e-07
0;9;9;0;2.91978096811e-07;2.91978096811e-07
0;9;10;0;1.16954055329e-07;1.16948200457e-07
0;9;11;0;1.45597638834e-07;1.45586895428e-07
0;9;12;0;4.83971120957e-08;4.83803717088e-08
0;9;13;0;9.05218016101e-08;9.05217945046e-08
0;9;14;0;1.0968076225e-07;1.09678921945e-07
0;9;15;0;1.13365466348e-07;1.13353557651e-07
0;9;16;0;1.44582003259e-07;1.44570506677e-07
0;9;17;0;1.47537932094e-07;1.47537932094e-07
1;0;0;0;8.31299473703e-08;8.3106932891e-08
1;0;1;0;5.82111248093e-08;5.8204751241e-08
1;0;2;0;7.56783293809e-08;7.56783009592e-08
1;0;3;0;6.37680557247e-08;6.37658033042e-08
1;0;4;0;1.15414337643e-07;1.15404866108e-07
1;0;5;0;6.1739171997e-08;6.17376656464e-08
1;0;6;0;2.70579754158e-08;2.7056477947e-08
1;0;7;0;5.30545172239e-08;5.30521369058e-08
1;0;8;0;5.04946164881e-08;5.04929928979e-08
1;0;9;0;1.29161165319e-07;1.29134335225e-07
1;0;10;0;8.61994422507e-08;8.60543210024e-08
1;0;11;0;5.72437102164e-08;5.72434224466e-08
1;0;12;0;8.73216663422e-08;8.71865211138e-08
1;0;13;0;6.08344734587e-08;6.08340045005e-08
1;0;14;0;1.15705489634e-07;1.15692166958e-07
1;0;15;0;1.29158124196e-07;1.29145234951e-07
1;0;16;0;6.64232970848e-08;6.64034516262e-08
1;0;17;0;1.27077328216e-07;1.27076674517e-07
1;1;0;0;8.26186266067e-08;8.26118196073e-08
1;1;1;0;2.46260043468e-07;2.4625575179e-07
1;1;2;0;1.5925468233e-07;1.59226772212e-07
1;1;3;0;8.53811457091e-08;8.52258779105e-08
1;1;4;0;5.83940256149e-08;5.83799000253e-08
1;1;5;0;5.31062944731e-08;5.30990895697e-08
1;1;6;0;1.62094835332e-07;1.62041473573e-07
1;1;7;0;4.47598331732e-08;4.47340440246e-08
1;1;8;0;9.07200714551e-08;9.06676262957e-08
1;1;9;0;1.99856202698e-07;1.99846539317e-07
1;1;10;0;8.38989890894e-08;8.38750935372e-08
1;1;11;0;1.29525318471e-07;1.29520955738e-07
1;1;12;0;5.83165125079e-08;5.82998751497e-08
1;1;13;0;5.51561063489e-09;5.50060530458e-09
1;1;14;0;4.34914859682e-08;4.34896172408e-08
1;1;15;0;6.14113133679e-08;6.13918018644e-08
1;1;16;0;2.27749623605e-08;2.27542322762e-08
1;1;17;0;4.82716977501e-08;4.82484701081e-08
1;2;0;0;2.13785540382e-07;2.13079431433e-07
1;2;1;0;9.44756095578e-08;9.44719360518e-08
1;2;2;0;5.10792794728e-08;5.10792794728e-08
1;2;3;0;6.79275515836e-08;6.7563107109e-08
1;2;4;0;2.18394532681e-07;2.18127880203e-07
1;2;5;0;1.40405532534e-07;1.40363695778e-07
1;2;6;0;1.72464922343e-08;1.72151057853e-08
1;2;7;0;1.40001674254e-07;1.39713719705e-07
1;2;8;0;4.55797852794e-08;4.55627322538e-08
1;2;9;0;1.19209659033e-07;1.19199206949e-07
1;2;10;0;1.50594601678e-07;1.50491857198e-07
1;2;11;0;5.12164319844e-08;5.11008337867e-08
1;2;12;0;1.05134887463e-07;1.05093334923e-07
1;2;13;0;9.44174587403e-08;9.44107441114e-08
1;2;14;0;2.0573034476e-07;2.05717412882e-07
1;2;15;0;1.58232538183e-07;1.58223812718e-07
1;2;16;0;1.05774297765e-07;1.05268753714e-07
1;2;17;0;2.58901877714e-08;2.58551491328e-08
1;3;0;0;7.15682915597e-07;7.15670239515e-07
1;3;1;0;2.7635772426e-07;2.7616783882e-07
1;3;2;0;2.88344750743e-07;2.88316840624e-07
1;3;3;0;3.07269033328e-07;3.07263064769e-07
1;3;4;0;5.15976182669e-07;5.1596589401e-07
1;3;5;0;8.1530664886e-08;8.14701692775e-08
1;3;6;0;1.48748142692e-07;1.4750527555e-07
1;3;7;0;3.01676351455e-07;3.01669473401e-07
1;3;8;0;1.36203553325e-07;1.35237854693e-07
1;3;9;0;1.08133146881e-08;1.07302602359e-08
1;3;10;0;8.89839242291e-08;8.89839242291e-08
1;3;11;0;5.23853422862e-08;5.01444645806e-08
1;3;12;0;2.59275651615e-07;2.59275651615e-07
1;3;13;0;7.05860685457e-08;7.0055939716e-08
1;3;14;0;1.61054686032e-07;1.60703265806e-07
1;3;15;0;1.06762335861e-07;1.0660586014e-07
1;3;16;0;7.65948797721e-08;7.65792407265e-08
1;3;17;0;1.4222374034e-07;1.41654680874e-07
1;4;0;0;2.48133187597e-06;2.48131891567e-06
1;4;1;0;3.41681948157e-06;3.41679537996e-06
1;4;2;0;1.6446316522e-06;1.6446057316e-06
1;4;3;0;1.79718563231e-06;1.79716460025e-06
1;4;4;0;2.06818367587e-06;2.06818072002e-06
1;4;5;0;2.85041483039e-06;2.85035844172e-06
1;4;6;0;1.60667889304e-06;1.60659624271e-06
1;4;7;0;1.58367845415e-06;1.58365639891e-06
1;4;8;0;6.93178549227e-07;6.93134495577e-07
1;4;9;0;2.43580007009e-06;2.43577051151e-06
1;4;10;0;5.72067278881e-07;5.71666134874e-07
1;4;11;0;5.14019518505e-07;5.14012867825e-07
1;4;12;0;1.39517726438e-06;1.39018493428e-06
1;4;13;0;4.22738878569e-07;4.22690078494e-07
1;4;14;0;8.47506498758e-07;8.4748808149e-07
1;4;15;0;8.61395847096e-07;8.61366856952e-07
1;4;16;0;4.92043852773e-07;4.92037997901e-07
1;4;17;0;4.56214706901e-07;4.56214706901e-07
1;5;0;0;2.7154453619e-06;2.71539465757e-06
1;5;1;0;3.0935777886e-06;3.09330425807e-06
1;5;2;0;4.45866908194e-06;4.45775276603e-06
1;5;3;0;4.72463534607e-06;4.72463534607e-06
1;5;4;0;0.00116132805124;4.57202659163e-05
1;5;5;0;0.00115427700803;6.41608130536e-05
1;5;6;0;0.00108232651837;1.82445346582e-05
1;5;7;0;6.0599390963e-06;6.0599390963e-06
1;5;8;0;2.74272542811e-06;2.57533133663e-06
1;5;9;0;1.71951814991e-05;1.71949377545e-05
1;5;10;0;6.73304521115e-06;3.55411680175e-06
1;5;11;0;2.17837805394e-06;2.16973262468e-06
1;5;12;0;1.19458973131e-05;1.1940605873e-05
1;5;13;0;2.09234258364e-06;2.0848224267e-06
1;5;14;0;2.77985805042e-06;2.77982599073e-06
1;5;15;0;9.34036961553e-06;9.33544652071e-06
1;5;16;0;3.19980290442e-06;3.19980290442e-06
1;5;17;0;1.88211947716e-06;1.88190983863e-06
1;6;0;0;2.5156632546e-06;2.51547976404e-06
1;6;1;0;5.95928986513e-06;5.86305895922e-06
1;6;2;0;4.76164086649e-06;1.71369845248e-06
1;6;3;0;4.08797041018e-06;4.08553569287e-06
1;6;4;0;2.56812063526e-06;2.56294993051e-06
1;6;5;0;1.98830184672e-05;1.98598972929e-05
1;6;6;0;1.67978341779e-05;1.67975449585e-05
1;6;7;0;9.6766052593e-06;9.67648884398e-06
1;6;8;0;1.54010842834e-06;1.54007022957e-06
1;6;9;0;8.02440899861e-06;8.02258091426e-06
1;6;10;0;1.11110875878e-05;1.11110875878e-05
1;6;11;0;9.16320186661e-06;9.16320186661e-06
1;6;12;0;0.00350228487514;0.000128684841911
1;6;13;0;8.29046075523e-06;8.29034524941e-06
1;6;14;0;1.50386983933e-06;1.50386983933e-06
1;6;15;0;3.67756229025e-06;3.67756229025e-06
1;6;16;0;1.55307334353e-05;1.55298203026e-05
1;6;17;0;5.98424321652e-06;5.98345286562e-06
1;7;0;0;2.67712863433e-07;2.67500695372e-07
1;7;1;0;1.56636900783e-07;1.56081341629e-07
1;7;2;0;8.9155157923e-08;8.9155157923e-08
1;7;3;0;1.26898456188e-07;1.268577563e-07
1;7;4;0;2.74878772188e-07;2.7475144293e-07
1;7;5;0;3.79614242263e-08;3.78600581996e-08
1;7;6;0;1.83761088124e-07;1.83761073913e-07
1;7;7;0;8.25425132689e-08;8.24285706358e-08
1;7;8;0;1.46150938463e-07;1.44813029124e-07
1;7;9;0;1.83049522207e-07;1.82617810651e-07
1;7;10;0;3.76707134819e-07;3.76707106398e-07
1;7;11;0;1.2494430166e-06;1.24943198898e-06
1;7;12;0;2.46175034135e-07;2.46175034135e-07
1;7;13;0;1.41595467085e-06;1.41574014378e-06
1;7;14;0;3.1909243603e-07;3.18188909887e-07
1;7;15;0;3.6857815644e-07;3.68158310948e-07
1;7;16;0;3.69957183466e-06;3.69949611922e-06
1;7;17;0;4.12778308601e-06;4.12703002439e-06
1;8;0;0;9.75628609012e-08;9.75312985929e-08
1;8;1;0;1.01955613729e-07;1.01953609999e-07
1;8;2;0;2.94392521027e-07;2.94370835263e-07
1;8;3;0;4.97252337084e-08;4.97236918306e-08
1;8;4;0;1.31612566179e-07;1.31588450358e-07
1;8;5;0;1.56487818259e-08;1.55982906591e-08
1;8;6;0;4.61375471161e-08;4.61330991186e-08
1;8;7;0;5.29674508698e-08;5.2950412055e-08
1;8;8;0;4.86599134319e-08;4.86598459304e-08
1;8;9;0;1.34773699756e-07;1.34718675326e-07
1;8;10;0;7.25169684301e-08;7.24657098772e-08
1;8;11;0;5.38359259394e-08;5.38344835377e-08
1;8;12;0;5.21704350831e-08;5.18665075333e-08
1;8;13;0;1.27200209477e-07;1.27028741304e-07
1;8;14;0;5.4646257297e-08;5.46444240968e-08
1;8;15;0;1.41888108374e-07;1.41850080126e-07
1;8;16;0;4.40695060888e-07;4.40300283344e-07
1;8;17;0;3.2524305027e-08;3.22320481416e-08
1;9;0;0;9.24152132598e-08;9.2398174445e-08
1;9;1;0;9.20057118492e-07;9.20053082609e-07
1;9;2;0;7.40734265037e-08;7.40014982625e-08
1;9;3;0;6.27565981404e-08;6.26867873166e-08
1;9;4;0;7.51906625851e-08;7.51756843442e-08
1;9;5;0;2.95458704613e-07;2.95457283528e-07
1;9;6;0;1.22394041568e-08;1.22365602095e-08
1;9;7;0;2.91305155997e-07;2.91296686328e-07
1;9;8;0;1.51040126184e-07;1.51039429852e-07
1;9;9;0;2.92741134444e-07;2.92738349117e-07
1;9;10;0;1.23407161823e-07;1.23360820226e-07
1;9;11;0;1.46080282093e-07;1.4607158505e-07
1;9;12;0;4.56260949022e-08;4.56076207911e-08
1;9;13;0;9.0752010351e-08;9.0752010351e-08
1;9;14;0;1.66885754993e-07;1.66872212048e-07
1;9;15;0;1.0745571899e-07;1.07455711884e-07
1;9;16;0;1.44559365367e-07;1.44535931668e-07
1;9;17;0;1.48856429405e-07;1.48854326198e-07
2;0;0;0;7.4154087315e-08;7.40319165971e-08
2;0;1;0;6.04708603191e-08;6.04663270565e-08
2;0;2;0;6.11854318322e-08;6.1183882849e-08
2;0;3;0;5.62587878505e-08;5.62547519678e-08
2;0;4;0;1.14815200902e-07;1.14809083129e-07
2;0;5;0;5.03173041011e-08;5.03148704922e-08
2;0;6;0;1.15577428517e-07;1.15554243507e-07
2;0;7;0;4.28713633482e-08;4.2855806015e-08
2;0;8;0;4.83673154861e-08;4.83652300431e-08
2;0;9;0;1.30329226522e-07;1.30321907932e-07
2;0;10;0;8.23166033115e-08;8.22525763056e-08
2;0;11;0;6.12465456129e-08;6.1246531402e-08
2;0;12;0;9.97448239559e-08;9.96706859269e-08
2;0;13;0;7.14341439334e-08;7.1434037352e-08
2;0;14;0;1.15872154538e-07;1.15870854245e-07
2;0;15;0;1.29525176362e-07;1.29523172632e-07
2;0;16;0;6.46986038078e-08;6.46984403829e-08
2;0;17;0;1.09605544196e-07;1.09604130216e-07
2;1;0;0;7.05483031993e-08;7.05244289634e-08
2;1;1;0;2.44048862896e-07;2.4403047405e-07
2;1;2;0;1.65293585042e-07;1.64916627909e-07
2;1;3;0;8.33790636534e-08;8.33720008586e-08
2;1;4;0;5.48257546029e-08;5.47980754106e-08
2;1;5;0;5.13449585071e-08;5.13409403879e-08
2;1;6;0;5.08076247741e-08;5.07978867859e-08
2;1;7;0;3.25416031899e-08;3.23927515922e-08
2;1;8;0;8.03377915304e-08;8.02047921411e-08
2;1;9;0;1.99660334488e-07;1.99643821475e-07
2;1;10;0;7.65671686054e-08;7.65133023606e-08
2;1;11;0;1.30178818836e-07;1.30174683477e-07
2;1;12;0;5.57085080288e-08;5.57019141922e-08
2;1;13;0;8.71003535963e-09;8.70189609259e-09
2;1;14;0;4.09122371536e-08;4.08959692777e-08
2;1;15;0;6.07524555107e-08;6.07135248742e-08
2;1;16;0;2.0981600457e-08;2.07177990319e-08
2;1;17;0;4.60886582232e-08;4.60823059711e-08
2;2;0;0;2.1524083138e-07;2.14995054648e-07
2;2;1;0;9.28100476472e-08;9.27904721948e-08
2;2;2;0;1.05345215218e-07;1.0532878747e-07
2;2;3;0;1.58628679969e-07;1.58563864261e-07
2;2;4;0;2.17432202021e-07;2.17354838128e-07
2;2;5;0;1.40139576388e-07;1.40018855177e-07
2;2;6;0;2.12843261238e-07;2.12321296544e-07
2;2;7;0;1.66444138472e-07;1.6599985031e-07
2;2;8;0;4.29418172132e-08;4.2927240429e-08
2;2;9;0;1.3076480343e-07;1.30762003892e-07
2;2;10;0;1.84399695513e-07;1.84388113667e-07
2;2;11;0;5.34223048021e-08;5.32869428582e-08
2;2;12;0;1.14747429336e-07;1.14719512112e-07
2;2;13;0;7.39835925856e-08;7.15067542956e-08
2;2;14;0;2.05893272209e-07;2.05861226732e-07
2;2;15;0;1.61210394367e-07;1.61185525371e-07
2;2;16;0;1.2084615264e-07;1.18709515107e-07
2;2;17;0;2.93722166589e-08;2.9302853477e-08
2;3;0;0;2.98449776892e-07;2.98441790392e-07
2;3;1;0;2.58897415506e-07;2.58884568893e-07
2;3;2;0;3.00427416278e-07;3.00412182241e-07
2;3;3;0;5.22337927578e-07;5.22335938058e-07
2;3;4;0;1.95814237713e-07;1.95814237713e-07
2;3;5;0;7.35366967319e-08;7.35121759021e-08
2;3;6;0;2.73666614703e-07;2.73661299843e-07
2;3;7;0;4.9213440434e-07;4.92133949592e-07
2;3;8;0;4.18161718585e-08;4.16438581397e-08
2;3;9;0;1.57972781523e-08;1.57400688039e-08
2;3;10;0;1.04110299048e-07;1.03139875307e-07
2;3;11;0;7.53030633405e-08;7.52730500153e-08
2;3;12;0;4.26017606969e-07;4.26007630949e-07
2;3;13;0;1.92877024574e-07;1.92757042328e-07
2;3;14;0;1.38382148407e-07;1.38033158237e-07
2;3;15;0;8.54395949546e-08;8.53974100323e-08
2;3;16;0;7.64691066024e-08;7.62549419164e-08
2;3;17;0;2.00841441256e-07;2.00744793233e-07
2;4;0;0;1.58149362051e-06;1.58132206707e-06
2;4;1;0;1.33057835683e-06;1.33037326577e-06
2;4;2;0;1.0437348692e-06;1.04372691112e-06
2;4;3;0;1.35284426506e-06;1.35283812597e-06
2;4;4;0;1.29283807837e-06;1.29283716888e-06
2;4;5;0;3.59254613613e-07;3.59105968073e-07
2;4;6;0;1.5646768361e-06;1.5646768361e-06
2;4;7;0;1.19378535146e-06;1.19375670238e-06
2;4;8;0;4.42275393198e-07;4.4135316557e-07
2;4;9;0;7.0183864409e-07;7.01767248756e-07
2;4;10;0;5.34826767762e-07;5.34558239451e-07
2;4;11;0;5.1592780892e-07;5.15910926424e-07
2;4;12;0;1.08405663468e-06;1.08304925561e-06
2;4;13;0;6.38065273506e-07;6.38060214442e-07
2;4;14;0;4.73997033623e-07;4.73996237815e-07
2;4;15;0;4.44533185373e-07;4.44523465148e-07
2;4;16;0;3.84784527796e-07;3.84687268706e-07
2;4;17;0;6.1979972088e-07;6.19797106083e-07
2;5;0;0;1.99507121579e-06;1.99500163944e-06
2;5;1;0;1.08459407784e-05;1.08452240966e-05
2;5;2;0;2.21608365791e-06;2.18555510401e-06
2;5;3;0;2.08031246984e-06;2.07154744203e-06
2;5;4;0;1.92780844372e-05;1.43814640978e-05
2;5;5;0;2.64985173999e-05;2.5429735615e-05
2;5;6;0;2.63361980615e-05;2.48208270932e-05
2;5;7;0;2.10269240597e-06;2.10034090742e-06
2;5;8;0;1.45062051615e-06;1.45061289913e-06
2;5;9;0;4.42747204943e-06;4.42741247753e-06
2;5;10;0;2.81834900306e-06;2.52918425758e-06
2;5;11;0;1.43646423112e-06;1.43593013036e-06
2;5;12;0;2.03654099096e-06;2.03637591767e-06
2;5;13;0;1.55908276156e-06;1.55906241162e-06
2;5;14;0;1.61707146162e-06;1.61685170497e-06
2;5;15;0;2.05658579944e-06;2.05650985663e-06
2;5;16;0;2.0428899461e-06;2.04276739169e-06
2;5;17;0;1.49446896103e-06;1.49406628225e-06
2;6;0;0;7.45780971556e-06;7.21956303096e-06
2;6;1;0;5.35115941602e-06;5.35103345101e-06
2;6;2;0;9.89887325886e-07;9.89871864476e-07
2;6;3;0;1.98669127371e-07;1.98667748919e-07
2;6;4;0;4.58260292362e-05;4.58260292362e-05
2;6;5;0;6.77542702761e-05;6.75080373185e-05
2;6;6;0;3.10729556077e-05;3.10119430651e-05
2;6;7;0;1.81652740139e-06;1.8165272877e-06
2;6;8;0;1.83826941793e-05;1.2570160834e-05
2;6;9;0;0.000838666514028;5.24953829881e-05
2;6;10;0;3.21419338434e-06;2.96954658552e-06
2;6;11;0;1.80676090622e-06;6.98704809565e-07
2;6;12;0;1.88215142316e-06;1.88042372429e-06
2;6;13;0;1.94588119484e-06;1.94588119484e-06
2;6;14;0;5.93714094066e-06;5.93704453422e-06
2;6;15;0;2.73992263828e-05;2.73992136499e-05
2;6;16;0;5.76184720558e-06;5.72640419705e-06
2;6;17;0;2.13730663745e-06;2.1361574909e-06
2;7;0;0;2.67435268597e-07;2.67340823257e-07
2;7;1;0;1.96595848934e-07;1.96579023282e-07
2;7;2;0;8.01706647735e-08;7.97283732368e-08
2;7;3;0;1.28847091219e-07;1.28847091219e-07
2;7;4;0;5.40108032965e-07;5.40094902135e-07
2;7;5;0;1.99336909645e-07;1.99322641947e-07
2;7;6;0;2.7216901799e-07;2.72149605962e-07
2;7;7;0;4.87368652102e-08;4.855160185e-08
2;7;8;0;6.10074664564e-07;5.84613530918e-07
2;7;9;0;3.26751660396e-07;3.21628021993e-07
2;7;10;0;1.84775288403e-07;1.84770357237e-07
2;7;11;0;1.74440501155e-07;1.74379991336e-07
2;7;12;0;1.18592737408e-07;1.18592737408e-07
2;7;13;0;3.14607945029e-07;3.14560708148e-07
2;7;14;0;1.78836512532e-06;1.78822551788e-06
2;7;15;0;8.26729717573e-07;8.26529287679e-07
2;7;16;0;4.48380831131e-07;4.48023655508e-07
2;7;17;0;3.07286967427e-07;3.07059167426e-07
2;8;0;0;9.01774441786e-08;9.01641072915e-08
2;8;1;0;9.73417542127e-08;9.73104619106e-08
2;8;2;0;2.94572998882e-07;2.94560521752e-07
2;8;3;0;4.83293867148e-08;4.83291771047e-08
2;8;4;0;1.3195858628e-07;1.31854761776e-07
2;8;5;0;1.5491501415e-08;1.54259822693e-08
2;8;6;0;2.59279424597e-08;2.58684789145e-08
2;8;7;0;3.90497589819e-08;3.9049385947e-08
2;8;8;0;4.58921931568e-08;4.58834463757e-08
2;8;9;0;1.3441729152e-07;1.34209315661e-07
2;8;10;0;6.81284291204e-08;6.8052074198e-08
2;8;11;0;5.05876478485e-08;5.05864399258e-08
2;8;12;0;5.69627687241e-08;5.69498581626e-08
2;8;13;0;1.27173294118e-07;1.27063984223e-07
2;8;14;0;5.50683338929e-08;5.3987559312e-08
2;8;15;0;1.41952440913e-07;1.41938272691e-07
2;8;16;0;4.38750390686e-07;4.38678938508e-07
2;8;17;0;3.26912292792e-08;3.26332525447e-08
2;9;0;0;8.95228069453e-08;8.95168881243e-08
2;9;1;0;9.12080736271e-07;9.12075392989e-07
2;9;2;0;7.0809299757e-08;7.08063083721e-08
2;9;3;0;5.51597771903e-08;5.51492433942e-08
2;9;4;0;7.46711492638e-08;7.46698631815e-08
2;9;5;0;2.95430595543e-07;2.95430396591e-07
2;9;6;0;1.05954811147e-07;1.05953994023e-07
2;9;7;0;2.90362947908e-07;2.90353369792e-07
2;9;8;0;1.50332425619e-07;1.50332397197e-07
2;9;9;0;2.92869771101e-07;2.9286857739e-07
2;9;10;0;1.31080824417e-07;1.31074187948e-07
2;9;11;0;1.4809219806e-07;1.48089171148e-07
2;9;12;0;2.18297859789e-08;2.17627071919e-08
2;9;13;0;7.28317601784e-08;7.28317530729e-08
2;9;14;0;1.65931496099e-07;1.65929037621e-07
2;9;15;0;1.11098046318e-07;1.11008908732e-07
2;9;16;0;1.45605994817e-07;1.45603792134e-07
2;9;17;0;1.29607641952e-07;1.29607641952e-07
