0;0;0;0;9.94740912574e-05;8.97151403478e-05
0;0;1;0;7.69791877246e-05;6.43124221824e-05
0;0;2;0;6.95561539032e-05;9.7352267403e-06
0;0;3;0;3.59545592801e-05;1.93249343283e-05
0;0;4;0;2.86280919681e-06;9.08631307084e-07
0;0;5;0;3.22974483424e-05;3.11061448883e-05
0;0;6;0;5.45410584891e-05;5.21933434356e-05
0;0;7;0;1.70796283783e-05;1.39046542245e-05
0;0;8;0;4.19667367169e-06;2.66138226834e-06
0;0;9;0;1.04093796836e-05;9.1657620942e-06
0;0;10;0;1.39448056871e-05;1.39448056871e-05
0;0;11;0;4.06096205552e-06;2.56498628914e-06
0;0;12;0;1.24882162709e-05;6.80292077959e-06
0;0;13;0;1.20057520689e-05;8.76163721841e-06
0;0;14;0;9.98575941935e-08;6.79132341475e-08
0;0;15;0;4.78416723126e-06;4.0256113607e-06
0;0;16;0;4.46252579422e-06;3.65504115507e-06
0;0;17;0;1.65479562497e-07;7.89373970633e-08
0;1;0;0;0.000615608587395;5.33611237188e-05
0;1;1;0;0.00107814872172;0.000130784348585
0;1;2;0;0.000982650672086;9.73297719611e-05
0;1;3;0;0.000713585992344;9.93728317553e-05
0;1;4;0;0.00032658118289;6.50655201753e-05
0;1;5;0;0.000427640043199;8.33100857562e-05
0;1;6;0;0.000452813546872;7.1160357038e-05
0;1;7;0;0.000425635458669;6.41071164864e-05
0;1;8;0;0.000233445651247;6.38647616142e-05
0;1;9;0;0.000208092198591;7.07653598511e-05
0;1;10;0;0.00029217833071;2.3323638743e-05
0;1;11;0;0.000261138979113;1.92689676624e-05
0;1;12;0;0.000331939780153;9.07717258087e-05
0;1;13;0;0.000207531891647;2.71253284154e-05
0;1;14;0;7.70371188992e-05;6.70857771183e-05
0;1;15;0;0.000176758112502;3.52272763848e-05
0;1;16;0;0.000168207639945;3.36382254318e-05
0;1;17;0;7.57140514906e-05;3.03414362861e-05
0;2;0;0;0.00181331310887;0.00021724968974
0;2;1;0;0.0355625525117;0.00361098349094
0;2;2;0;0.0147356875241;0.00451718969271
0;2;3;0;0.00253301230259;0.000373392947949
0;2;4;0;0.00169185246341;0.000248539523454
0;2;5;0;0.0425606071949;0.0103722577915
0;2;6;0;0.00946588814259;0.00377765228041
0;2;7;0;0.00199788948521;0.000691840949003
0;2;8;0;0.00159965339117;0.000263747759163
0;2;9;0;0.00342074222863;0.00145170825999
0;2;10;0;0.00177995464765;0.000123052828712
0;2;11;0;0.0018888101913;0.000520559493452
0;2;12;0;0.00169208517764;0.000802794471383
0;2;13;0;0.00114981748629;0.000108300300781
0;2;14;0;0.00112812058069;5.62732457183e-05
0;2;15;0;0.00151321780868;0.000193331812625
0;2;16;0;0.0013736669207;0.000377710966859
0;2;17;0;0.000928581459448;6.15425378783e-05
0;3;0;0;0.000214254105231;0.000206093551242
0;3;1;0;0.000214987710933;0.000208387427847
0;3;2;0;0.000175319131813;0.000175319131813
0;3;3;0;0.000190253238543;0.000190253238543
0;3;4;0;0.000390696659451;0.000205122458283
0;3;5;0;0.000203022515052;0.000203022515052
0;3;6;0;0.000203221250558;0.000203221250558
0;3;7;0;0.000201048620511;0.000201048620511
0;3;8;0;0.000473682448501;0.000202721363166
0;3;9;0;0.000311004434479;0.000256699015154
0;3;10;0;0.000212139028008;0.000212139028008
0;3;11;0;0.00028282040148;0.000190924532944
0;3;12;0;0.000557820138056;0.000271195662208
0;3;13;0;0.000716945854947;0.000185957891517
0;3;14;0;0.00104472751264;0.000204017924261
0;3;15;0;0.00111790373921;0.000585801899433
0;3;16;0;0.00105891027488;0.000700601900462
0;3;17;0;0.00121592392679;0.000103451478935
0;4;0;0;0.00071639707312;0.000208273602766
0;4;1;0;0.212348908186;0.18613627553
0;4;2;0;0.00222246861085;0.000817567983177
0;4;3;0;0.00107912323438;0.000209632969927
0;4;4;0;0.000351501454134;0.00020783826767
0;4;5;0;0.00381480762735;0.000273954618024
0;4;6;0;0.0016615370987;0.000240549779846
0;4;7;0;0.00063293724088;0.000382726721
0;4;8;0;0.000214455096284;0.000206422671909
0;4;9;0;0.000281865533907;0.000264491187409
0;4;10;0;0.000341486098478;0.00022452083067
0;4;11;0;0.000321604544297;0.000114445814688
0;4;12;0;0.000370295281755;0.000370295281755
0;4;13;0;0.00020273172413;0.00020273172413
0;4;14;0;0.000213727456867;0.000206038806937
0;4;15;0;0.000277256360278;0.000277256360278
0;4;16;0;0.000218070359551;0.000218070359551
0;4;17;0;0.00019875637372;0.00019875637372
0;5;0;0;0.000608443922829;0.000148641309352
0;5;1;0;0.000385692197597;0.000177471491043
0;5;2;0;0.000375919335056;0.000126621394884
0;5;3;0;0.000498809618875;0.000121386190585
0;5;4;0;0.000797084823716;0.000208497629501
0;5;5;0;0.000700361153577;0.000166488607647
0;5;6;0;0.000638935482129;0.000193686137209
0;5;7;0;0.000736985413823;0.00023162724392
0;5;8;0;0.000964739359915;0.000208422512515
0;5;9;0;0.00118851184379;0.000485419499455
0;5;10;0;0.000919086101931;0.0003962329356
0;5;11;0;0.00116820982657;0.000303790002363
0;5;12;0;0.000946703075897;0.000504876603372
0;5;13;0;0.00111482897773;0.000233604689129
0;5;14;0;0.00108517555054;0.000208275814657
0;5;15;0;0.0232989117503;0.000988577026874
0;5;16;0;0.0016040483024;0.000886233407073
0;5;17;0;0.00114176620264;0.000357648998033
0;6;0;0;2.99269195239e-05;1.24190364659e-06
0;6;1;0;5.06740252604e-06;1.9519993657e-06
0;6;2;0;4.3144132178e-06;3.91759431295e-06
0;6;3;0;6.92861840434e-06;6.92861840434e-06
0;6;4;0;0.00011690397514;2.70801115221e-06
0;6;5;0;2.54219448834e-05;2.51304027188e-05
0;6;6;0;2.56499224633e-05;2.09948066185e-05
0;6;7;0;4.78776200907e-05;1.13936539492e-05
0;6;8;0;0.000172228101292;9.43220402405e-06
0;6;9;0;0.000136655202368;1.74845499714e-05
0;6;10;0;7.38553280826e-05;3.78209333576e-05
0;6;11;0;0.000137803290272;6.73290269333e-05
0;6;12;0;0.000144484671182;7.95470041339e-05
0;6;13;0;0.000206753320526;7.14721318218e-05
0;6;14;0;0.000383353821235;5.584621249e-05
0;6;15;0;0.000184330914635;7.07939907443e-05
0;6;16;0;0.000217937980779;0.000109210632218
0;6;17;0;0.000374531548005;7.65993900131e-05
0;7;0;0;8.69427367434e-07;8.59539227349e-07
0;7;1;0;3.33788165108e-07;1.92176628389e-07
0;7;2;0;2.57503415924e-07;2.40075308966e-07
0;7;3;0;8.22574861559e-07;7.41724932141e-07
0;7;4;0;1.97603799279e-06;1.34386925765e-06
0;7;5;0;1.19546314181e-06;1.19542312405e-06
0;7;6;0;1.30078080929e-06;1.29546242533e-06
0;7;7;0;6.91666741659e-07;4.70660239671e-07
0;7;8;0;3.45731973539e-06;1.44764010201e-06
0;7;9;0;1.44753846598e-06;1.15598857064e-06
0;7;10;0;1.63982861068e-06;1.06817583401e-06
0;7;11;0;1.61741331794e-06;9.60149350249e-07
0;7;12;0;9.62895910561e-07;9.62895910561e-07
0;7;13;0;6.47166143608e-06;5.0520284276e-06
0;7;14;0;2.88551950689e-06;1.6067915567e-06
0;7;15;0;2.2312310648e-06;2.14969691115e-06
0;7;16;0;1.79252185717e-06;9.0962782906e-07
0;7;17;0;6.0938509705e-06;5.61907336305e-06
0;8;0;0;7.74048274366e-08;5.69818645602e-08
0;8;1;0;1.26301387127e-07;1.26089801711e-07
0;8;2;0;2.9602495033e-07;2.95831597441e-07
0;8;3;0;6.4184270343e-08;6.41279669367e-08
0;8;4;0;2.01577577741e-07;2.00729999733e-07
0;8;5;0;8.08152194054e-08;8.03118922477e-08
0;8;6;0;5.90660889088e-08;5.88280499869e-08
0;8;7;0;1.32464037961e-07;1.32235669525e-07
0;8;8;0;5.77442904159e-07;5.36568904863e-07
0;8;9;0;1.89783733617e-07;1.89783733617e-07
0;8;10;0;7.27362419184e-08;7.22798390029e-08
0;8;11;0;5.16526235117e-08;4.20869703532e-08
0;8;12;0;6.04140666383e-08;5.48411698276e-08
0;8;13;0;1.98578007371e-07;1.9816383201e-07
0;8;14;0;9.09154152851e-07;7.57503926252e-07
0;8;15;0;4.16092120759e-07;4.14619137246e-07
0;8;16;0;4.47137239235e-07;4.46186845693e-07
0;8;17;0;3.48755463619e-07;3.3961393342e-07
0;9;0;0;7.89757734765e-08;7.8894096589e-08
0;9;1;0;8.79112462826e-07;8.78642310909e-07
0;9;2;0;8.11072951024e-08;8.07551785442e-08
0;9;3;0;5.51944907556e-08;5.46829568293e-08
0;9;4;0;7.20261326137e-08;7.19238713032e-08
0;9;5;0;2.95581656928e-07;2.95573727271e-07
0;9;6;0;1.09885874622e-07;1.09729207054e-07
0;9;7;0;2.9132382906e-07;2.91280940701e-07
0;9;8;0;1.47449881638e-07;1.47363365954e-07
0;9;9;0;2.92018569326e-07;2.91917672257e-07
0;9;10;0;1.29236155999e-07;1.28949821487e-07
0;9;11;0;1.45743271673e-07;1.4566141715e-07
0;9;12;0;4.92203930946e-08;4.8606992209e-08
0;9;13;0;9.77711707151e-08;9.77622605092e-08
0;9;14;0;1.11557312721e-07;1.06413118317e-07
0;9;15;0;1.34140506702e-07;1.34014214836e-07
0;9;16;0;1.44608037544e-07;1.44092112464e-07
0;9;17;0;1.55315760253e-07;1.55315760253e-07
1;0;0;0;1.62264987011e-05;1.28823121486e-05
1;0;1;0;3.70750458387e-05;2.31276226259e-05
1;0;2;0;2.36159412452e-05;8.97968129721e-06
1;0;3;0;1.75040986505e-05;1.67326106748e-05
1;0;4;0;1.5259896827e-05;1.14761123768e-05
1;0;5;0;2.67648938461e-05;2.52918889601e-05
1;0;6;0;2.32585553022e-05;2.19413686864e-05
1;0;7;0;1.60998788488e-05;1.38978793984e-05
1;0;8;0;6.29612623015e-06;2.39794576373e-06
1;0;9;0;1.49515917656e-05;1.25325450426e-05
1;0;10;0;4.96684151585e-06;4.78046877106e-06
1;0;11;0;4.6419577302e-06;4.45041359853e-06
1;0;12;0;1.12323577923e-05;6.57320788378e-06
1;0;13;0;1.29477939481e-05;7.1670528996e-06
1;0;14;0;1.9526534345e-07;1.2216744949e-07
1;0;15;0;6.55017811368e-06;5.8901241573e-06
1;0;16;0;3.28924033965e-06;2.17634624278e-06
1;0;17;0;2.060538975e-07;1.30801481646e-07
1;1;0;0;0.000484833813971;5.83846667723e-05
1;1;1;0;0.000732807384338;9.51698966674e-05
1;1;2;0;0.000655258714687;6.83534817654e-05
1;1;3;0;0.000449471030151;4.89376907353e-05
1;1;4;0;0.000276389386272;8.20377536002e-05
1;1;5;0;0.000313473457936;0.000103772676084
1;1;6;0;0.000257472740486;5.99255763518e-05
1;1;7;0;0.000240447436227;5.86670794291e-05
1;1;8;0;0.000213149192859;3.90847126255e-05
1;1;9;0;0.000149032421177;8.54419558891e-05
1;1;10;0;0.000162151147379;2.6549656468e-05
1;1;11;0;0.000133375026053;1.96475084522e-05
1;1;12;0;0.000196110020624;8.58319326653e-05
1;1;13;0;0.000120325537864;4.5686501835e-05
1;1;14;0;6.38397832518e-05;1.83068823389e-05
1;1;15;0;0.000105690560304;4.25397593062e-05
1;1;16;0;9.2208647402e-05;2.83887420665e-05
1;1;17;0;2.51838118857e-05;1.56229762069e-05
1;2;0;0;0.0864415541291;0.00368350441568
1;2;1;0;0.0834487751126;0.00575848063454
1;2;2;0;0.00839007366449;0.00192304514349
1;2;3;0;0.00170875259209;0.000866315560415
1;2;4;0;0.00934132561088;0.00501366052777
1;2;5;0;0.00932652875781;0.0031611667946
1;2;6;0;0.00455578230321;0.00149229937233
1;2;7;0;0.00152637076098;0.000478038709844
1;2;8;0;0.00144841358997;0.000672237714753
1;2;9;0;0.00304511515424;0.00071251828922
1;2;10;0;0.00145929655991;0.000339901278494
1;2;11;0;0.00140187703073;0.000250881712418
1;2;12;0;0.00122289033607;0.000718455878086
1;2;13;0;0.000777955166996;7.29850653443e-05
1;2;14;0;0.000852961849887;3.4335815144e-05
1;2;15;0;0.00145085004624;0.000219966663281
1;2;16;0;0.000939168268815;0.000199385278393
1;2;17;0;0.000599347869866;3.45562475559e-05
1;3;0;0;0.000207470176974;0.000207470176974
1;3;1;0;0.000203033559956;0.000203033559956
1;3;2;0;0.000164826313267;0.000164826298715
1;3;3;0;0.000124674101244;0.000124674101244
1;3;4;0;0.000253741745837;0.00021587239462
1;3;5;0;6.8488123361e-05;6.84881160851e-05
1;3;6;0;0.000169683029526;0.000169683029526
1;3;7;0;0.000164589539054;0.000164589539054
1;3;8;0;0.0002848735312;0.000181860727025
1;3;9;0;0.0001998887019;0.0001998887019
1;3;10;0;0.000151476517203;0.000104403894511
1;3;11;0;0.000265421229415;0.000159333256306
1;3;12;0;0.000489861704409;0.000198346198886
1;3;13;0;0.000589786563069;0.000144813442603
1;3;14;0;0.00218178634532;0.00182571471669
1;3;15;0;0.00113393005449;0.000887683243491
1;3;16;0;0.000898344267625;0.000663673214149
1;3;17;0;0.000904939195607;0.000139799201861
1;4;0;0;0.00103797065094;0.00028316071257
1;4;1;0;0.00411977013573;0.000832850229926
1;4;2;0;0.0450245440006;0.00174016528763
1;4;3;0;0.000985798425972;0.000316571560688
1;4;4;0;0.000364077510312;0.000306620000629
1;4;5;0;0.000864343019202;0.000307029462419
1;4;6;0;0.00196497188881;0.000349249690771
1;4;7;0;0.0005180175649;0.000237076470512
1;4;8;0;0.000178880975;0.000178880960448
1;4;9;0;0.000333039526595;0.000333039526595
1;4;10;0;0.000260586471995;0.00016254944785
1;4;11;0;0.00026775515289;0.000127484148834
1;4;12;0;0.000349572044797;0.000259253225522
1;4;13;0;0.000139958530781;0.000139958530781
1;4;14;0;0.000206917451578;0.000206917437026
1;4;15;0;0.00018865322636;0.00018865322636
1;4;16;0;0.000203121133382;0.000203121133382
1;4;17;0;0.000127037143102;0.00012703712855
1;5;0;0;0.000616396719124;0.000135021065944
1;5;1;0;0.000370599009329;0.000188891077414
1;5;2;0;0.000392008601921;0.000132439890876
1;5;3;0;0.000518127286341;0.000164401877555
1;5;4;0;0.000801344285719;0.00026030204026
1;5;5;0;0.000713846471626;0.000212702987483
1;5;6;0;0.000761505856644;0.000314199394779
1;5;7;0;0.000773686624598;0.000207097924431
1;5;8;0;0.00491579296067;0.00241447682492
1;5;9;0;0.00438007852063;0.00191425986122
1;5;10;0;0.000937473436352;0.000255760125583
1;5;11;0;0.00133042852394;0.000124554455397
1;5;12;0;0.000946296844631;0.000349919224391
1;5;13;0;0.00112265185453;9.61950863712e-05
1;5;14;0;0.00137430487666;0.000301071442664
1;5;15;0;0.00192087155301;0.000797523476649
1;5;16;0;0.00180630898103;0.000791498576291
1;5;17;0;0.00105385482311;0.000190895138076
1;6;0;0;2.04807183763e-05;8.45109298098e-06
1;6;1;0;6.60074420011e-06;6.51389154882e-06
1;6;2;0;4.84050860905e-06;4.68709777124e-06
1;6;3;0;4.02817659051e-06;3.28179862663e-06
1;6;4;0;7.37117079552e-05;1.0333179489e-05
1;6;5;0;3.78560253012e-05;2.67587583949e-05
1;6;6;0;3.21834813803e-05;2.58450199908e-05
1;6;7;0;3.2505238778e-05;3.18615366268e-06
1;6;8;0;0.000117841969768;0.000116602335765
1;6;9;0;0.000132598419441;2.48914639087e-05
1;6;10;0;6.4628693508e-05;4.10473076045e-05
1;6;11;0;0.000123812424135;5.60903281439e-05
1;6;12;0;0.000156433248776;0.000116567098303
1;6;13;0;0.000206213459023;6.16575707681e-05
1;6;14;0;0.000342524464941;3.06104739138e-05
1;6;15;0;0.000183004085557;7.2068614827e-05
1;6;16;0;0.000237017811742;0.000174244356458
1;6;17;0;0.000390527042327;0.00012429394701
1;7;0;0;5.71364410007e-07;5.67816869079e-07
1;7;1;0;4.07860682117e-07;4.07465080343e-07
1;7;2;0;2.33087689594e-07;2.0684980484e-07
1;7;3;0;7.50551805595e-07;7.15663304618e-07
1;7;4;0;7.11782149665e-06;6.95309927323e-06
1;7;5;0;4.31820626545e-06;4.31761736763e-06
1;7;6;0;4.64885232532e-07;4.53924826616e-07
1;7;7;0;5.07916240622e-07;4.17179819578e-07
1;7;8;0;8.60082309373e-06;7.0739797593e-06
1;7;9;0;2.71927979156e-06;2.69923270935e-06
1;7;10;0;1.92858487935e-06;1.6126683704e-06
1;7;11;0;2.24655423153e-06;1.98505722437e-06
1;7;12;0;9.26746622554e-07;9.26711322791e-07
1;7;13;0;4.9492555263e-06;3.98769952881e-06
1;7;14;0;5.0737771744e-06;3.96156883653e-06
1;7;15;0;2.6019138204e-06;1.63069569226e-06
1;7;16;0;1.79971857506e-06;1.45031106058e-06
1;7;17;0;4.37905919171e-06;3.61735033039e-06
1;8;0;0;1.01118345697e-07;9.99648364086e-08
1;8;1;0;1.12003363029e-07;1.11809171699e-07
1;8;2;0;2.95980981946e-07;2.95895716818e-07
1;8;3;0;6.20507947247e-08;6.19344788788e-08
1;8;4;0;1.63356901339e-07;1.63350009075e-07
1;8;5;0;1.5724562985e-08;1.55384718425e-08
1;8;6;0;4.62992701955e-08;4.62545628466e-08
1;8;7;0;5.29950163752e-08;5.26563503911e-08
1;8;8;0;2.44815311135e-07;2.41243299115e-07
1;8;9;0;1.36551705054e-07;1.35767336928e-07
1;8;10;0;7.42705950074e-08;7.36304315296e-08
1;8;11;0;6.69460291647e-08;6.69363089401e-08
1;8;12;0;6.94424286962e-08;6.81907508238e-08
1;8;13;0;1.32920433771e-07;1.32845087819e-07
1;8;14;0;3.859876756e-07;3.80909710884e-07
1;8;15;0;1.52746991944e-07;1.52733321102e-07
1;8;16;0;4.37078938376e-07;4.34614889855e-07
1;8;17;0;2.33806730421e-07;2.32675063216e-07
1;9;0;0;9.24835177329e-08;9.24661733848e-08
1;9;1;0;9.20281195249e-07;9.20199170196e-07
1;9;2;0;7.48094066694e-08;7.46688186837e-08
1;9;3;0;6.27565981404e-08;6.22276417062e-08
1;9;4;0;7.53601625547e-08;7.53191429226e-08
1;9;5;0;2.95462029953e-07;2.95456032973e-07
1;9;6;0;1.22580390283e-08;1.22360237498e-08
1;9;7;0;2.91301461175e-07;2.91269429908e-07
1;9;8;0;1.51377221869e-07;1.51369462742e-07
1;9;9;0;2.92741646035e-07;2.92714929628e-07
1;9;10;0;1.30776044216e-07;1.30546055743e-07
1;9;11;0;1.46129650602e-07;1.46076644114e-07
1;9;12;0;4.62482603325e-08;4.60271607494e-08
1;9;13;0;1.01479429304e-07;1.01300081212e-07
1;9;14;0;1.74554102728e-07;1.74507320594e-07
1;9;15;0;1.08181531289e-07;1.07898721069e-07
1;9;16;0;1.45194064771e-07;1.45137633467e-07
1;9;17;0;1.58731552347e-07;1.58631195291e-07
2;0;0;0;1.56034911925e-05;8.80221887201e-06
2;0;1;0;1.90815317183e-05;1.69717859535e-05
2;0;2;0;1.03507454696e-05;6.55937083138e-06
2;0;3;0;7.88688430475e-06;6.49289995636e-06
2;0;4;0;1.43701672641e-05;9.80184086075e-06
2;0;5;0;1.61215266417e-05;1.47370974446e-05
2;0;6;0;2.47196694545e-05;2.18215445784e-05
2;0;7;0;7.92246464698e-06;6.25157099421e-06
2;0;8;0;6.58779981677e-06;2.20715810428e-06
2;0;9;0;1.4482109691e-05;1.13129481178e-05
2;0;10;0;3.76813909497e-06;3.39918392456e-06
2;0;11;0;3.21269408232e-06;2.45588535108e-06
2;0;12;0;6.75388537275e-06;5.17429452884e-06
2;0;13;0;3.63667891179e-06;3.07939421873e-06
2;0;14;0;1.34548955089e-07;8.60823448079e-08
2;0;15;0;5.47805984752e-06;3.92315314457e-06
2;0;16;0;3.09460006065e-06;2.73607611234e-06
2;0;17;0;1.09605096554e-07;8.48182963864e-08
2;1;0;0;0.000276762177236;7.62743729865e-05
2;1;1;0;0.000446127553005;5.48616626475e-05
2;1;2;0;0.000359896570444;1.13448822958e-05
2;1;3;0;0.000261297886027;1.16380097097e-05
2;1;4;0;0.000137981158332;4.12614353991e-05
2;1;5;0;0.000159999224707;6.22691368335e-05
2;1;6;0;0.000148089558934;1.27997100208e-05
2;1;7;0;0.000149736239109;9.94553101918e-06
2;1;8;0;9.94379734038e-05;5.89484807278e-06
2;1;9;0;6.43311796011e-05;5.4675143474e-05
2;1;10;0;8.92902316991e-05;7.36164383852e-06
2;1;11;0;8.02095237304e-05;1.87472880953e-06
2;1;12;0;0.000107779713289;9.56267194852e-06
2;1;13;0;4.84621305077e-05;7.85138945503e-06
2;1;14;0;2.0320794647e-05;8.01627084002e-06
2;1;15;0;4.63404285256e-05;2.1881362045e-05
2;1;16;0;4.51094419986e-05;1.79074831976e-05
2;1;17;0;1.08074536911e-05;7.48274578655e-06
2;2;0;0;0.0769985988736;0.0719126537442
2;2;1;0;0.0296536218375;0.0179534591734
2;2;2;0;0.00308085931465;0.00124221318401
2;2;3;0;0.000463022617623;1.17759882414e-05
2;2;4;0;0.00645888922736;0.00104831380304
2;2;5;0;0.0321438126266;0.0242529567331
2;2;6;0;0.00316025572829;0.000552848738153
2;2;7;0;0.000506659504026;1.33960020321e-05
2;2;8;0;0.00105179729871;0.000542508729268
2;2;9;0;0.00189524365123;0.00181134673767
2;2;10;0;0.00083930027904;6.58904245938e-05
2;2;11;0;0.000916666933335;0.00012036049884
2;2;12;0;0.000504126364831;1.3957520423e-05
2;2;13;0;0.000410540291341;1.26287886815e-05
2;2;14;0;0.000494544219691;3.99338750867e-05
2;2;15;0;0.000802753958851;0.000135430775117
2;2;16;0;0.000516098341905;0.000192472522031
2;2;17;0;0.00033734907629;1.29037562147e-05
2;3;0;0;0.000109110151243;0.000109110151243
2;3;1;0;6.72400492476e-05;6.72400419717e-05
2;3;2;0;1.5933326722e-05;1.55288344104e-05
2;3;3;0;1.93829891941e-05;1.70240837178e-05
2;3;4;0;0.000156487032655;0.000132822518935
2;3;5;0;3.09139977617e-05;2.05280666705e-05
2;3;6;0;2.27374075621e-05;2.27374075621e-05
2;3;7;0;4.01828474423e-05;1.88128597074e-05
2;3;8;0;0.000148790451931;0.000105159750092
2;3;9;0;0.000110671913717;0.000110671913717
2;3;10;0;6.94361078786e-05;3.03845026792e-05
2;3;11;0;9.94103247649e-05;5.12046208314e-05
2;3;12;0;0.000113751324534;1.72471100086e-05
2;3;13;0;0.000274039193755;1.07462956294e-05
2;3;14;0;0.00352376140654;0.000428097933764
2;3;15;0;0.00251412857324;0.000134230140247
2;3;16;0;0.00116108672228;0.000494018022437
2;3;17;0;0.000376194017008;1.02225567389e-05
2;4;0;0;0.00795740075409;0.00049284088891
2;4;1;0;0.195523113012;0.0355336181819
2;4;2;0;0.0234580431134;0.021805908531
2;4;3;0;0.000503120245412;2.38119082496e-05
2;4;4;0;0.000476952001918;0.000378318829462
2;4;5;0;0.00170455116313;0.000318786042044
2;4;6;0;0.00209185946733;0.000171748761204
2;4;7;0;0.000305889581796;2.38911670749e-05
2;4;8;0;0.000198521171114;0.000109128770418
2;4;9;0;0.000277175364317;0.00017049247981
2;4;10;0;0.000147084283526;2.54690621659e-05
2;4;11;0;0.000161969393957;1.45979238368e-05
2;4;12;0;0.000215334177483;2.02591018024e-05
2;4;13;0;5.87347094552e-05;1.79554590432e-05
2;4;14;0;0.000107024025056;0.000107024025056
2;4;15;0;7.59010290494e-05;7.59010217735e-05
2;4;16;0;3.62723803846e-05;3.62723803846e-05
2;4;17;0;1.73702628672e-05;1.73702574102e-05
2;5;0;0;0.000585073197726;0.000127806080854
2;5;1;0;0.000327758054482;0.000112539935799
2;5;2;0;0.000348782981746;2.0316148948e-05
2;5;3;0;0.000426883489126;1.61050247698e-05
2;5;4;0;0.000837160216179;0.000252314377576
2;5;5;0;0.000704819103703;0.000154441644554
2;5;6;0;0.000621708633844;8.42064255266e-05
2;5;7;0;0.000573202385567;1.91536601051e-05
2;5;8;0;0.00342899304815;0.00217962148599
2;5;9;0;0.00366349006072;0.00283491937444
2;5;10;0;0.000704362639226;0.000148412626004
2;5;11;0;0.000912817660719;0.000326902081724
2;5;12;0;0.000619440746959;1.81960003829e-05
2;5;13;0;0.000668090127874;1.97630488401e-05
2;5;14;0;0.00286693032831;0.00106965890154
2;5;15;0;0.00553255947307;0.00294570834376
2;5;16;0;0.00141063635238;0.000833932310343
2;5;17;0;0.000601805048063;2.22855542233e-05
2;6;0;0;1.58252096298e-05;2.13618818634e-06
2;6;1;0;5.06521701027e-06;3.69193662664e-06
2;6;2;0;1.27685334519e-05;1.1076541341e-05
2;6;3;0;1.19509077194e-05;2.17401111513e-06
2;6;4;0;6.82323297951e-05;1.32998875415e-05
2;6;5;0;2.41801590164e-05;1.87704790733e-05
2;6;6;0;2.71050103038e-05;1.3208395103e-05
2;6;7;0;5.88995026192e-05;2.09908330362e-06
2;6;8;0;0.000108371532406;0.000108018852188
2;6;9;0;7.09355881554e-05;4.50484958492e-06
2;6;10;0;8.34640668472e-05;5.55930137125e-06
2;6;11;0;0.000102243669971;1.10263536044e-05
2;6;12;0;0.00010223595018;6.42231088932e-06
2;6;13;0;0.000195327491383;9.75785133051e-06
2;6;14;0;0.000315428740578;8.36408507894e-05
2;6;15;0;0.000166280995472;6.26807159279e-05
2;6;16;0;0.000187967249076;7.04668709659e-05
2;6;17;0;0.000330556504196;1.44907753565e-05
2;7;0;0;6.47394472253e-07;6.45718898795e-07
2;7;1;0;5.12461326707e-07;5.1185600114e-07
2;7;2;0;3.14317958328e-06;2.78484935734e-06
2;7;3;0;4.15150498156e-06;2.03106446861e-06
2;7;4;0;6.57557484374e-06;6.44873671263e-06
2;7;5;0;4.39035829913e-06;4.34105277236e-06
2;7;6;0;8.75278033163e-07;8.72702173638e-07
2;7;7;0;4.68705366075e-06;2.21794584832e-06
2;7;8;0;7.52147388994e-06;6.4016116994e-06
2;7;9;0;2.12428972191e-06;2.1036871658e-06
2;7;10;0;5.46497585674e-06;4.10470829593e-06
2;7;11;0;7.25950303604e-06;5.72260569243e-06
2;7;12;0;5.2885675359e-06;2.13789053305e-06
2;7;13;0;6.88692034601e-06;2.25470193982e-06
2;7;14;0;4.85296095576e-06;3.78473691853e-06
2;7;15;0;8.09715675132e-06;7.54578195483e-06
2;7;16;0;3.81414406547e-06;2.06687354876e-06
2;7;17;0;6.26575592833e-06;2.37327208197e-06
2;8;0;0;1.01219242765e-07;1.00580770379e-07
2;8;1;0;1.22246547107e-07;1.22215226384e-07
2;8;2;0;5.09386211434e-07;5.08277707922e-07
2;8;3;0;1.27125338167e-06;9.31441149987e-07
2;8;4;0;1.3619433048e-07;1.36174818977e-07
2;8;5;0;1.58462825084e-08;1.53208041809e-08
2;8;6;0;5.23093071081e-08;5.16574409914e-08
2;8;7;0;7.92271919181e-07;6.45325656023e-07
2;8;8;0;1.78369816695e-07;1.71987579733e-07
2;8;9;0;1.45264024809e-07;1.44767284382e-07
2;8;10;0;1.97393660528e-06;1.63802042152e-06
2;8;11;0;2.10889652408e-06;1.7333429696e-06
2;8;12;0;1.89154275176e-06;1.23023846754e-06
2;8;13;0;3.33062143909e-06;1.88700551007e-06
2;8;14;0;3.3999168636e-07;3.38111334486e-07
2;8;15;0;1.17046579362e-06;9.83641484709e-07
2;8;16;0;1.92006132238e-06;1.63978472756e-06
2;8;17;0;3.49345486939e-06;1.86434147054e-06
2;9;0;0;9.04800643298e-08;9.01888483895e-08
2;9;1;0;9.13150813631e-07;9.12812708975e-07
2;9;2;0;9.54257828312e-08;9.27526571104e-08
2;9;3;0;1.29466371845e-07;1.20226530953e-07
2;9;4;0;7.63267919979e-08;7.63267919979e-08
2;9;5;0;2.95530156791e-07;2.95396120009e-07
2;9;6;0;1.14845740029e-07;1.14845740029e-07
2;9;7;0;3.21108217349e-07;3.21007064485e-07
2;9;8;0;1.50638101104e-07;1.50453502101e-07
2;9;9;0;2.92889353659e-07;2.9257395795e-07
2;9;10;0;1.33901579602e-07;6.94480561947e-08
2;9;11;0;1.66449154904e-07;1.6621515897e-07
2;9;12;0;2.46720873065e-07;2.31403291195e-07
2;9;13;0;8.86455893578e-07;8.08088088888e-07
2;9;14;0;1.87245433381e-07;1.86914505207e-07
2;9;15;0;1.31017088734e-07;1.11934625124e-07
2;9;16;0;1.47555596186e-07;1.47341054912e-07
2;9;17;0;8.87177748154e-07;7.69236237375e-07
