0;0;0;0;0.000438424613094;0.000297729275189
0;0;1;0;0.000447469821665;0.000447469821665
0;0;2;0;0.000223671464482;0.000223671464482
0;0;3;0;7.26177895558e-05;7.26177895558e-05
0;0;4;0;7.85516167525e-05;4.20083270001e-05
0;0;5;0;5.90097697568e-05;5.90097697568e-05
0;0;6;0;0.000264493690338;0.000264493690338
0;0;7;0;4.38658644271e-05;4.38658644271e-05
0;0;8;0;5.78037361265e-05;5.78037361265e-05
0;0;9;0;6.7422981374e-05;6.7422981374e-05
0;0;10;0;3.3242849895e-05;3.3242849895e-05
0;0;11;0;2.44182683673e-05;2.44182683673e-05
0;0;12;0;9.9561715615e-05;9.77140662144e-05
0;0;13;0;3.39466751029e-05;2.52010231634e-05
0;0;14;0;0.000113570604299;0.000113570604299
0;0;15;0;1.29356867546e-05;2.3455822884e-06
0;0;16;0;2.52081135841e-05;2.52081135841e-05
0;0;17;0;3.27019661199e-05;3.27019661199e-05
0;1;0;0;0.000423666322604;0.000176100846147
0;1;1;0;0.000641918741167;0.000296198995784
0;1;2;0;0.000907562091015;0.000612044357695
0;1;3;0;0.000670638284646;0.000604155298788
0;1;4;0;0.000253373815212;0.000181241121027
0;1;5;0;0.000370944588212;0.000370944588212
0;1;6;0;0.000867758993991;0.000858008104842
0;1;7;0;0.000372339680325;0.000293259014143
0;1;8;0;0.000258976448094;0.000183441210538
0;1;9;0;0.000410292792367;0.000410292792367
0;1;10;0;0.000412332359701;0.000412332359701
0;1;11;0;0.000700870994478;0.000700870994478
0;1;12;0;0.000285751390038;0.000157702248544
0;1;13;0;0.000166744212038;7.0267902629e-05
0;1;14;0;0.000324012478814;0.000221872818656
0;1;15;0;0.000328166148392;0.000328166148392
0;1;16;0;0.000316172780003;0.000316172780003
0;1;17;0;8.66493865033e-05;6.15943063167e-05
0;2;0;0;0.00143706856761;0.000178899688763
0;2;1;1;0.3;0.3
0;2;2;0;0.0303573124111;0.00382690946572
0;2;3;0;0.00330588733777;0.000474380154628
0;2;4;0;0.00130433833692;0.000177764348336
0;2;5;0;0.0131425075233;0.00057304353686
0;2;6;0;0.0133438818157;0.00166798615828
0;2;7;0;0.00222584069706;0.00120933330618
0;2;8;0;0.00118844269309;0.000175765482709
0;2;9;0;0.00254315766506;0.00115615781397
0;2;10;0;0.00178566912655;0.000693079666235
0;2;11;0;0.00164895213675;0.000392442918383
0;2;12;0;0.00180574308615;0.000713026733138
0;2;13;0;0.00122633436695;6.42201048322e-05
0;2;14;0;0.000798320048489;0.000175130655407
0;2;15;0;0.00138871965464;0.000561131222639
0;2;16;0;0.00129918614402;0.00102313724346
0;2;17;0;0.000933160539716;0.000226252348511
0;3;0;0;0.000286851078272;0.000180957518751
0;3;1;0;0.000820399320219;0.000820399320219
0;3;2;0;0.00106481602415;0.00102016201708
0;3;3;0;0.00133625720628;0.00133625720628
0;3;4;0;0.000354770920239;0.000180312490556
0;3;5;0;0.00101056974381;0.00101056974381
0;3;6;0;0.00107503810432;0.00105513434391
0;3;7;0;0.00178607227281;0.00178607227281
0;3;8;0;0.000441384909209;0.00017927918816
0;3;9;0;0.00121615931857;0.00121615931857
0;3;10;0;0.00140921398997;0.00140921398997
0;3;11;0;0.000881400890648;0.000881400890648
0;3;12;0;0.0014236633433;0.0014236633433
0;3;13;0;0.00124292413238;0.00117446982767
0;3;14;0;0.000937243341468;0.00017891828611
0;3;15;0;0.0428831540048;0.017393745482
0;3;16;0;0.0143742179498;0.00337330903858
0;3;17;0;0.00169075955637;0.000563328561839
0;4;0;0;0.00182681914885;0.000181465540663
0;4;1;1;0.3;0.3
0;4;2;0;0.0591139979661;0.0145052615553
0;4;3;0;0.0075531094335;0.00415136758238
0;4;4;0;0.00104718562216;0.000181375668035
0;4;5;0;0.0316905379295;0.00134814926423
0;4;6;0;0.0267674457282;0.00470152962953
0;4;7;0;0.00566936284304;0.00274783652276
0;4;8;0;0.000794329855125;0.000181056951988
0;4;9;0;0.00453539006412;0.00163036421873
0;4;10;0;0.00229688198306;0.00151290011127
0;4;11;0;0.00127740495373;0.00108104059473
0;4;12;0;0.00380393327214;0.00377486017533
0;4;13;0;0.00140730699059;0.00140730699059
0;4;14;0;0.00026931395405;0.000180895425729
0;4;15;0;0.00154422374908;0.00154422374908
0;4;16;0;0.00215957895853;0.00215957895853
0;4;17;0;0.00158876692876;0.00158876692876
0;5;0;0;0.00168756663334;0.000159070870723
0;5;1;0;0.00156253390014;0.00156253378373
0;5;2;0;0.00115978857502;0.000505086383782
0;5;3;0;0.00180465145968;0.000623480358627
0;5;4;0;0.00197750795633;0.000170172657818
0;5;5;0;0.00340660614893;0.00228323042393
0;5;6;0;0.00189710094128;0.000800789741334
0;5;7;0;0.00328677310608;0.0011795925675
0;5;8;0;0.00210465909913;0.000172157262568
0;5;9;0;0.00543933128938;0.002646073699
0;5;10;0;0.00424561090767;0.00234485720284
0;5;11;0;0.00622537871823;0.00374611467123
0;5;12;0;0.00406060833484;0.00128545379266
0;5;13;0;0.00656673079357;0.00295745511539
0;5;14;0;0.00237949052826;0.000176055720658
0;5;15;0;0.029063930735;0.00250830571167
0;5;16;0;0.00783236138523;0.00451723346487
0;5;17;0;0.00763839669526;0.00099707453046
0;6;0;0;0.000291078904411;1.69471441041e-05
0;6;1;0;7.85920710769e-05;2.23188362725e-05
0;6;2;0;5.26926633029e-05;2.70461259788e-05
0;6;3;0;7.80385016697e-05;4.16505681642e-05
0;6;4;0;0.0005348760169;3.05244029732e-05
0;6;5;0;0.000351703696651;8.58736748341e-05
0;6;6;0;0.000329557486111;0.000161767296959
0;6;7;0;0.000221807291382;2.33742193814e-05
0;6;8;0;0.00068787811324;8.16237516119e-05
0;6;9;0;0.000601099745836;0.000135770838824
0;6;10;0;0.000337975216098;0.000117003059131
0;6;11;0;0.000391458452214;4.13321322412e-05
0;6;12;0;0.000475684239063;0.000120884084026
0;6;13;0;0.000728981103748;0.00017885483976
0;6;14;0;0.00120499695186;0.000156197973411
0;6;15;0;0.000676669646055;0.000584196357522
0;6;16;0;0.000741935218684;0.000738406495657
0;6;17;0;0.00123804912437;0.00039921712596
0;7;0;0;1.4177322555e-05;6.38044321022e-06
0;7;1;0;1.18245707199e-05;4.59258171759e-06
0;7;2;0;1.0759912584e-05;7.16416934665e-06
0;7;3;0;8.99674796528e-06;6.09356084169e-06
0;7;4;0;1.66438203451e-05;6.86598605171e-06
0;7;5;0;1.91619637917e-05;1.90236587514e-05
0;7;6;0;3.84664099329e-06;2.93201833301e-06
0;7;7;0;8.39888525661e-06;4.83329995404e-06
0;7;8;0;1.81510240509e-05;6.42007535134e-06
0;7;9;0;1.19897567856e-05;3.26571330334e-06
0;7;10;0;1.44175264722e-05;5.23374683326e-06
0;7;11;0;1.73355310835e-05;7.21772221368e-06
0;7;12;0;7.12742439646e-06;7.12742439646e-06
0;7;13;0;2.29521047004e-05;1.90657483472e-05
0;7;14;0;9.91324050119e-05;3.71334408555e-07
0;7;15;0;2.49583081313e-05;2.0763332941e-05
0;7;16;0;1.52130014612e-05;1.25875203594e-05
0;7;17;0;3.52078386641e-05;3.19033024425e-05
0;8;0;0;7.71813756728e-06;5.16091768077e-06
0;8;1;0;5.86146870774e-06;3.94640846935e-06
0;8;2;0;3.02030798593e-06;2.61404329649e-06
0;8;3;0;2.24595009968e-06;2.0663342184e-06
0;8;4;0;9.86377108347e-06;5.70073507333e-06
0;8;5;0;7.29147404854e-06;7.01543467585e-06
0;8;6;0;2.3898528525e-06;2.17739534492e-06
0;8;7;0;2.07259290619e-06;2.03043759939e-06
0;8;8;0;1.30376338348e-05;6.0624197431e-06
0;8;9;0;6.37452785668e-06;3.8714006223e-06
0;8;10;0;5.67869847146e-06;3.26162762576e-06
0;8;11;0;5.77538048674e-06;3.20470576298e-06
0;8;12;0;2.05442665902e-06;1.99035457626e-06
0;8;13;0;6.63052333039e-06;5.50524555365e-06
0;8;14;0;1.41686659845e-05;6.21657272859e-06
0;8;15;0;7.7351623986e-06;5.53661948288e-06
0;8;16;0;5.91478510614e-06;3.26434519593e-06
0;8;17;0;7.34836476113e-06;4.94491632708e-06
0;9;0;0;4.8631586651e-06;3.73131342712e-06
0;9;1;0;2.83309623228e-06;2.34550634559e-06
0;9;2;0;8.29710529615e-07;8.144761523e-07
0;9;3;0;3.2547183082e-07;3.05621426833e-07
0;9;4;0;5.95896517552e-06;4.4077696657e-06
0;9;5;0;2.42045030063e-06;2.41569841819e-06
0;9;6;0;2.21648247134e-06;2.0492063868e-06
0;9;7;0;5.09761832745e-07;5.09555320605e-07
0;9;8;0;7.108448699e-06;4.96375969306e-06
0;9;9;0;2.79939536085e-06;2.13974590224e-06
0;9;10;0;1.53384428359e-06;1.40147744787e-06
0;9;11;0;1.49841059738e-06;1.47519187976e-06
0;9;12;0;4.13458792536e-07;4.11267762956e-07
0;9;13;0;1.39436212976e-06;1.32171282985e-06
0;9;14;0;7.71041231928e-06;5.0848416322e-06
0;9;15;0;4.18235867983e-06;3.5081243368e-06
0;9;16;0;1.55797238222e-06;1.50875234795e-06
0;9;17;0;1.56879059432e-06;1.49462016452e-06
1;0;0;0;6.9173736847e-05;6.9173736847e-05
1;0;1;0;7.50922772568e-05;7.50922772568e-05
1;0;2;0;5.51365883439e-05;5.51365883439e-05
1;0;3;0;5.89301816944e-05;5.44941503904e-05
1;0;4;0;7.3665578384e-05;7.3665578384e-05
1;0;5;0;8.408397116e-05;8.408397116e-05
1;0;6;0;4.18005874963e-05;3.81438258046e-05
1;0;7;0;3.97918156523e-05;3.87938816857e-05
1;0;8;0;5.92532524024e-05;5.92532524024e-05
1;0;9;0;3.70612106053e-05;3.3998840081e-05
1;0;10;0;1.24088628581e-05;6.0852853494e-06
1;0;11;0;2.11661299545e-05;1.19178630484e-05
1;0;12;0;1.79257167474e-05;1.52594984684e-05
1;0;13;0;2.08170968108e-05;9.46950058278e-06
1;0;14;0;4.39104223915e-05;4.29898318544e-05
1;0;15;0;2.49617842201e-05;2.40015633608e-05
1;0;16;0;1.47543796629e-05;1.0049249795e-05
1;0;17;0;2.40324425249e-07;1.11184697005e-07
1;1;0;0;0.000501906208228;0.000276150356513
1;1;1;0;0.000972671085037;0.00027887118631
1;1;2;0;0.000976727809757;0.000120285381854
1;1;3;0;0.000804031209555;0.000155862420797
1;1;4;0;0.000330352631863;0.000265761977062
1;1;5;0;0.000366173655493;0.000239169574343
1;1;6;0;0.000371132045984;0.000185262979358
1;1;7;0;0.000424541212851;0.000163106742548
1;1;8;0;0.0002196343994;0.000147425686009
1;1;9;0;0.000230286401347;0.000226160875172
1;1;10;0;0.000275488826446;5.44823924429e-05
1;1;11;0;0.000251654390013;3.28846144839e-05
1;1;12;0;0.000318948994391;0.000127987761516
1;1;13;0;0.000185790253454;1.2524491467e-05
1;1;14;0;7.55513756303e-05;2.41031193582e-05
1;1;15;0;0.000147405240568;0.000103162325104
1;1;16;0;0.000149393265019;9.52336195041e-05
1;1;17;0;5.55242877454e-05;2.29119723372e-05
1;2;0;0;0.169773682952;0.00646936427802
1;2;1;0;0.178913161159;0.0037507021334
1;2;2;0;0.0141547676176;0.00554381264374
1;2;3;0;0.00250329915434;0.000953671056777
1;2;4;0;0.0197790712118;0.00516373896971
1;2;5;0;0.0195718072355;0.00305896368809
1;2;6;0;0.00537922140211;0.00320477620699
1;2;7;0;0.0023149412591;0.000687899475452
1;2;8;0;0.0015806456795;0.000925729051232
1;2;9;0;0.00362395611592;0.000497127592098
1;2;10;0;0.00212933588773;0.000402434030548
1;2;11;0;0.00195587635972;0.000408845051425
1;2;12;0;0.0019704750739;0.000501198344864
1;2;13;0;0.00152080494445;0.000464064709377
1;2;14;0;0.000872274569701;0.000133987399749
1;2;15;0;0.00185580330435;0.000414667389123
1;2;16;0;0.00134324957617;0.000394733418943
1;2;17;0;0.00118982500862;0.000110131790279
1;3;0;0;0.00200700829737;0.00200700829737
1;3;1;0;0.00198610220104;0.00198610220104
1;3;2;0;0.000974213238806;0.000974213238806
1;3;3;0;0.00145947816782;0.00145947816782
1;3;4;0;0.00134354503825;0.00134354503825
1;3;5;0;0.00119778851513;0.00119778851513
1;3;6;0;0.00200932170264;0.00200932170264
1;3;7;0;0.00184651836753;0.00184651836753
1;3;8;0;0.00128848559689;0.000707127386704
1;3;9;0;0.00214387755841;0.00214387755841
1;3;10;0;0.00171443319414;0.00171443319414
1;3;11;0;0.00155449216254;0.00155449216254
1;3;12;0;0.00100189505611;0.000666310603265
1;3;13;0;0.00151225167792;0.00141438667197
1;3;14;0;0.00750176561996;0.00282888696529
1;3;15;0;0.00574466353282;0.00574466353282
1;3;16;0;0.00338988844305;0.00293489499018
1;3;17;0;0.00210199900903;0.000294203695375
1;4;0;0;0.165855914354;0.0075069218874
1;4;1;1;0.3;0.3
1;4;2;0;0.0592654682696;0.00711930263788
1;4;3;0;0.00607673358172;0.000593754055444
1;4;4;0;0.0460790097713;0.0060581099242
1;4;5;0;0.0506646446884;0.00242557236925
1;4;6;0;0.050471432507;0.00656382925808
1;4;7;0;0.00450082402676;0.00328007806093
1;4;8;0;0.00123065325897;0.00123065325897
1;4;9;0;0.0023259173613;0.0023259173613
1;4;10;0;0.0030131409876;0.00235595810227
1;4;11;0;0.00180758244824;0.001712295576
1;4;12;0;0.00366064021364;0.00366064021364
1;4;13;0;0.00140517344698;0.00140329974238
1;4;14;0;0.00190036487766;0.00190036487766
1;4;15;0;0.00193115777802;0.00193115777802
1;4;16;0;0.00243653682992;0.00243653682992
1;4;17;0;0.00113933742978;0.00113933742978
1;5;0;0;0.00217713182792;0.00111804576591
1;5;1;0;0.00157980143558;0.00111302128062
1;5;2;0;0.00123034114949;0.000573978119064
1;5;3;0;0.00209603598341;0.00104109116364
1;5;4;0;0.00330890528858;0.00108229299076
1;5;5;0;0.00286446115933;0.00117945310194
1;5;6;0;0.00337315490469;0.00172031414695
1;5;7;0;0.00315897515975;0.0013224221766
1;5;8;0;0.00874493084848;0.00304500060156
1;5;9;0;0.00728364428505;0.00599503144622
1;5;10;0;0.00433076219633;0.00257500703447
1;5;11;0;0.00631561083719;0.00408866396174
1;5;12;0;0.00401967251673;0.00124219979625
1;5;13;0;0.00588010670617;0.00495792785659
1;5;14;0;0.0113532617688;0.0100115388632
1;5;15;0;0.00929999351501;0.00733170891181
1;5;16;0;0.00739164231345;0.00308986287564
1;5;17;0;0.00713393604383;0.00196192413568
1;6;0;0;0.000102873513242;2.22635153477e-05
1;6;1;0;3.34630713041e-05;2.71494209301e-05
1;6;2;0;2.57448882621e-05;2.55995837506e-05
1;6;3;0;4.50377228844e-05;4.46047124569e-05
1;6;4;0;0.000303598644678;3.57752724085e-05
1;6;5;0;7.08122606738e-05;6.12367075519e-05
1;6;6;0;9.53656999627e-05;9.35130519792e-05
1;6;7;0;6.28694251645e-05;1.16845103548e-05
1;6;8;0;0.000298219296383;0.000275517784758
1;6;9;0;0.000210495069041;3.04882541968e-05
1;6;10;0;0.000132987537654;0.000132699002279
1;6;11;0;0.000365715677617;0.000133946290589
1;6;12;0;0.000422144017648;0.000261969340499
1;6;13;0;0.00106071308255;0.000865237961989
1;6;14;0;0.00108605192509;0.000918327597901
1;6;15;0;0.000443033350166;0.000309206399834
1;6;16;0;0.0010643126443;0.00106430787127
1;6;17;0;0.00156147195958;0.000714204448741
1;7;0;0;5.78658728045e-06;5.27923702975e-06
1;7;1;0;2.63051560978e-06;2.23201891458e-06
1;7;2;0;3.33235061589e-06;3.14649582833e-06
1;7;3;0;6.13035672359e-06;5.39665734323e-06
1;7;4;0;2.31860576605e-05;1.92347088159e-05
1;7;5;0;1.90111040865e-05;1.86625129572e-05
1;7;6;0;4.53522306998e-06;4.37283188148e-06
1;7;7;0;4.87235956825e-06;3.38511949849e-06
1;7;8;0;3.95751158067e-05;3.86234860343e-05
1;7;9;0;9.99973599392e-06;9.68476524577e-06
1;7;10;0;1.08499698399e-05;6.61888225295e-06
1;7;11;0;1.32020595629e-05;8.46107468533e-06
1;7;12;0;4.7247499424e-06;4.72148030894e-06
1;7;13;0;2.67926097877e-05;2.61187142314e-05
1;7;14;0;2.73369660135e-05;2.68126950687e-05
1;7;15;0;1.66147619893e-05;1.61478710652e-05
1;7;16;0;1.20203849292e-05;1.09636639536e-05
1;7;17;0;4.34939065599e-05;4.28277380706e-05
1;8;0;0;9.91652427729e-07;9.84858047559e-07
1;8;1;0;1.55571953542e-07;9.87060104762e-08
1;8;2;0;4.84693202907e-07;4.84676490942e-07
1;8;3;0;8.74608247159e-07;8.54478400925e-07
1;8;4;0;5.32294507138e-06;5.11000780534e-06
1;8;5;0;3.149621989e-06;3.09450183522e-06
1;8;6;0;2.71687099485e-07;2.71686445785e-07
1;8;7;0;1.60957640105e-07;1.23924650097e-07
1;8;8;0;7.37609752832e-06;6.6425118348e-06
1;8;9;0;1.4434502873e-06;1.44344824093e-06
1;8;10;0;1.70770294972e-06;1.57970498549e-06
1;8;11;0;1.76945184194e-06;1.68575138559e-06
1;8;12;0;1.43526506236e-06;1.43502688843e-06
1;8;13;0;4.4401276682e-06;3.85705334338e-06
1;8;14;0;6.23353162155e-06;5.34557830179e-06
1;8;15;0;1.72082536665e-06;1.27102327951e-06
1;8;16;0;1.744442784e-06;1.3206905578e-06
1;8;17;0;4.88577052238e-06;3.93727714254e-06
1;9;0;0;9.5067846928e-08;6.72829827408e-08
1;9;1;0;9.74705244516e-07;9.57000565904e-07
1;9;2;0;9.16528861694e-08;8.91032030381e-08
1;9;3;0;6.29927114915e-08;5.03151795783e-08
1;9;4;0;4.22505394226e-07;4.17258775087e-07
1;9;5;0;3.80283836421e-07;3.78427330361e-07
1;9;6;0;2.19590162942e-07;2.19510923216e-07
1;9;7;0;3.1886665397e-07;3.1878550999e-07
1;9;8;0;1.05726928723e-06;1.05066510514e-06
1;9;9;0;3.82039672786e-07;3.82039672786e-07
1;9;10;0;1.33570480898e-07;1.02062330143e-07
1;9;11;0;1.53998357177e-07;1.53927103952e-07
1;9;12;0;1.84955155191e-07;1.83983175361e-07
1;9;13;0;2.96017759638e-07;2.87411864974e-07
1;9;14;0;1.08087760964e-06;1.0061193052e-06
1;9;15;0;5.60708144803e-07;5.21348113125e-07
1;9;16;0;1.49055381371e-07;1.48999532712e-07
1;9;17;0;4.7800909897e-07;4.75102325481e-07
2;0;0;0;4.33099521615e-05;4.33099521615e-05
2;0;1;0;4.521907249e-05;4.08242121921e-05
2;0;2;0;4.54536821053e-05;2.07463908737e-05
2;0;3;0;2.17069027713e-05;5.16652380611e-06
2;0;4;0;2.56567000179e-05;2.09709523915e-05
2;0;5;0;2.56519033428e-05;2.17138276639e-05
2;0;6;0;2.94597139145e-05;1.67179532582e-05
2;0;7;0;9.60451143328e-06;4.57493661088e-06
2;0;8;0;6.2739063651e-06;6.2739063651e-06
2;0;9;0;2.45320097747e-05;2.44004895649e-05
2;0;10;0;9.45741703617e-06;7.35758521841e-06
2;0;11;0;3.24777192873e-06;1.19852506941e-06
2;0;12;0;8.56866336107e-06;4.40478015662e-06
2;0;13;0;4.62950674773e-06;2.65588960247e-06
2;0;14;0;2.75822512776e-05;2.75822512776e-05
2;0;15;0;1.59403007274e-05;1.59403007274e-05
2;0;16;0;5.26055418959e-06;5.16494264957e-06
2;0;17;0;1.09432846784e-07;9.32632389095e-08
2;1;0;0;0.000512837083079;0.000138592440635
2;1;1;0;0.000843509857077;0.000118706760986
2;1;2;0;0.000774103042204;4.22468474426e-05
2;1;3;0;0.000619272410404;8.79913841345e-06
2;1;4;0;0.000276423641481;7.20751704648e-05
2;1;5;0;0.000325674598571;7.89402765804e-05
2;1;6;0;0.000349256908521;8.85706031113e-05
2;1;7;0;0.000390856410377;8.10641449789e-06
2;1;8;0;0.000198090085178;4.33713830716e-06
2;1;9;0;0.000146097241668;0.000134016328957
2;1;10;0;0.000242484064074;1.04301861938e-05
2;1;11;0;0.000230989171541;1.28377560031e-05
2;1;12;0;0.000300576066365;7.84745316196e-06
2;1;13;0;0.000167318619788;6.15283306615e-06
2;1;14;0;5.19445857208e-05;3.8555048377e-05
2;1;15;0;0.000126248938614;6.47979832138e-05
2;1;16;0;0.000130273459945;6.7909633799e-05
2;1;17;0;6.55866388115e-05;5.88075590713e-06
2;2;0;0;0.0774379447103;0.00706279091537
2;2;1;1;0.3;0.3
2;2;2;0;0.0177351497114;0.0021620769985
2;2;3;0;0.000985575956292;1.05397075458e-05
2;2;4;0;0.01623204723;0.00180398335215
2;2;5;0;0.0154621843249;0.00109416071791
2;2;6;0;0.00772809190676;0.00307534332387
2;2;7;0;0.00106182228774;9.96437302092e-06
2;2;8;0;0.00203576288186;0.00129663257394
2;2;9;0;0.00457038637251;0.000953326874878
2;2;10;0;0.001974030165;7.8490775195e-05
2;2;11;0;0.0015788867604;0.000246015551966
2;2;12;0;0.00105889549013;2.38965567405e-05
2;2;13;0;0.000902323867194;1.31495489768e-05
2;2;14;0;0.000919320562389;9.11638999241e-05
2;2;15;0;0.00222894013859;0.000349385722075
2;2;16;0;0.00121280888561;0.000185442506336
2;2;17;0;0.000768406316638;9.41666621657e-06
2;3;0;0;0.00152857543435;0.00152857543435
2;3;1;0;0.00140548602212;0.0010420512408
2;3;2;0;0.000759123417083;0.000759123417083
2;3;3;0;5.46750125068e-05;1.13306787171e-05
2;3;4;0;0.0010083647212;0.000953972863499
2;3;5;0;0.00100126105826;0.00100126105826
2;3;6;0;0.000477075693198;0.000477075693198
2;3;7;0;0.000169019331224;1.12210882435e-05
2;3;8;0;0.00526498956606;0.00522414315492
2;3;9;0;0.00218535657041;0.00218535657041
2;3;10;0;0.000507754913997;0.000507754913997
2;3;11;0;0.000784862611908;0.000784862611908
2;3;12;0;0.000333409203449;1.10837827378e-05
2;3;13;0;0.000652178365272;1.08140784505e-05
2;3;14;0;0.0598934516311;0.00599699793383
2;3;15;0;0.0587518364191;0.00349183240905
2;3;16;0;0.00272509385832;0.00140143465251
2;3;17;0;0.000832849938888;1.04973441921e-05
2;4;0;1;0.3;0.3
2;4;1;1;0.3;0.3
2;4;2;0;0.145624920726;0.00926416367292
2;4;3;0;0.000896063866094;1.15873863251e-05
2;4;4;0;0.0504381284118;0.00587197672576
2;4;5;0;0.0587222352624;0.00499820848927
2;4;6;0;0.0628720670938;0.00290258554742
2;4;7;0;0.000576012418605;1.14905551527e-05
2;4;8;0;0.00395203754306;0.00395203754306
2;4;9;0;0.00152600731235;0.00152600731235
2;4;10;0;0.00058079167502;0.000159862538567
2;4;11;0;0.000372580543626;4.63748983748e-05
2;4;12;0;0.000417461124016;1.15830152936e-05
2;4;13;0;0.000142283883179;1.13069854706e-05
2;4;14;0;0.0012873908272;0.0012873908272
2;4;15;0;0.00124942092225;0.00124942092225
2;4;16;0;0.000459483679151;0.000459483679151
2;4;17;0;4.6645909606e-05;1.12262132461e-05
2;5;0;0;0.00133100047242;0.00106142670847
2;5;1;0;0.00058532494586;0.000195565240574
2;5;2;0;0.000541732937563;5.41382541996e-05
2;5;3;0;0.000752331980038;5.33731144969e-06
2;5;4;0;0.00291425036266;0.000877288111951
2;5;5;0;0.0021381797269;0.00110038940329
2;5;6;0;0.00153514975682;0.000301491061691
2;5;7;0;0.000968257081695;5.28264081368e-06
2;5;8;0;0.0193061046302;0.0067398166284
2;5;9;0;0.0221720524132;0.0198350176215
2;5;10;0;0.00270962412469;0.00270962412469
2;5;11;0;0.0103129334748;0.00264103012159
2;5;12;0;0.00105273921508;5.4709480537e-06
2;5;13;0;0.00113730633166;8.20671448309e-06
2;5;14;0;0.0272349566221;0.0272349566221
2;5;15;0;0.0353300310671;0.0353300310671
2;5;16;0;0.01538613718;0.00458435900509
2;5;17;0;0.00104472122621;1.10232658699e-05
2;6;0;0;3.43101783074e-05;2.77138169622e-05
2;6;1;0;4.07394763897e-05;4.03855738114e-05
2;6;2;0;2.75146503554e-05;2.73424757324e-05
2;6;3;0;4.53433094663e-05;7.08788547854e-06
2;6;4;0;9.98173418338e-05;2.11192364077e-05
2;6;5;0;7.52488267608e-05;7.46362056816e-05
2;6;6;0;6.36592594674e-05;4.66242090624e-05
2;6;7;0;0.000134619433084;1.6151913087e-06
2;6;8;0;0.000276229169685;0.000267493509455
2;6;9;0;0.000140493313666;4.85110103909e-05
2;6;10;0;0.000168363942066;7.74684394855e-06
2;6;11;0;0.00019463415083;5.83652727073e-05
2;6;12;0;0.000211438382394;4.21728555011e-06
2;6;13;0;0.000373131828383;4.85637883685e-06
2;6;14;0;0.000666261592414;0.000330042734277
2;6;15;0;0.000370504305465;0.000370249035768
2;6;16;0;0.000317574711516;0.000317574565997
2;6;17;0;0.000595165358391;5.25766427018e-06
2;7;0;0;5.99954591962e-06;4.79804293718e-06
2;7;1;0;6.17259456703e-06;5.77466971663e-06
2;7;2;0;1.78819300345e-05;1.66073987202e-05
2;7;3;0;1.60644540301e-05;1.08080485006e-05
2;7;4;0;3.0873423384e-05;2.99172716041e-05
2;7;5;0;1.97340323211e-05;1.68951009982e-05
2;7;6;0;1.09910088213e-05;1.0236351045e-05
2;7;7;0;1.67763028003e-05;1.09481197796e-05
2;7;8;0;3.83331062039e-05;3.68350774806e-05
2;7;9;0;3.05038111037e-06;1.62404376169e-06
2;7;10;0;1.86203396879e-05;1.21457378555e-05
2;7;11;0;2.33304344874e-05;1.80048809852e-05
2;7;12;0;1.79012931767e-05;1.09257234726e-05
2;7;13;0;1.78501668415e-05;1.09363263618e-05
2;7;14;0;2.45511673711e-05;2.45117262239e-05
2;7;15;0;3.94868329749e-05;3.86945066566e-05
2;7;16;0;1.29876680148e-05;5.19211698702e-06
2;7;17;0;2.04169482458e-05;8.76139165484e-06
2;8;0;0;1.09605821308e-06;1.09580514618e-06
2;8;1;0;1.27599975031e-07;1.25965129882e-07
2;8;2;0;1.11485214802e-05;1.06019942905e-05
2;8;3;0;1.16028923003e-05;9.74133035925e-06
2;8;4;0;4.07130528401e-06;4.07095967603e-06
2;8;5;0;3.66402991858e-06;3.64024367627e-06
2;8;6;0;2.72633519671e-06;2.70233886113e-06
2;8;7;0;1.09697875814e-05;9.76772025751e-06
2;8;8;0;6.36843651591e-06;5.75068042963e-06
2;8;9;0;2.021342425e-06;1.97723011297e-06
2;8;10;0;1.26289714899e-05;1.1200994777e-05
2;8;11;0;1.43311654028e-05;1.28471610878e-05
2;8;12;0;1.25929300339e-05;1.00655452115e-05
2;8;13;0;1.47191849464e-05;1.07328705781e-05
2;8;14;0;5.66150538361e-06;4.66851042802e-06
2;8;15;0;5.48727120986e-06;5.33453930984e-06
2;8;16;0;1.15668808576e-05;1.01117839222e-05
2;8;17;0;1.5075029296e-05;1.07294636109e-05
2;9;0;0;6.26752466815e-07;6.15215526523e-07
2;9;1;0;4.2029796532e-06;4.03449030273e-06
2;9;2;0;6.83368853061e-06;6.76179070069e-06
2;9;3;0;9.11028655537e-06;8.27030908113e-06
2;9;4;0;9.06629296082e-08;7.49397699451e-08
2;9;5;0;5.20624894307e-07;5.04687932334e-07
2;9;6;0;2.49134154728e-06;2.48355718213e-06
2;9;7;0;9.985817087e-06;8.88332670002e-06
2;9;8;0;4.47042936003e-07;4.46993965397e-07
2;9;9;0;5.86352030041e-07;5.86028704674e-07
2;9;10;0;8.93021842785e-06;8.52675839269e-06
2;9;11;0;9.93986941467e-06;9.5614896054e-06
2;9;12;0;9.5804762168e-06;8.71377051226e-06
2;9;13;0;1.07484383989e-05;9.46316049522e-06
2;9;14;0;6.51495724924e-07;6.45962700219e-07
2;9;15;0;2.43553631663e-06;2.34895787798e-06
2;9;16;0;8.17244745122e-06;7.99377903604e-06
2;9;17;0;1.08136937342e-05;9.43201575865e-06
