0;0;0;0;0.000494058709592;0.000246160256211
0;0;1;0;0.000727964099497;0.000174768603756
0;0;2;0;0.000730192230549;6.08430927969e-05
0;0;3;0;0.000547984498553;2.3801037969e-05
0;0;4;0;0.000194122534594;1.99083060579e-05
0;0;5;0;0.000278531981166;5.27576376044e-05
0;0;6;0;0.000296883721603;0.000146974256495
0;0;7;0;0.000267839292064;5.72091594222e-05
0;0;8;0;0.000114429851237;5.66249173062e-06
0;0;9;0;8.3756785898e-05;2.31495705521e-05
0;0;10;0;0.000159210670972;5.45764742128e-05
0;0;11;0;0.000137662602356;2.02501178137e-05
0;0;12;0;0.000181841634912;4.95435160701e-05
0;0;13;0;7.91407073848e-05;4.55595654785e-05
0;0;14;0;4.51119194622e-06;4.02452860726e-06
0;0;15;0;5.52747806069e-05;7.27899896447e-06
0;0;16;0;7.07170765963e-05;9.185278941e-06
0;0;17;0;3.0376821087e-05;1.78853424586e-05
0;1;0;0;0.0018488218775;0.00016906086239
0;1;1;0;0.00228098686785;0.000201215225388
0;1;2;0;0.00232901773416;0.0001781914616
0;1;3;0;0.00220254762098;0.000171241466887
0;1;4;0;0.00144699250814;0.000167513760971
0;1;5;0;0.00159004505258;0.000132852757815
0;1;6;0;0.00164991326164;8.08011827758e-05
0;1;7;0;0.00176183169242;0.000200196460355
0;1;8;0;0.00124563171994;0.000163025193615
0;1;9;0;0.00117419322487;0.000134186513606
0;1;10;0;0.00137475843076;3.93512018491e-05
0;1;11;0;0.00132276292425;2.40888475673e-05
0;1;12;0;0.00153578200843;0.000173654654645
0;1;13;0;0.00117757276166;0.000121499200759
0;1;14;0;0.000751062179916;0.000184123840882
0;1;15;0;0.00110566429794;5.27373267687e-05
0;1;16;0;0.00107053655665;6.79423246766e-05
0;1;17;0;0.000783765222877;5.42447560292e-05
0;2;0;0;0.0023004822433;0.000165588076925
0;2;1;1;0.3;0.3
0;2;2;0;0.00400026049465;0.000340907892678
0;2;3;0;0.00263975397684;0.00114668917377
0;2;4;0;0.00250502582639;0.000167739228345
0;2;5;0;0.00398918474093;0.000734504894353
0;2;6;0;0.00307496171445;0.000284367270069
0;2;7;0;0.00290926266462;0.000862695102114
0;2;8;0;0.0024886210449;0.000167968013557
0;2;9;0;0.00296597485431;0.00073219294427
0;2;10;0;0.00299525563605;0.000427708000643
0;2;11;0;0.00290578487329;0.000114946938993
0;2;12;0;0.00280331913382;0.000350865127984
0;2;13;0;0.00269141653553;0.00016763311578
0;2;14;0;0.0022475423757;0.000167130230693
0;2;15;0;0.00267654587515;0.000298087950796
0;2;16;0;0.00264981156215;0.000346223823726
0;2;17;0;0.00245239934884;0.000116277486086
0;3;0;0;0.000372918206267;0.00017810081772
0;3;1;0;0.000394183094613;0.000394183094613
0;3;2;0;0.000529984128661;0.000529984012246
0;3;3;0;0.000582753214985;0.000582753214985
0;3;4;0;0.000666415202431;0.000175763459993
0;3;5;0;0.000379907520255;0.000367282395018
0;3;6;0;0.000612110598013;0.000606909277849
0;3;7;0;0.0010274972301;0.0010274972301
0;3;8;0;0.000886487774551;0.000174017215613
0;3;9;0;0.000650784175377;0.000577677506953
0;3;10;0;0.00080479029566;0.000721758347936
0;3;11;0;0.00105074932799;0.000598423823249
0;3;12;0;0.00108073162846;0.000617675308604
0;3;13;0;0.00154925067909;0.000523166498169
0;3;14;0;0.00164226302877;0.000168633385329
0;3;15;0;0.00154202152044;0.000921478203963
0;3;16;0;0.00142826151568;0.00075809302507
0;3;17;0;0.00190178095363;0.00045124971075
0;4;0;0;0.00331454398111;0.000181373659871
0;4;1;0;0.0529151633382;0.0377468839288
0;4;2;0;0.0207344032824;0.00245200190693
0;4;3;0;0.0050309500657;0.000527985626832
0;4;4;0;0.00214222539216;0.000179558512173
0;4;5;0;0.00486639514565;0.00210452941246
0;4;6;0;0.00525716366246;0.000703341211192
0;4;7;0;0.00306146452203;0.00123346084729
0;4;8;0;0.00161349296104;0.000178615373443
0;4;9;0;0.00131177378353;0.00101333798375
0;4;10;0;0.00145897211041;0.000881854328327
0;4;11;0;0.00115680287126;0.0004942859523
0;4;12;0;0.00228597316891;0.00109988835175
0;4;13;0;0.000926925626118;0.000586260168348
0;4;14;0;0.000378726777853;0.00017705609207
0;4;15;0;0.000749551749323;0.000749551749323
0;4;16;0;0.00105404586066;0.00105404446367
0;4;17;0;0.000593006960116;0.000590865965933
0;5;0;0;0.00504908151925;0.000180606453796
0;5;1;0;0.00563886668533;0.00437491387129
0;5;2;0;0.00585851306096;0.00125630630646
0;5;3;0;0.00499181589112;0.000692573259585
0;5;4;0;0.00537326047197;0.000180508111953
0;5;5;0;0.00906424876302;0.00300242332742
0;5;6;0;0.00852732267231;0.000414915120928
0;5;7;0;0.00589659996331;0.000995246577077
0;5;8;0;0.00544610945508;0.000180154776899
0;5;9;0;0.0140700703487;0.0033278085757
0;5;10;0;0.00654390593991;0.00136949680746
0;5;11;0;0.0066857538186;0.000888710375875
0;5;12;0;0.00636466313154;0.00173390773125
0;5;13;0;0.00685917399824;0.000688128522597
0;5;14;0;0.00474965106696;0.000180401475518
0;5;15;0;0.00685607874766;0.00103986170143
0;5;16;0;0.00676337908953;0.00153663544916
0;5;17;0;0.00599242979661;0.000807658012491
0;6;0;0;0.00206215423532;3.97222038373e-06
0;6;1;0;0.00115582696162;0.000330245937221
0;6;2;0;0.00109396758489;0.000231205835007
0;6;3;0;0.00146538123954;0.000216337619349
0;6;4;0;0.00281887501478;4.71920684504e-05
0;6;5;0;0.00194804591592;0.000613345531747
0;6;6;0;0.00202995282598;0.00014687035582
0;6;7;0;0.00228440039791;0.000335264921887
0;6;8;0;0.00319782132283;5.24518291058e-05
0;6;9;0;0.00279181869701;0.000822825939395
0;6;10;0;0.00249005667865;0.00043637905037
0;6;11;0;0.00259443186224;0.000234313323745
0;6;12;0;0.00272501423024;0.000923923857044
0;6;13;0;0.00346930953674;0.000648250163067
0;6;14;0;0.00428137043491;0.000155329165864
0;6;15;0;0.0032953962218;0.000327683344949
0;6;16;0;0.00342043302953;0.00115539855324
0;6;17;0;0.0043220561929;0.000546935654711
0;7;0;0;0.000105597377114;1.20363683891e-05
0;7;1;0;7.61028786656e-05;1.14634522106e-05
0;7;2;0;7.04405392753e-05;2.28413773584e-05
0;7;3;0;7.41212643334e-05;4.55192275695e-05
0;7;4;0;0.000284789770376;1.23781692309e-05
0;7;5;0;0.000192154635442;3.90361055906e-05
0;7;6;0;0.000185660886928;7.90224585216e-05
0;7;7;0;0.000138454415719;3.56875098078e-05
0;7;8;0;0.000456982204923;1.19097248898e-05
0;7;9;0;0.000289396150038;6.80593730067e-05
0;7;10;0;0.000282300228719;5.46828341612e-05
0;7;11;0;0.000377081887564;0.000107806292363
0;7;12;0;0.000177746114787;4.65207594971e-05
0;7;13;0;0.000664793013129;0.000124098252854
0;7;14;0;0.00116773648188;6.87580438807e-07
0;7;15;0;0.000557751802262;0.00021816258959
0;7;16;0;0.000617819838226;0.000250868586591
0;7;17;0;0.00105087005068;0.000173541731783
0;8;0;0;7.74230065872e-05;1.06045827124e-05
0;8;1;0;5.94690100115e-05;9.64790524449e-06
0;8;2;0;7.83346040407e-05;2.6938287192e-05
0;8;3;0;6.62293095957e-05;2.9247628845e-05
0;8;4;0;8.48167765071e-05;1.11804647531e-05
0;8;5;0;0.000115980983537;7.50870094635e-05
0;8;6;0;3.16389450745e-05;2.76108148682e-05
0;8;7;0;5.97571161052e-05;2.55960403592e-05
0;8;8;0;9.45582796703e-05;1.14852209663e-05
0;8;9;0;0.000114646434668;5.23940216226e-05
0;8;10;0;7.07724684617e-05;3.04950226564e-05
0;8;11;0;7.18671508366e-05;2.38228076341e-05
0;8;12;0;6.52165545034e-05;2.91332944471e-05
0;8;13;0;8.49638017826e-05;4.56635461887e-05
0;8;14;0;8.56380720506e-05;1.16740511658e-05
0;8;15;0;8.75601544976e-05;2.99584007735e-05
0;8;16;0;7.26226353436e-05;1.94733711396e-05
0;8;17;0;8.03170405561e-05;4.31213047705e-05
0;9;0;0;7.12317632861e-05;8.87570058694e-06
0;9;1;0;5.13925369887e-05;2.41974539676e-05
0;9;2;0;8.65163747221e-05;4.77022331324e-05
0;9;3;0;4.61251293018e-05;1.71172978298e-05
0;9;4;0;8.51321674418e-05;1.00417928479e-05
0;9;5;0;9.86968007055e-05;7.65220611356e-05
0;9;6;0;4.47496749985e-05;1.32564973683e-05
0;9;7;0;4.66078527097e-05;1.37781498779e-05
0;9;8;0;8.8379259978e-05;1.04092196125e-05
0;9;9;0;0.000101381338027;4.09988497267e-05
0;9;10;0;5.53305908397e-05;1.65454366652e-05
0;9;11;0;5.87157774135e-05;1.890304884e-05
0;9;12;0;4.58791619167e-05;1.49620545926e-05
0;9;13;0;6.69615110382e-05;3.4805820178e-05
0;9;14;0;7.97103784862e-05;1.04506607386e-05
0;9;15;0;7.12927430868e-05;4.03893864132e-05
0;9;16;0;5.73588331463e-05;1.54471636051e-05
0;9;17;0;6.36603799649e-05;2.77085509879e-05
1;0;0;0;0.000370126363123;8.38600044517e-06
1;0;1;0;0.000736248679459;5.18389279023e-05
1;0;2;0;0.000738351955079;4.87928446091e-05
1;0;3;0;0.000539526052307;3.36532175425e-05
1;0;4;0;0.000179595081136;3.73850957658e-06
1;0;5;0;0.000243233167566;2.21304999286e-05
1;0;6;0;0.000228289834922;5.00815840496e-05
1;0;7;0;0.000260723201791;5.55344267923e-05
1;0;8;0;0.000138266055728;3.65567429981e-05
1;0;9;0;7.68534082454e-05;3.0198800232e-05
1;0;10;0;0.000144132049172;2.57471838268e-05
1;0;11;0;0.000131861263071;1.82005751412e-05
1;0;12;0;0.000177927358891;3.35581498803e-05
1;0;13;0;9.74274225882e-05;6.80226075929e-05
1;0;14;0;4.34200119344e-05;4.11579931097e-05
1;0;15;0;7.16014183126e-05;4.21358563472e-05
1;0;16;0;6.12353978795e-05;8.53722303873e-06
1;0;17;0;4.37545168097e-05;3.33102689183e-05
1;1;0;0;0.00188630120829;0.000104765800643
1;1;1;0;0.00254400493577;0.000194039123016
1;1;2;0;0.00263185240328;0.000221467533265
1;1;3;0;0.00240342551842;0.000250005512498
1;1;4;0;0.00146803539246;9.91368215182e-05
1;1;5;0;0.00165728689171;9.01341045392e-05
1;1;6;0;0.00171398743987;0.000134046684252
1;1;7;0;0.00184513477143;0.000189383732504
1;1;8;0;0.00124324613716;4.2129362555e-05
1;1;9;0;0.00118479668163;0.000122403929709
1;1;10;0;0.00150825397577;5.93610639044e-05
1;1;11;0;0.00144280516542;3.65204941772e-05
1;1;12;0;0.00159504043404;0.000148464430822
1;1;13;0;0.00118544814177;3.76534626412e-05
1;1;14;0;0.000735175970476;2.74445537798e-05
1;1;15;0;0.00114505353849;0.000103362865048
1;1;16;0;0.00113513565157;9.58999589784e-05
1;1;17;0;0.0007757502608;2.27073251153e-05
1;2;0;0;0.0186211299151;0.0131070027128
1;2;1;0;0.0173652675003;0.00331705249846
1;2;2;0;0.00675362488255;0.00269517698325
1;2;3;0;0.0030641881749;0.000474502157886
1;2;4;0;0.0644252151251;0.0598345585167
1;2;5;0;0.223148941994;0.217480778694
1;2;6;0;0.00628110440448;0.0018347868463
1;2;7;0;0.00340543221682;0.00082973530516
1;2;8;0;0.00314625957981;0.000363947008736
1;2;9;0;0.00470659928396;0.00119484262541
1;2;10;0;0.00365192606114;0.000361016340321
1;2;11;0;0.0479268357158;0.0471238903701
1;2;12;0;0.00322585832328;0.000579676649068
1;2;13;0;0.00300526316278;0.00021313369507
1;2;14;0;0.00247177039273;9.43844570429e-05
1;2;15;0;0.00333227124065;0.000194890526473
1;2;16;0;0.00318003888242;0.000333390722517
1;2;17;0;0.00271474989131;7.79258552939e-05
1;3;0;0;0.000807279138826;0.000807279138826
1;3;1;0;0.00115261576138;0.00115261576138
1;3;2;0;0.000423092365963;0.000413810077589
1;3;3;0;0.00085996981943;0.00085996981943
1;3;4;0;0.000689705426339;0.000524949340615
1;3;5;0;0.000576731050387;0.000576731050387
1;3;6;0;0.000952198344748;0.000952198344748
1;3;7;0;0.00111246400047;0.00111246400047
1;3;8;0;0.000890680705197;0.000439982395619
1;3;9;0;0.0011346564861;0.000752264226321
1;3;10;0;0.00082912913058;0.000759850197937
1;3;11;0;0.00111462525092;0.000701563840266
1;3;12;0;0.00122563634068;0.000610434333794
1;3;13;0;0.00182335753925;0.000473487161798
1;3;14;0;0.00191507430281;0.000121802579088
1;3;15;0;0.00143293396104;0.000724921410438
1;3;16;0;0.00171190407127;0.000874127843417
1;3;17;0;0.00223925639875;0.000221236536163
1;4;0;0;0.0779763832688;0.0406110025942
1;4;1;1;0.3;0.3
1;4;2;0;0.0603417977691;0.026936409995
1;4;3;0;0.00582574447617;0.000448583537946
1;4;4;0;0.024813933298;0.00429316936061
1;4;5;0;0.0298730917275;0.002694824012
1;4;6;0;0.0320873707533;0.00598018290475
1;4;7;0;0.00362221617252;0.000771626073401
1;4;8;0;0.000852920056786;0.000796775391791
1;4;9;0;0.00145622401033;0.00112123601139
1;4;10;0;0.0018213352887;0.00118669390213
1;4;11;0;0.00191540783271;0.000498839886859
1;4;12;0;0.00264378357679;0.00113636825699
1;4;13;0;0.00117539800704;0.000499494373798
1;4;14;0;0.000830581819173;0.000830581819173
1;4;15;0;0.000831907789689;0.000831907789689
1;4;16;0;0.000985042890534;0.000985042890534
1;4;17;0;0.000661411380861;0.000611199357081
1;5;0;0;0.0060668787919;0.00112915365025
1;5;1;0;0.00543930148706;0.00214468641207
1;5;2;0;0.00525559904054;0.00154587824363
1;5;3;0;0.00508301146328;0.000575267593376
1;5;4;0;0.00749468570575;0.00138818693813
1;5;5;0;0.00756071368232;0.00314143393189
1;5;6;0;0.00758665567264;0.00184290495235
1;5;7;0;0.00608720863238;0.000879644299857
1;5;8;0;0.0862728282809;0.0048825070262
1;5;9;0;0.065513946116;0.00905851926655
1;5;10;0;0.00795437209308;0.00229443353601
1;5;11;0;0.00844570808113;0.00255126319826
1;5;12;0;0.00668006483465;0.00201953295618
1;5;13;0;0.00736435083672;0.00125926057808
1;5;14;0;0.00893826037645;0.00419946061447
1;5;15;0;0.0093786129728;0.00901753827929
1;5;16;0;0.00827760621905;0.00393077777699
1;5;17;0;0.00697957724333;0.00106737273745
1;6;0;0;0.00174114014953;0.00034663270344
1;6;1;0;0.00100607436616;0.00031505592051
1;6;2;0;0.000888410315383;3.20965882565e-05
1;6;3;0;0.00124621472787;0.000516146770678
1;6;4;0;0.00250427471474;0.000241399131482
1;6;5;0;0.00212270137854;0.000256212777458
1;6;6;0;0.00220580608584;0.000354980264092
1;6;7;0;0.00202597049065;0.000463248899905
1;6;8;0;0.00131355400663;0.000246818352025
1;6;9;0;0.00298750959337;0.000756520661525
1;6;10;0;0.00219207373448;0.000339210644597
1;6;11;0;0.00232614274137;0.000122222394566
1;6;12;0;0.00260780495591;0.000710400170647
1;6;13;0;0.00340565806255;0.000988807994872
1;6;14;0;0.0042899469845;0.000693670473993
1;6;15;0;0.00323282368481;0.000774668587837
1;6;16;0;0.00333633762784;0.00154463818762
1;6;17;0;0.00427698623389;0.000412072229665
1;7;0;0;9.52099871938e-05;4.26949227403e-05
1;7;1;0;0.000111243680294;6.66666892357e-05
1;7;2;0;9.53491253313e-05;6.03850530752e-05
1;7;3;0;0.000109688568045;8.05037270766e-05
1;7;4;0;0.000200841124752;4.61775889562e-05
1;7;5;0;0.000144866105984;9.34046183829e-05
1;7;6;0;0.000122102836031;4.84218217025e-05
1;7;7;0;0.000134977643029;6.34811658529e-05
1;7;8;0;0.000341613835189;0.000232142396271
1;7;9;0;0.000154925670358;9.10788803594e-05
1;7;10;0;0.000232278136536;7.89566402091e-05
1;7;11;0;0.000280696025584;9.94394504232e-05
1;7;12;0;0.000147515936987;1.15061338875e-05
1;7;13;0;0.000576158985496;0.000156841386342
1;7;14;0;0.000897460151464;8.57315317262e-05
1;7;15;0;0.00041096934001;0.000163892735145
1;7;16;0;0.000466838217108;0.000192017265363
1;7;17;0;0.000872173695825;0.00025246856967
1;8;0;0;5.8987759985e-05;2.78307707049e-05
1;8;1;0;6.89138250891e-05;3.95383685827e-05
1;8;2;0;6.29291025689e-05;2.41256766458e-05
1;8;3;0;7.41830663173e-05;3.65878404409e-05
1;8;4;0;6.99471274856e-05;4.59524781036e-05
1;8;5;0;7.80405971454e-05;4.17576557084e-05
1;8;6;0;6.12180228927e-05;2.33909104281e-05
1;8;7;0;6.23962696409e-05;2.73663390544e-05
1;8;8;0;9.89362742985e-05;6.51534792269e-05
1;8;9;0;7.51896732254e-05;2.9597822504e-05
1;8;10;0;8.24979288154e-05;3.83018377761e-05
1;8;11;0;8.1863196101e-05;3.92100446334e-05
1;8;12;0;7.83123105066e-05;4.19163006882e-05
1;8;13;0;0.000112534609798;5.63485373277e-05
1;8;14;0;7.84977019066e-05;5.0825317885e-05
1;8;15;0;8.99248334463e-05;4.73659274576e-05
1;8;16;0;8.37203042465e-05;3.96265204472e-05
1;8;17;0;0.000105974235339;6.75753253745e-05
1;9;0;0;3.46631059074e-05;1.05672343125e-05
1;9;1;0;3.61607199011e-05;2.27581695071e-05
1;9;2;0;5.98810511292e-05;4.0507853555e-05
1;9;3;0;5.09585406689e-05;1.9061319108e-05
1;9;4;0;4.97655346408e-05;2.73553632724e-05
1;9;5;0;6.4061867306e-05;4.70248050988e-05
1;9;6;0;5.14598832524e-05;3.14246426569e-05
1;9;7;0;5.7119752455e-05;1.60786330525e-05
1;9;8;0;7.09598898538e-05;3.54985677404e-05
1;9;9;0;3.54337389581e-05;5.00716078022e-06
1;9;10;0;5.92108262936e-05;2.0759895051e-05
1;9;11;0;6.51590962661e-05;2.1945203116e-05
1;9;12;0;4.84264965053e-05;2.70248619927e-05
1;9;13;0;8.93208998605e-05;5.43973219465e-05
1;9;14;0;5.80253545195e-05;2.47792304435e-05
1;9;15;0;5.2992359997e-05;3.35482582159e-05
1;9;16;0;5.83790206292e-05;2.01433995244e-05
1;9;17;0;7.51265833969e-05;3.5810029658e-05
2;0;0;0;0.000391598587157;4.2211246182e-05
2;0;1;0;0.00078671623487;3.65409723599e-05
2;0;2;0;0.000799501955044;4.6370219934e-05
2;0;3;0;0.000579287763685;5.62772947887e-06
2;0;4;0;0.00017638457939;1.79616818059e-05
2;0;5;0;0.000266234390438;2.44531147473e-05
2;0;6;0;0.000311291572871;6.92830290063e-05
2;0;7;0;0.000283378758468;3.73388570551e-06
2;0;8;0;0.000140221687616;3.96212526539e-05
2;0;9;0;6.81661695126e-05;5.00639216625e-05
2;0;10;0;0.000132769389893;1.23577165141e-05
2;0;11;0;0.000136206566822;1.12120760605e-05
2;0;12;0;0.000188318212167;4.27673330705e-06
2;0;13;0;4.13747693528e-05;2.35711422647e-06
2;0;14;0;4.85442906211e-05;4.80928756588e-05
2;0;15;0;9.10623712116e-05;6.78795477143e-05
2;0;16;0;5.83494293096e-05;2.06884378713e-05
2;0;17;0;8.99518181541e-06;3.26619442603e-06
2;1;0;0;0.00210271961987;0.000194322143216
2;1;1;0;0.00275117577985;0.000341338018188
2;1;2;0;0.00273648276925;0.000121042903629
2;1;3;0;0.0024810321629;3.47630448232e-05
2;1;4;0;0.00162895163521;0.000139111391036
2;1;5;0;0.00181798299309;9.05042033992e-05
2;1;6;0;0.00193324137945;0.000231999030802
2;1;7;0;0.00194238533732;8.73216686159e-06
2;1;8;0;0.00134320463985;1.85593398783e-05
2;1;9;0;0.00122901436407;0.000196972527192
2;1;10;0;0.00158648227807;2.32343372772e-05
2;1;11;0;0.00150466850027;2.85305668513e-05
2;1;12;0;0.0016970053548;9.67523556028e-06
2;1;13;0;0.00127233355306;1.08133372123e-05
2;1;14;0;0.000775281339884;5.14648927492e-05
2;1;15;0;0.0012225768296;6.81402452756e-05
2;1;16;0;0.00121002900414;0.000125367558212
2;1;17;0;0.000837315048557;1.03502388811e-05
2;2;0;0;0.139712199569;0.11194576323
2;2;1;0;0.124740026891;0.00559080392122
2;2;2;0;0.0271920692176;0.00276878639124
2;2;3;0;0.00242408225313;1.14419726742e-05
2;2;4;0;0.11567492038;0.0265712216496
2;2;5;0;0.124582804739;0.0245322585106
2;2;6;0;0.0109316892922;0.00424915272743
2;2;7;0;0.00284323492087;1.28717019834e-05
2;2;8;0;0.00739212753251;0.00276137562469
2;2;9;0;0.0210156533867;0.00119473470841
2;2;10;0;0.00887832324952;0.00051139522111
2;2;11;0;0.00596188474447;0.00169225397985
2;2;12;0;0.00285927439108;1.23293893921e-05
2;2;13;0;0.00288532814011;1.09833099486e-05
2;2;14;0;0.00273968791589;0.000485556345666
2;2;15;0;0.00419959239662;0.000140573596582
2;2;16;0;0.00449504423887;0.000344790052623
2;2;17;0;0.00270405155607;1.04840446511e-05
2;3;0;0;0.000691015447956;0.000691015447956
2;3;1;0;0.00109143636655;0.00109143613372
2;3;2;0;0.000243884263909;0.000238090069615
2;3;3;0;0.000218116139877;1.47096570799e-05
2;3;4;0;0.000893311807886;0.000503001967445
2;3;5;0;0.000398301694077;0.000398301694077
2;3;6;0;0.000206363547477;0.000205265154364
2;3;7;0;0.000388418673538;1.45234744195e-05
2;3;8;0;0.000488004938234;0.000201623872272
2;3;9;0;0.000638252415229;0.000563243869692
2;3;10;0;0.000370783120161;0.000370783120161
2;3;11;0;0.000514153391123;0.000305006309645
2;3;12;0;0.00076439086115;1.26592367451e-05
2;3;13;0;0.00153698318172;6.92196317686e-06
2;3;14;0;0.00263311807066;0.000324458844261
2;3;15;0;0.00177057366818;0.000920732389204
2;3;16;0;0.00182512612082;0.000905756140128
2;3;17;0;0.00200378452428;8.45531758387e-06
2;4;0;0;0.0618144571781;0.00295697175898
2;4;1;1;0.3;0.3
2;4;2;0;0.0988172590733;0.0550487525761
2;4;3;0;0.00293161999434;1.53713372129e-05
2;4;4;0;0.00668069534004;0.00102819758467
2;4;5;0;0.0339724570513;0.000373611488612
2;4;6;0;0.0402234382927;0.00834371522069
2;4;7;0;0.00193975341972;1.51795074999e-05
2;4;8;0;0.0020130793564;0.000536353792995
2;4;9;0;0.00166715483647;0.00160584424157
2;4;10;0;0.00143504806329;0.000894788827281
2;4;11;0;0.000643392966595;0.000401286204578
2;4;12;0;0.00148495484609;1.52771171997e-05
2;4;13;0;0.000571826822124;1.49359902935e-05
2;4;14;0;0.000791676924564;0.000791676924564
2;4;15;0;0.000785143754911;0.000785143754911
2;4;16;0;0.000640372862108;0.000608669826761
2;4;17;0;0.000258525426034;1.48284207171e-05
2;5;0;0;0.00531229702756;0.00234024389647
2;5;1;0;0.00432101730257;0.00153547408991
2;5;2;0;0.00342822191305;0.000414570909925
2;5;3;0;0.0034746224992;1.20184195112e-05
2;5;4;0;0.00714659783989;0.00193732546177
2;5;5;0;0.00688939727843;0.00264286459424
2;5;6;0;0.0068753589876;0.00104188814294
2;5;7;0;0.00387004530057;1.52157208504e-05
2;5;8;0;0.0760710164905;0.00728492951021
2;5;9;0;0.0657742545009;0.0121255610138
2;5;10;0;0.00656292820349;0.00380758638494
2;5;11;0;0.00809124298394;0.00372888986021
2;5;12;0;0.00396938575432;1.52366928887e-05
2;5;13;0;0.00390874780715;1.724824142e-05
2;5;14;0;0.0144666228443;0.00558069301769
2;5;15;0;0.0121009564027;0.0106516787782
2;5;16;0;0.0102544203401;0.0033371206373
2;5;17;0;0.00347264530137;1.53868713824e-05
2;6;0;0;0.00151376472786;0.000139944851981
2;6;1;0;0.000854430662002;9.10443995963e-05
2;6;2;0;0.000873568758834;0.000252389465459
2;6;3;0;0.00134720711503;5.34238097316e-05
2;6;4;0;0.00223721726798;7.84600779298e-05
2;6;5;0;0.00169317377731;9.64393329923e-05
2;6;6;0;0.00159537722357;0.000162719064974
2;6;7;0;0.00194156984799;5.24453607795e-05
2;6;8;0;0.00134656322189;0.000861880660523
2;6;9;0;0.00183596194256;0.000446833029855
2;6;10;0;0.00205387827009;0.000177540103323
2;6;11;0;0.00199808808975;0.000273477809969
2;6;12;0;0.00222275755368;3.69954905182e-05
2;6;13;0;0.0027014054358;2.09445170185e-05
2;6;14;0;0.0035243164748;0.00153502239846
2;6;15;0;0.00262954342179;0.00063262693584
2;6;16;0;0.00258713192306;0.000842237495817
2;6;17;0;0.00316115352325;1.38203176903e-05
2;7;0;0;0.000119587508379;7.10528620402e-05
2;7;1;0;0.000161396179465;0.000121583878354
2;7;2;0;0.000149665545905;0.000108926549728
2;7;3;0;0.000110219065391;5.31886871613e-05
2;7;4;0;0.000215205058339;7.97267421149e-05
2;7;5;0;0.000206337688724;0.000125887585455
2;7;6;0;0.000162934607943;0.000108003536297
2;7;7;0;0.000198118359549;5.30991492269e-05
2;7;8;0;0.000358202902135;0.000319443875924
2;7;9;0;0.000204419804504;9.82005731203e-05
2;7;10;0;0.000316238700179;6.07940419286e-05
2;7;11;0;0.000347826862708;9.37076547416e-05
2;7;12;0;0.00021665202803;5.3052961448e-05
2;7;13;0;0.00070019235136;5.3253806982e-05
2;7;14;0;0.000850694603287;0.000264762813458
2;7;15;0;0.000463816948468;0.000186696575838
2;7;16;0;0.000499784131534;0.000209513164009
2;7;17;0;0.00100803829264;5.33667189302e-05
2;8;0;0;8.02535942057e-05;4.33567147411e-05
2;8;1;0;9.66500374489e-05;5.67779206904e-05
2;8;2;0;0.000123699705;6.76657436998e-05
2;8;3;0;0.00012371961202;5.49736032553e-05
2;8;4;0;9.89642358036e-05;5.79077895964e-05
2;8;5;0;0.000111107168777;6.10576535109e-05
2;8;6;0;0.000114902941277;6.18960184511e-05
2;8;7;0;0.000118804855447;5.2562521887e-05
2;8;8;0;0.000141625205288;9.97733222903e-05
2;8;9;0;8.91394738574e-05;3.40561709891e-05
2;8;10;0;0.000121913668409;4.9309044698e-05
2;8;11;0;0.000133955472847;6.6664069891e-05
2;8;12;0;0.000122105862829;5.19058521604e-05
2;8;13;0;0.000126320839627;5.27812007931e-05
2;8;14;0;0.000108776162961;7.76520028012e-05
2;8;15;0;0.000140286545502;8.86904526851e-05
2;8;16;0;0.000115733950224;3.14628450724e-05
2;8;17;0;0.000121927689179;5.27674237674e-05
2;9;0;0;5.07562108396e-05;9.00396571524e-06
2;9;1;0;0.000108328298666;9.07928479137e-05
2;9;2;0;0.000129746375023;0.000101086778159
2;9;3;0;0.00010792521789;4.8644371418e-05
2;9;4;0;7.99620902399e-05;7.93624058133e-05
2;9;5;0;9.55772338784e-05;7.55053042667e-05
2;9;6;0;0.000125544640468;0.000110479253635
2;9;7;0;0.000139778043376;6.90498491167e-05
2;9;8;0;0.0001002680292;7.21639371477e-05
2;9;9;0;5.15821047884e-05;4.52847816632e-05
2;9;10;0;0.000127664257889;7.88023098721e-05
2;9;11;0;0.000155250629177;0.000105685860035
2;9;12;0;0.000142143078847;6.93977053743e-05
2;9;13;0;0.000133366804221;6.31987495581e-05
2;9;14;0;7.72114144638e-05;4.18533745687e-05
2;9;15;0;0.000102208228782;6.2124163378e-05
2;9;16;0;0.00011682841432;5.02292714373e-05
2;9;17;0;0.000127575432998;5.91456482653e-05
