0;0;0;0;8.57397317304e-05;8.50679498399e-05
0;0;1;0;6.15775134065e-05;6.13117372268e-05
0;0;2;0;1.3996567759e-05;1.38274135679e-05
0;0;3;0;1.57480517373e-05;1.53551391122e-05
0;0;4;0;1.71635781498e-06;6.63254184019e-07
0;0;5;0;3.07458285533e-05;3.06798538077e-05
0;0;6;0;4.10626125813e-05;4.08680934925e-05
0;0;7;0;1.43195129567e-05;1.43195129567e-05
0;0;8;0;2.49287245424e-06;2.42018813879e-06
0;0;9;0;3.63541130355e-06;3.63118601854e-06
0;0;10;0;6.89117314323e-06;6.88569343765e-06
0;0;11;0;5.61383330933e-06;5.56843724553e-06
0;0;12;0;1.28320634758e-05;1.24793268697e-05
0;0;13;0;9.41625512496e-06;9.22668550629e-06
0;0;14;0;1.08034718949e-07;5.86600457098e-08
0;0;15;0;2.69042197942e-06;2.68843405138e-06
0;0;16;0;3.89372598875e-06;3.83309361496e-06
0;0;17;0;1.163752259e-07;8.91187781349e-08
0;1;0;0;6.9752575655e-05;6.81576639181e-05
0;1;1;0;7.6521486335e-05;7.28408267605e-05
0;1;2;0;3.86402243748e-05;3.57560820703e-05
0;1;3;0;3.59122386726e-05;3.36563753081e-05
0;1;4;0;6.60190344206e-05;6.46447515464e-05
0;1;5;0;6.3215753471e-05;6.15949029452e-05
0;1;6;0;6.59850265947e-05;6.41704755253e-05
0;1;7;0;3.51585367753e-05;3.42150997312e-05
0;1;8;0;6.1484039179e-05;6.08747250226e-05
0;1;9;0;6.25312677585e-05;6.2020997575e-05
0;1;10;0;2.75643851637e-05;2.73830719379e-05
0;1;11;0;2.58274958469e-05;2.57809697359e-05
0;1;12;0;2.85459791485e-05;2.7650163247e-05
0;1;13;0;1.35602458613e-05;1.3023250176e-05
0;1;14;0;6.42846061965e-05;6.38311103103e-05
0;1;15;0;3.16196455969e-05;3.13052623824e-05
0;1;16;0;2.75265101664e-05;2.72070265055e-05
0;1;17;0;1.65616784216e-05;1.6254674847e-05
0;2;0;0;0.000211445280001;0.000121892247989
0;2;1;0;0.000450772233307;0.000132422719616
0;2;2;0;0.000441044336185;7.65873846831e-05
0;2;3;0;0.000273470359389;0.000140639473102
0;2;4;0;0.000128985440824;0.000123812395032
0;2;5;0;0.000119324649859;0.00011673757399
0;2;6;0;0.00010474739247;4.01964971388e-05
0;2;7;0;0.000115255563287;9.21932805795e-05
0;2;8;0;0.000135728725581;0.000127317936858
0;2;9;0;0.000129133652081;0.000121767247037
0;2;10;0;6.90052693244e-05;4.51576779597e-05
0;2;11;0;4.93132611155e-05;3.9584494516e-05
0;2;12;0;0.000110102555482;9.2858208518e-05
0;2;13;0;4.29351457569e-05;4.2220512114e-05
0;2;14;0;6.19302954874e-05;5.91987736698e-05
0;2;15;0;7.77595705586e-05;7.48031743569e-05
0;2;16;0;5.80929336138e-05;5.66503222217e-05
0;2;17;0;3.46814194927e-05;3.25314031215e-05
0;3;0;0;0.000966464111116;0.000118952048069
0;3;1;0;0.0454063341022;0.0106182862073
0;3;2;0;0.0138465547934;0.00298934243619
0;3;3;0;0.00100454839412;0.000918931618799
0;3;4;0;0.000924642255995;0.000120635973872
0;3;5;0;0.0211853533983;0.00336540304124
0;3;6;0;0.0228328667581;0.00373603496701
0;3;7;0;0.00111727963667;0.000714819994755
0;3;8;0;0.000790644611698;0.000121219432913
0;3;9;0;0.00218974682502;0.00181084277574
0;3;10;0;0.00212328741327;0.000106638784928
0;3;11;0;0.00153032969683;0.000588623108342
0;3;12;0;0.000997347058728;0.000752429768909
0;3;13;0;0.000572394346818;0.000183252835996
0;3;14;0;0.000477870897157;0.000121442601085
0;3;15;0;0.000937287113629;0.000224159433856
0;3;16;0;0.00087628280744;0.00040712376358
0;3;17;0;0.00043159147026;8.64393514348e-05
0;4;0;0;0.000138616407639;0.000126063838252
0;4;1;0;0.00024001042766;0.000219810564886
0;4;2;0;0.000461902120151;0.000461902120151
0;4;3;0;0.000844886759296;0.000740668503568
0;4;4;0;0.000136992501211;0.00012615932792
0;4;5;0;0.000267103838269;0.000267103838269
0;4;6;0;0.000304841407342;0.000200048743864
0;4;7;0;0.00045703354408;0.00045703354408
0;4;8;0;0.000145725425682;0.000125088758068
0;4;9;0;0.000319145096;0.000319145096
0;4;10;0;0.000418260955485;0.000418260868173
0;4;11;0;0.000393989059376;0.00035891222069
0;4;12;0;0.000374015042325;0.000353921350325
0;4;13;0;0.000278305611573;0.000212553539313
0;4;14;0;0.000250866025453;0.000120271390188
0;4;15;0;0.000357437325874;0.000193561354536
0;4;16;0;0.000645996886306;0.000602658546995
0;4;17;0;0.000361370970495;0.000173229025677
0;5;0;0;0.00113508338109;0.000121437529742
0;5;1;0;0.00299308355898;0.0027973651886
0;5;2;0;0.00152915355284;0.00103842327371
0;5;3;0;0.00213474151678;0.000529613695107
0;5;4;0;0.00156759261154;0.00012610462727
0;5;5;0;0.00554215582088;0.00236618309282
0;5;6;0;0.00579667370766;0.00170557107776
0;5;7;0;0.00354699231684;0.00096622138517
0;5;8;0;0.00172509450931;0.000126086757518
0;5;9;0;0.043179422617;0.00403580442071
0;5;10;0;0.00628763530403;0.000877018610481
0;5;11;0;0.0941752567887;0.060425542295
0;5;12;0;0.0042377547361;0.00310209812596
0;5;13;0;0.00373026309535;0.00301088462584
0;5;14;0;0.000371517497115;0.000126100363559
0;5;15;0;0.00227846438065;0.000762456620578
0;5;16;0;0.00207456038333;0.00143208890222
0;5;17;0;0.00130852637812;0.000368509383406
0;6;0;0;0.000248861470027;6.16794841335e-06
0;6;1;0;6.42363593215e-05;3.9795988414e-05
0;6;2;0;2.66446513706e-05;2.02836508834e-05
0;6;3;0;4.67683494207e-05;3.67014145013e-05
0;6;4;0;0.00041787783266;2.16410953726e-05
0;6;5;0;7.80099726398e-05;7.47733429307e-05
0;6;6;0;5.4226762586e-05;5.10732352268e-05
0;6;7;0;0.000160485535162;5.86771238886e-05
0;6;8;0;0.000515601539519;0.000107833540824
0;6;9;0;0.000214261817746;0.000191139115486
0;6;10;0;0.000209519872442;0.000162151161931
0;6;11;0;0.00049516861327;0.000210535014048
0;6;12;0;0.00060085428413;0.000164724711794
0;6;13;0;0.00101299234666;0.000382380269002
0;6;14;0;0.000826594128739;0.000120153446915
0;6;15;0;0.000453575717984;0.000453575659776
0;6;16;0;0.00078515522182;0.000695296097547
0;6;17;0;0.00159553508274;0.00039605103666
0;7;0;0;4.8414444791e-06;2.62392745753e-06
0;7;1;0;2.94117944577e-06;1.50554592437e-06
0;7;2;0;2.64710547526e-06;2.41036786974e-06
0;7;3;0;3.79009725293e-06;3.53525456376e-06
0;7;4;0;4.63546757601e-06;2.55740360444e-06
0;7;5;0;5.29298540641e-06;5.27358542968e-06
0;7;6;0;6.86201110511e-06;6.86198836775e-06
0;7;7;0;2.19646040023e-06;1.49206562128e-06
0;7;8;0;1.24133184727e-05;1.33286994242e-06
0;7;9;0;4.35992205894e-06;4.34696585216e-06
0;7;10;0;4.6149893933e-06;4.61490344605e-06
0;7;11;0;1.94284370991e-06;1.92323614101e-06
0;7;12;0;6.48618470223e-06;6.48618197374e-06
0;7;13;0;2.23639253818e-05;2.14593146666e-05
0;7;14;0;8.46514376462e-05;1.61646369179e-06
0;7;15;0;1.02486083051e-05;1.02486083051e-05
0;7;16;0;1.08648073365e-05;1.08648073365e-05
0;7;17;0;4.07358711527e-05;4.06008621212e-05
0;8;0;0;1.89191996469e-06;1.48654169152e-06
0;8;1;0;2.20658961325e-07;2.20139753537e-07
0;8;2;0;6.73808244755e-07;6.26502981049e-07
0;8;3;0;7.75597641223e-07;7.69587586547e-07
0;8;4;0;2.79609184872e-06;1.90610137452e-06
0;8;5;0;2.0733209567e-06;2.05092396754e-06
0;8;6;0;1.20388654068e-06;1.1508964235e-06
0;8;7;0;7.37396931072e-07;7.35904791327e-07
0;8;8;0;4.26657743446e-06;2.24586938202e-06
0;8;9;0;1.92346055883e-06;1.69581414866e-06
0;8;10;0;1.327877726e-06;1.26145300783e-06
0;8;11;0;1.1259112398e-06;1.01243858808e-06
0;8;12;0;2.2657466161e-06;2.26514475798e-06
0;8;13;0;6.62746242597e-06;6.5811609602e-06
0;8;14;0;4.82854193251e-06;2.38072357206e-06
0;8;15;0;2.71435919785e-06;2.04498746825e-06
0;8;16;0;1.57281601787e-06;1.49354150381e-06
0;8;17;0;3.41316922459e-06;3.26685153595e-06
0;9;0;0;8.65672689088e-07;7.83301004503e-07
0;9;1;0;8.90956869171e-07;8.68806239396e-07
0;9;2;0;1.41478267324e-07;1.26721900529e-07
0;9;3;0;7.08683174366e-08;7.08683174366e-08
0;9;4;0;1.16150022222e-06;1.06245977349e-06
0;9;5;0;9.28626775476e-07;9.28539066081e-07
0;9;6;0;6.97985058196e-07;6.82666154717e-07
0;9;7;0;2.96601967875e-07;2.96313118042e-07
0;9;8;0;1.61459297487e-06;1.35944901558e-06
0;9;9;0;8.02272097644e-07;6.63421189984e-07
0;9;10;0;3.05306571136e-07;2.94307994864e-07
0;9;11;0;1.84072177944e-07;1.83690062272e-07
0;9;12;0;2.57288405692e-07;2.49023202059e-07
0;9;13;0;6.01689237101e-07;5.96932181907e-07
0;9;14;0;1.88328715467e-06;1.43574868616e-06
0;9;15;0;1.04050286609e-06;9.15803695989e-07
0;9;16;0;2.92052931172e-07;2.90745930442e-07
0;9;17;0;6.13575878106e-07;5.98556937348e-07
1;0;0;0;1.7246358766e-05;1.6738751583e-05
1;0;1;0;1.70986677404e-05;1.7073660274e-05
1;0;2;0;1.37484748848e-05;1.37234201247e-05
1;0;3;0;1.37627839649e-05;1.36234339152e-05
1;0;4;0;1.39316671266e-05;1.37117294798e-05
1;0;5;0;1.28932906591e-05;1.28932906591e-05
1;0;6;0;1.37174147312e-05;1.37174147312e-05
1;0;7;0;1.22515248222e-05;1.22428346003e-05
1;0;8;0;5.67605820834e-06;5.58043484489e-06
1;0;9;0;1.20174026961e-05;1.20153872558e-05
1;0;10;0;3.39214625455e-06;3.39214625455e-06
1;0;11;0;2.9971697586e-06;2.9971697586e-06
1;0;12;0;1.17625913845e-05;1.15931616165e-05
1;0;13;0;1.35378859341e-05;1.34749607241e-05
1;0;14;0;1.15554755098e-07;7.46713411104e-08
1;0;15;0;5.18208753419e-06;5.18208753419e-06
1;0;16;0;3.15768966175e-06;3.13009627462e-06
1;0;17;0;1.50723565184e-07;1.43351769566e-07
1;1;0;0;2.81029424514e-05;2.48517862929e-05
1;1;1;0;4.32313026977e-05;4.26765400334e-05
1;1;2;0;2.61610293819e-05;2.49611202889e-05
1;1;3;0;2.94276251225e-05;2.66588067461e-05
1;1;4;0;2.63709935098e-05;2.49520835496e-05
1;1;5;0;3.04476379824e-05;2.96586658806e-05
1;1;6;0;3.29200775013e-05;3.29161739501e-05
1;1;7;0;2.66322967946e-05;2.56162711594e-05
1;1;8;0;1.72030504473e-05;1.6460835468e-05
1;1;9;0;3.17654812534e-05;3.16683763231e-05
1;1;10;0;1.9681019694e-05;1.95762586372e-05
1;1;11;0;1.8319069568e-05;1.8211781935e-05
1;1;12;0;2.48655305768e-05;2.33357350226e-05
1;1;13;0;1.39000912895e-05;1.37272581924e-05
1;1;14;0;1.72555719473e-05;1.66655408975e-05
1;1;15;0;2.00570666493e-05;2.00570666493e-05
1;1;16;0;2.07712400879e-05;2.07098491956e-05
1;1;17;0;1.45422100104e-05;1.438144227e-05
1;2;0;0;0.000165790333995;7.12418768671e-05
1;2;1;0;0.00034913350828;8.24575254228e-05
1;2;2;0;0.000298720609862;4.5092383516e-05
1;2;3;0;0.000188786565559;5.7647786889e-05
1;2;4;0;7.12344553904e-05;7.12344553904e-05
1;2;5;0;9.40337777138e-05;9.05911510927e-05
1;2;6;0;7.780224405e-05;4.91121827508e-05
1;2;7;0;8.06674433989e-05;5.72836579522e-05
1;2;8;0;3.99017735617e-05;2.05979558814e-05
1;2;9;0;7.53653075662e-05;7.53639542381e-05
1;2;10;0;5.02261573274e-05;3.49682632077e-05
1;2;11;0;3.56202835974e-05;3.4443441109e-05
1;2;12;0;7.68368772697e-05;6.74846451147e-05
1;2;13;0;3.13807540806e-05;3.03731412714e-05
1;2;14;0;2.72839133686e-05;2.44156744884e-05
1;2;15;0;4.23807650805e-05;4.22474076913e-05
1;2;16;0;3.56105920218e-05;3.56105920218e-05
1;2;17;0;2.74017929769e-05;2.53813141171e-05
1;3;0;0;0.00728844525293;0.00158604548778
1;3;1;0;0.011126906611;0.00101468316279
1;3;2;0;0.00827727094293;0.00100961735006
1;3;3;0;0.0012459816644;0.000950820161961
1;3;4;0;0.00791162159294;0.00143109448254
1;3;5;0;0.00920940656215;0.00138751522172
1;3;6;0;0.00837097223848;0.0037206762936
1;3;7;0;0.00108700082637;0.000876954465639
1;3;8;0;0.00542859826237;0.00309098651633
1;3;9;0;0.0231417790055;0.00317867798731
1;3;10;0;0.00262895715423;0.000326178560499
1;3;11;0;0.00221992051229;0.000123599354993
1;3;12;0;0.000534115242772;0.000281732878648
1;3;13;0;0.000354868738214;8.68111092132e-05
1;3;14;0;0.00038470729487;0.000100183642644
1;3;15;0;0.00101680867374;0.00018956992426
1;3;16;0;0.00128968665376;0.000275343540125
1;3;17;0;0.000269848038442;5.06352917e-05
1;4;0;0;0.00055529846577;0.00055529846577
1;4;1;0;0.000791101891082;0.000791101891082
1;4;2;0;0.000544832029846;0.000544832029846
1;4;3;0;0.000613805197645;0.000522554852068
1;4;4;0;0.000474355969345;0.000474355969345
1;4;5;0;0.000592349853832;0.000592349853832
1;4;6;0;0.000580349587835;0.000580349587835
1;4;7;0;0.000611715193372;0.000608393922448
1;4;8;0;0.000142524309922;0.000107596584712
1;4;9;0;0.000685753650032;0.000685753591824
1;4;10;0;0.000703260593582;0.000703260593582
1;4;11;0;0.000752821273636;0.000752821273636
1;4;12;0;0.000665818981361;0.000665818981361
1;4;13;0;0.000560764921829;0.000560764921829
1;4;14;0;0.000167997743119;5.23643357155e-05
1;4;15;0;0.000662868784275;0.000662868784275
1;4;16;0;0.000748440565076;0.000748440274037
1;4;17;0;0.000528544944245;0.00043156684842
1;5;0;0;0.00310662924312;0.000300919637084
1;5;1;0;0.00200679269619;0.00168229651172
1;5;2;0;0.00243683462031;0.00231488677673
1;5;3;0;0.00173904292751;0.00030229697586
1;5;4;0;0.0118607096374;0.0040597608313
1;5;5;0;0.0138251557946;0.00337804062292
1;5;6;0;0.0184684544802;0.00494392821565
1;5;7;0;0.0029578411486;0.00150857458357
1;5;8;0;0.104427181184;0.00647627841681
1;5;9;0;0.145891278982;0.0043930481188
1;5;10;0;0.0247515961528;0.000413496367401
1;5;11;0;0.0437247082591;0.0217178817838
1;5;12;0;0.00402340525761;0.00278515997343
1;5;13;0;0.0046929535456;0.00363858067431
1;5;14;0;0.00191617570817;0.000535698549356
1;5;15;0;0.00436723558232;0.00104328547604
1;5;16;0;0.00391368707642;0.0017998291878
1;5;17;0;0.0011717210291;0.000663624610752
1;6;0;0;4.77575122204e-05;3.56742712029e-05
1;6;1;0;3.46699525835e-05;2.54976494034e-05
1;6;2;0;1.11733825179e-05;8.73263979884e-06
1;6;3;0;4.0710940084e-05;4.05524297094e-05
1;6;4;0;0.000185446464457;4.52458407381e-05
1;6;5;0;6.8976507464e-05;3.61330348824e-05
1;6;6;0;0.000118754433061;0.000114439142635
1;6;7;0;0.000307962036459;2.41473244387e-05
1;6;8;0;0.000217036475078;0.000190908351215
1;6;9;0;0.000252091325819;0.000167318736203
1;6;10;0;0.000265584210865;0.000265583250439
1;6;11;0;0.000406181497965;0.000360667647328
1;6;12;0;0.000607628026046;0.000263749301666
1;6;13;0;0.00088239175966;0.000296815327602
1;6;14;0;0.00104174634907;0.000123704216094
1;6;15;0;0.000586777343415;0.000514028419275
1;6;16;0;0.000945437699556;0.000903242849745
1;6;17;0;0.00123997707851;0.000326300098095
1;7;0;0;6.06418234383e-06;5.70624570173e-06
1;7;1;0;6.98539133737e-06;6.45643012831e-06
1;7;2;0;2.141782943e-06;2.06919207812e-06
1;7;3;0;3.69389022126e-06;3.55367751581e-06
1;7;4;0;1.79327416845e-05;1.75425902853e-05
1;7;5;0;1.2332670849e-05;1.23279169202e-05
1;7;6;0;3.17676199302e-06;3.16706132253e-06
1;7;7;0;2.72886200037e-06;2.37687595472e-06
1;7;8;0;4.01811557822e-05;3.98434822273e-05
1;7;9;0;5.78575418331e-06;4.71314433526e-06
1;7;10;0;4.9841796681e-06;4.53780648968e-06
1;7;11;0;4.27452141594e-06;3.3538367461e-06
1;7;12;0;5.67278539165e-06;5.67254801354e-06
1;7;13;0;5.26747644471e-05;5.02886359754e-05
1;7;14;0;2.75747406704e-05;2.65595299425e-05
1;7;15;0;1.03804450191e-05;9.29200632527e-06
1;7;16;0;7.4074037002e-06;7.40740233596e-06
1;7;17;0;5.6511733419e-05;5.6308661442e-05
1;8;0;0;8.34191951071e-07;7.7980723745e-07
1;8;1;0;4.52081508229e-07;4.50455758028e-07
1;8;2;0;7.29314081127e-07;7.26393466266e-07
1;8;3;0;7.73237559315e-07;7.73237559315e-07
1;8;4;0;5.38623817192e-06;5.38623817192e-06
1;8;5;0;3.10925838676e-06;3.08826724904e-06
1;8;6;0;2.6573991363e-07;2.08076400554e-07
1;8;7;0;1.07606211941e-07;9.2052644618e-08
1;8;8;0;7.17650436854e-06;7.04860212863e-06
1;8;9;0;1.9080889615e-06;1.90775881492e-06
1;8;10;0;9.26924428768e-07;9.11971881123e-07
1;8;11;0;1.02983665329e-06;1.01797195384e-06
1;8;12;0;1.22316350826e-06;1.22215408282e-06
1;8;13;0;3.97057465307e-06;3.91841331293e-06
1;8;14;0;4.9008476708e-06;4.71662360724e-06
1;8;15;0;1.0060234672e-06;9.85234237305e-07
1;8;16;0;8.04180388059e-07;7.99969711807e-07
1;8;17;0;3.49863330484e-06;3.202643029e-06
1;9;0;0;9.29267685024e-08;6.48975486683e-08
1;9;1;0;9.34043669076e-07;9.29596126298e-07
1;9;2;0;1.09022302297e-07;9.95212303678e-08
1;9;3;0;9.72737339566e-08;9.6448054876e-08
1;9;4;0;4.25998280207e-07;4.25680923399e-07
1;9;5;0;3.18879386896e-07;3.18632629615e-07
1;9;6;0;2.22699458874e-08;2.18398010787e-08
1;9;7;0;4.31603353945e-07;4.31547533708e-07
1;9;8;0;7.77343359459e-07;7.77343359459e-07
1;9;9;0;2.95898814784e-07;2.95813322282e-07
1;9;10;0;1.57276673463e-07;1.48780117115e-07
1;9;11;0;1.69515132598e-07;1.64727580909e-07
1;9;12;0;5.18572733199e-07;5.16224190505e-07
1;9;13;0;3.34633739385e-07;3.34021564186e-07
1;9;14;0;7.63725211073e-07;7.26512837446e-07
1;9;15;0;2.09366746162e-07;1.52843426804e-07
1;9;16;0;1.57210479301e-07;1.56546747121e-07
1;9;17;0;6.01463739258e-07;6.00722216859e-07
2;0;0;0;1.45293943206e-05;1.43754732562e-05
2;0;1;0;1.4259557247e-05;1.41598047776e-05
2;0;2;0;9.94441597868e-06;9.26000757318e-06
2;0;3;0;9.61690057011e-06;8.35047194414e-06
2;0;4;0;1.20945951494e-05;1.20605536722e-05
2;0;5;0;1.08139111035e-05;1.0813906556e-05
2;0;6;0;1.40514603117e-05;1.40329957503e-05
2;0;7;0;8.14043414721e-06;7.70073438616e-06
2;0;8;0;4.065556368e-06;3.76307730221e-06
2;0;9;0;1.19839505714e-05;1.19839505714e-05
2;0;10;0;3.06759147861e-06;2.88610817734e-06
2;0;11;0;2.94336086881e-06;2.72162469628e-06
2;0;12;0;7.10427821105e-06;6.44879719403e-06
2;0;13;0;3.83175483876e-06;3.53139625986e-06
2;0;14;0;1.15699428704e-07;8.79258479358e-08
2;0;15;0;4.97481914863e-06;4.96774737258e-06
2;0;16;0;2.68188523478e-06;2.6045006507e-06
2;0;17;0;1.10075667692e-07;8.95725804639e-08
2;1;0;0;2.24920349865e-05;1.94856365852e-05
2;1;1;0;2.74708290817e-05;2.69356096396e-05
2;1;2;0;1.55245543283e-05;1.24317566588e-05
2;1;3;0;1.79263151949e-05;1.4048155208e-05
2;1;4;0;2.08607998502e-05;1.92080988199e-05
2;1;5;0;2.5407249268e-05;2.47520383709e-05
2;1;6;0;3.56222953997e-05;3.48885514541e-05
2;1;7;0;1.66632144101e-05;1.34098245326e-05
2;1;8;0;1.48049102791e-05;1.42668204717e-05
2;1;9;0;2.87369239231e-05;2.71961471299e-05
2;1;10;0;1.4418936189e-05;1.2948663425e-05
2;1;11;0;1.10582268462e-05;8.53113033372e-06
2;1;12;0;1.55335674208e-05;1.27957473524e-05
2;1;13;0;1.1937074305e-05;1.00450506579e-05
2;1;14;0;1.45159592648e-05;1.42975113704e-05
2;1;15;0;1.64494085766e-05;1.64494085766e-05
2;1;16;0;1.61546540767e-05;1.54077315528e-05
2;1;17;0;1.11927893158e-05;9.6415005828e-06
2;2;0;0;0.000100627839856;7.18602750567e-05
2;2;1;0;0.000204576135729;8.31876313896e-05
2;2;2;0;0.000181393115781;1.54424014909e-05
2;2;3;0;0.000133272333187;1.80789938895e-05
2;2;4;0;4.8219684686e-05;4.82120995002e-05
2;2;5;0;6.31142174825e-05;6.31141738268e-05
2;2;6;0;5.92228243477e-05;9.92880268313e-06
2;2;7;0;6.56553456793e-05;1.7503838535e-05
2;2;8;0;2.5909870601e-05;1.25631113406e-05
2;2;9;0;7.03223704477e-05;7.02459801687e-05
2;2;10;0;3.64181760233e-05;1.7802711227e-05
2;2;11;0;2.83265944745e-05;7.83940959082e-06
2;2;12;0;5.9640588006e-05;1.69821596501e-05
2;2;13;0;1.80770857696e-05;1.52731336129e-05
2;2;14;0;2.12982431549e-05;1.80753213499e-05
2;2;15;0;3.83757469535e-05;3.65722880815e-05
2;2;16;0;2.99693529087e-05;2.91051874228e-05
2;2;17;0;1.95576631086e-05;1.50644918904e-05
2;3;0;0;0.00321723846719;0.000512439932209
2;3;1;0;0.0423152334988;0.00891805160791
2;3;2;0;0.00159589434043;0.00030449219048
2;3;3;0;0.000283964473056;1.23556428662e-05
2;3;4;0;0.00255987886339;0.000402983074309
2;3;5;0;0.00280893803574;0.000352700037183
2;3;6;0;0.00234813126735;0.000858952058479
2;3;7;0;0.00035079853842;1.93325049622e-05
2;3;8;0;0.00113340246025;0.00016876286827
2;3;9;0;0.00153911870439;0.000577904109377
2;3;10;0;0.000834800594021;2.93867924483e-05
2;3;11;0;0.000736029702239;7.90662597865e-05
2;3;12;0;0.000319014798151;1.79028629645e-05
2;3;13;0;0.000240906971158;1.81450905075e-05
2;3;14;0;0.000245259783696;6.05392197031e-05
2;3;15;0;0.000391607551137;0.000140204967465
2;3;16;0;0.000379489356419;0.000157285670866
2;3;17;0;0.00018692042795;1.80102233571e-05
2;4;0;0;0.000530491408426;0.000530491408426
2;4;1;0;0.000502005510498;0.000502005510498
2;4;2;0;0.000281798333162;0.000156406429596
2;4;3;0;0.000132060697069;2.15030322579e-05
2;4;4;0;0.000387795909774;0.000387795909774
2;4;5;0;0.000402867444791;0.000402867444791
2;4;6;0;6.47189663141e-05;4.4758930926e-06
2;4;7;0;2.55743925663e-05;2.12853028643e-05
2;4;8;0;0.00025407737121;0.000253642036114
2;4;9;0;0.000443700759206;0.000443700730102
2;4;10;0;0.000104796985397;0.000104796985397
2;4;11;0;6.30557842669e-05;2.15874861169e-05
2;4;12;0;2.74025860563e-05;2.1266299882e-05
2;4;13;0;6.89486769261e-05;1.73312892002e-05
2;4;14;0;0.000238320921198;0.000157521528308
2;4;15;0;0.00033137210994;0.00033137210994
2;4;16;0;0.000414235459175;0.000391911715269
2;4;17;0;0.000120204364066;1.39286939884e-05
2;5;0;0;0.0043190154247;0.00250418111682
2;5;1;0;0.00495129078627;0.00495129078627
2;5;2;0;0.00356790493242;0.00142435415182
2;5;3;0;0.000610269489698;2.04258140002e-05
2;5;4;0;0.0194979757071;0.00321905617602
2;5;5;0;0.0234655942768;0.00457622483373
2;5;6;0;0.0265515204519;0.0014943939168
2;5;7;0;0.000782665971201;2.13634793909e-05
2;5;8;0;0.147354841232;0.00684918509796
2;5;9;0;0.145747423172;0.0400154478848
2;5;10;0;0.0286015756428;0.000625812681392
2;5;11;0;0.0323605015874;0.00432260427624
2;5;12;0;0.000768048281316;2.13453440665e-05
2;5;13;0;0.000646102067549;2.13693401747e-05
2;5;14;0;0.00166630290914;0.000649346387945
2;5;15;0;0.00549258245155;0.00153833581135
2;5;16;0;0.00392815284431;0.000708902487531
2;5;17;0;0.00030302623054;2.15066047531e-05
2;6;0;0;0.000144750942127;1.86288816622e-05
2;6;1;0;8.36909312056e-05;8.15983730718e-05
2;6;2;0;5.90613308304e-05;5.83872242714e-05
2;6;3;0;8.08352124295e-05;5.22802747582e-06
2;6;4;0;0.000432782893768;0.000112989349873
2;6;5;0;0.000231783633353;0.000156074660481
2;6;6;0;0.00010559920338;0.0001002125573
2;6;7;0;0.000177053923835;5.03440503508e-07
2;6;8;0;0.000281322922092;0.000255843595369
2;6;9;0;0.00015029887436;0.000148361636093
2;6;10;0;0.000133277149871;9.15774671739e-06
2;6;11;0;0.000142503587995;7.19913077774e-05
2;6;12;0;0.000239907007199;5.03263981955e-06
2;6;13;0;0.000363240047591;1.28070987557e-05
2;6;14;0;0.00102524645627;0.000782721268479
2;6;15;0;0.000772583065554;0.000772581726778
2;6;16;0;0.00166251056362;0.00155984924641
2;6;17;0;0.000508052413352;1.66706304299e-05
2;7;0;0;4.63237847725e-06;4.20737569584e-06
2;7;1;0;6.75029150443e-06;6.62533057039e-06
2;7;2;0;1.63931326824e-05;1.48503804667e-05
2;7;3;0;1.44984605868e-05;1.0180573554e-05
2;7;4;0;3.09412789647e-05;3.03306933347e-05
2;7;5;0;1.85978879017e-05;1.75084151124e-05
2;7;6;0;8.5978408606e-06;8.45670820127e-06
2;7;7;0;1.46079273691e-05;1.03247202787e-05
2;7;8;0;5.9679900005e-05;5.87497233937e-05
2;7;9;0;4.14224996348e-06;4.14220221501e-06
2;7;10;0;1.71428637259e-05;1.23452473417e-05
2;7;11;0;2.18453424168e-05;1.77500733116e-05
2;7;12;0;1.40096772157e-05;1.01507339423e-05
2;7;13;0;1.81450614036e-05;9.69536631601e-06
2;7;14;0;3.62518621841e-05;3.62518621841e-05
2;7;15;0;4.6784614824e-05;4.65643061034e-05
2;7;16;0;8.15965267975e-06;3.91323101212e-06
2;7;17;0;4.24310637754e-05;7.62037780078e-06
2;8;0;0;1.30144042032e-06;1.27465762034e-06
2;8;1;0;7.88263832874e-07;7.828004982e-07
2;8;2;0;1.12395500764e-05;1.09701541078e-05
2;8;3;0;1.10039036372e-05;9.31869635679e-06
2;8;4;0;3.62471064363e-06;3.62469813808e-06
2;8;5;0;4.88063687953e-06;4.86690441903e-06
2;8;6;0;3.88236685467e-06;3.87832960769e-06
2;8;7;0;1.07536188807e-05;9.45419196796e-06
2;8;8;0;5.57220482733e-06;5.39001666766e-06
2;8;9;0;1.23793199691e-06;1.23788265682e-06
2;8;10;0;1.16289393191e-05;1.08896383608e-05
2;8;11;0;1.32493778437e-05;1.23619802253e-05
2;8;12;0;1.17221652545e-05;9.59866065386e-06
2;8;13;0;1.3544682588e-05;1.01287660073e-05
2;8;14;0;4.56406223748e-06;4.11347900808e-06
2;8;15;0;6.50418814985e-06;6.47651859254e-06
2;8;16;0;1.04501887108e-05;1.00297038443e-05
2;8;17;0;1.38108562169e-05;1.01360383269e-05
2;9;0;0;1.0147756484e-06;1.01120372165e-06
2;9;1;0;5.23114613316e-06;5.13920394951e-06
2;9;2;0;6.77196521792e-06;6.72154783388e-06
2;9;3;0;8.49669049785e-06;7.59280237617e-06
2;9;4;0;1.54957191967e-07;1.14896671732e-07
2;9;5;0;7.56779058975e-07;7.5259129062e-07
2;9;6;0;2.95827862828e-06;2.95455561172e-06
2;9;7;0;9.55775249167e-06;8.30568296806e-06
2;9;8;0;6.79815627791e-07;6.79800393755e-07
2;9;9;0;4.99268594467e-07;3.83053873065e-07
2;9;10;0;8.32123623695e-06;8.10626261227e-06
2;9;11;0;9.41301277635e-06;9.30397163756e-06
2;9;12;0;9.34628587856e-06;8.39436415845e-06
2;9;13;0;1.03471402326e-05;9.05911292648e-06
2;9;14;0;8.85534348072e-07;8.47669241466e-07
2;9;15;0;3.15527154271e-06;3.12067186314e-06
2;9;16;0;7.51983179725e-06;7.48364755054e-06
2;9;17;0;1.04048294816e-05;9.03652926354e-06
