0;0;0;0;0.000819808628876;0.000497236382216
0;0;1;0;0.000796437263489;0.000625799933914
0;0;2;0;0.00201367470436;0.00201367470436
0;0;3;0;0.00102767837234;0.000828178483061
0;0;4;0;0.000332128722221;5.46550363651e-05
0;0;5;0;0.000375865813112;0.000293635006528
0;0;6;0;0.00114897091407;0.00113169336691
0;0;7;0;0.000293220538879;0.000255495484453
0;0;8;0;0.000249735312536;7.44727803976e-05
0;0;9;0;0.000447174912551;0.000447174912551
0;0;10;0;0.000160226132721;0.000119043710583
0;0;11;0;0.000417150615249;0.000417150615249
0;0;12;0;0.000472465675557;0.000436259055277
0;0;13;0;0.0001852310088;0.000160426614457
0;0;14;0;0.000193832776858;0.000166333396919
0;0;15;0;6.41119331704e-05;3.39018333761e-05
0;0;16;0;0.00026172370417;0.00026172370417
0;0;17;0;0.000166555866599;0.00015319569502
0;1;0;0;0.00238513574004;0.000193359650439
0;1;1;0;0.00299298763275;0.00108188041486
0;1;2;0;0.00326001504436;0.000990659114905
0;1;3;0;0.00311114336364;0.00103216152638
0;1;4;0;0.00187824596651;0.000228945616982
0;1;5;0;0.00258522806689;0.00139978609513
0;1;6;0;0.00217295042239;0.000421376200393
0;1;7;0;0.00231220759451;0.00111178297084
0;1;8;0;0.00175327737816;0.000236652544118
0;1;9;0;0.00183704879601;0.00170738971792
0;1;10;0;0.00184128002729;0.00110990752
0;1;11;0;0.00157208205201;0.000276871112874
0;1;12;0;0.00196858472191;0.000990650500171
0;1;13;0;0.00129428668879;0.000655474374071
0;1;14;0;0.00128887733445;0.000290864292765
0;1;15;0;0.00179482996464;0.00100915122312
0;1;16;0;0.00137352000456;0.00135948311072
0;1;17;0;0.000820925459266;0.000311642419547
0;2;0;0;0.00155834469479;0.000272395322099
0;2;1;0;0.00180309056304;0.00180309044663
0;2;2;0;0.00266440585256;0.00266440585256
0;2;3;0;0.00132854410913;0.000966614112258
0;2;4;0;0.00216221902519;0.00027667885297
0;2;5;0;0.0119770988822;0.00312132202089
0;2;6;0;0.0129386913031;0.000433253822848
0;2;7;0;0.00185943569522;0.0012917094864
0;2;8;0;0.00329271983355;0.00066022813553
0;2;9;0;0.213737517595;0.00597428530455
0;2;10;0;0.0167064368725;0.00206783623435
0;2;11;0;0.0214453302324;0.00144206394907
0;2;12;0;0.00302449660376;0.00108636461664
0;2;13;0;0.00401926133782;0.00118901103269
0;2;14;0;0.00613643275574;0.00346614583395
0;2;15;0;0.005274372641;0.00135351379868
0;2;16;0;0.00520393624902;0.00202073040418
0;2;17;0;0.00354096805677;0.000874533725437
0;3;0;0;0.000619637139607;0.000273887242656
0;3;1;0;0.00104751007166;0.00088045722805
0;3;2;0;0.00193596712779;0.00157078227494
0;3;3;0;0.00159030035138;0.000977689865977
0;3;4;0;0.000471481849672;0.000273287965683
0;3;5;0;0.00105741678271;0.00101451820228
0;3;6;0;0.000809531484265;0.000809531484265
0;3;7;0;0.00176072958857;0.00176072958857
0;3;8;0;0.00060091051273;0.000272089062491
0;3;9;0;0.00123194465414;0.00123194465414
0;3;10;0;0.00131135387346;0.00128202582709
0;3;11;0;0.00108439440373;0.000850281037856
0;3;12;0;0.0016051485436;0.0016051485436
0;3;13;0;0.00128978805151;0.00128978805151
0;3;14;0;0.000930275244173;0.000271662865998
0;3;15;0;0.00168313190807;0.00168313190807
0;3;16;0;0.00252360012382;0.00252360012382
0;3;17;0;0.0012030688813;0.001192411175
0;4;0;0;0.00484448811039;0.000273864192422
0;4;1;0;0.0525563694537;0.0138978864998
0;4;2;0;0.0459483005106;0.0208533257246
0;4;3;0;0.0102580245584;0.00210485607386
0;4;4;0;0.00403161020949;0.000273842510069
0;4;5;1;0.3;0.3
0;4;6;0;0.0459495633841;0.027291547507
0;4;7;0;0.0120583912358;0.00237929215655
0;4;8;0;0.00353442388587;0.00027392647462
0;4;9;0;0.0332811139524;0.0258069969714
0;4;10;0;0.0288631636649;0.0197547413409
0;4;11;0;0.0375341586769;0.029779067263
0;4;12;0;0.0141204074025;0.00493543455377
0;4;13;0;0.00491370214149;0.00132529658731
0;4;14;0;0.00193486711942;0.00027377193328
0;4;15;0;0.00500440690666;0.0012932184618
0;4;16;0;0.00391718186438;0.00315367430449
0;4;17;0;0.00272551644593;0.00192628230434
0;5;0;0;0.00306684570387;0.000252041732892
0;5;1;0;0.00185487186536;0.00171819305979
0;5;2;0;0.00190647493582;0.00109038688242
0;5;3;0;0.00261568487622;0.000845369126182
0;5;4;0;0.00379302143119;0.00025430842652
0;5;5;0;0.0036989399232;0.00249601551332
0;5;6;0;0.00289364671335;0.0013855752768
0;5;7;0;0.00449998164549;0.00172254256904
0;5;8;0;0.00412235734984;0.000269445066806
0;5;9;0;0.00588149391115;0.00444852933288
0;5;10;0;0.00452620116994;0.00157979386859
0;5;11;0;0.00459598004818;0.000480817892822
0;5;12;0;0.00530641479418;0.00178110669367
0;5;13;0;0.00730069493875;0.00132833688986
0;5;14;0;0.00495307520032;0.000272042962024
0;5;15;0;0.00770434644073;0.00597499962896
0;5;16;0;0.00637113582343;0.00236265617423
0;5;17;0;0.00871104653925;0.000966406485531
0;6;0;0;0.000340895931004;3.22221094393e-05
0;6;1;0;0.000179250098881;0.000168133483385
0;6;2;0;5.89188675804e-05;4.34946196037e-05
0;6;3;0;0.000111228720925;7.08439474693e-05
0;6;4;0;0.00079699640628;9.97816459858e-05
0;6;5;0;0.000355915224645;6.36641489109e-05
0;6;6;0;0.000321559229633;8.19803390186e-05
0;6;7;0;0.000288433686364;3.94821290683e-05
0;6;8;0;0.00107479759026;0.00016225357831
0;6;9;0;0.000837581348605;0.000550299882889
0;6;10;0;0.000498118344694;0.000190658829524
0;6;11;0;0.000628187670372;8.44254609547e-05
0;6;12;0;0.000605374400038;0.000203252217034
0;6;13;0;0.00110798806418;0.000723976118024
0;6;14;0;0.00205209571868;0.000215826716158
0;6;15;0;0.00125319010112;0.00125319010112
0;6;16;0;0.00144510099199;0.00144061015453
0;6;17;0;0.00189847243018;0.000713253102731
0;7;0;0;4.33427594544e-05;7.94761763245e-06
0;7;1;0;4.08307823818e-05;1.06280522232e-05
0;7;2;0;3.32024756062e-05;2.18422974285e-05
0;7;3;0;3.3842119592e-05;2.35750030697e-05
0;7;4;0;4.88449186378e-05;4.39450059275e-06
0;7;5;0;5.2478582802e-05;4.80790477013e-05
0;7;6;0;2.33842183661e-05;1.79263624887e-05
0;7;7;0;3.19097598549e-05;2.15924210352e-05
0;7;8;0;5.29685967194e-05;3.05223670694e-06
0;7;9;0;4.7190587793e-05;3.55192969437e-05
0;7;10;0;4.08500018239e-05;2.46130221058e-05
0;7;11;0;4.01232791774e-05;2.58065956587e-05
0;7;12;0;3.16969708365e-05;8.29184727991e-07
0;7;13;0;7.12287728675e-05;5.90670970269e-05
0;7;14;0;8.43081361381e-05;3.27356758589e-07
0;7;15;0;4.29856154369e-05;3.9022143028e-05
0;7;16;0;3.28448695655e-05;1.19017659017e-05
0;7;17;0;8.36749313748e-05;7.24886922399e-05
0;8;0;0;3.22550222336e-05;7.84383973951e-06
0;8;1;0;2.02714381885e-05;9.25014319364e-06
0;8;2;0;2.87201546598e-05;1.85161443369e-05
0;8;3;0;2.2352382075e-05;1.86052329809e-05
0;8;4;0;3.60417107004e-05;8.46148122946e-06
0;8;5;0;4.16356342612e-05;3.1927596865e-05
0;8;6;0;1.31654360302e-05;3.34172000294e-06
0;8;7;0;2.10104335565e-05;1.52409165821e-05
0;8;8;0;4.1326340579e-05;8.72073997016e-06
0;8;9;0;3.68853252439e-05;2.12312170333e-05
0;8;10;0;2.52594127232e-05;1.45060375871e-05
0;8;11;0;2.57006468019e-05;1.6054007574e-05
0;8;12;0;2.03939471248e-05;1.35110149131e-05
0;8;13;0;3.79844314011e-05;3.13406526402e-05
0;8;14;0;4.33032291767e-05;8.95790526556e-06
0;8;15;0;2.97087353829e-05;1.35768932523e-05
0;8;16;0;2.53303333011e-05;1.20209078887e-05
0;8;17;0;3.34645010298e-05;2.39120745391e-05
0;9;0;0;2.69004758593e-05;5.932447948e-06
0;9;1;0;2.35428160522e-05;1.55727611855e-05
0;9;2;0;2.54878596024e-05;2.18232744373e-05
0;9;3;0;1.52692264237e-05;1.24823463921e-05
0;9;4;0;3.28647947754e-05;7.09849973646e-06
0;9;5;0;2.68978656095e-05;2.67488248937e-05
0;9;6;0;1.23754361994e-05;8.92614025361e-06
0;9;7;0;1.63582644745e-05;1.02954300019e-05
0;9;8;0;3.47824097844e-05;7.55798828322e-06
0;9;9;0;2.35927545873e-05;1.80797778739e-05
0;9;10;0;1.84427444765e-05;1.24402904476e-05
0;9;11;0;1.9394690753e-05;1.33665698741e-05
0;9;12;0;1.48920853462e-05;1.12796878966e-05
0;9;13;0;2.14141073229e-05;1.81961368071e-05
0;9;14;0;3.23614076478e-05;7.73515876062e-06
0;9;15;0;2.1814397769e-05;1.20492177302e-05
0;9;16;0;1.79517901415e-05;1.17830531963e-05
0;9;17;0;2.12806862692e-05;1.73859571078e-05
1;0;0;0;0.000953799986746;0.000832627527416
1;0;1;0;0.00140028179158;0.00134658394381
1;0;2;0;0.00186005886644;0.00144343799911
1;0;3;0;0.00142507988494;0.00108243129216
1;0;4;0;0.00125500699505;0.00120207457803
1;0;5;0;0.000922295672353;0.000888054491952
1;0;6;0;0.0011767357355;0.00114231707994
1;0;7;0;0.000748639111407;0.000747382000554
1;0;8;0;0.000627905712463;0.00058164895745
1;0;9;0;0.000541224842891;0.000408912193961
1;0;10;0;0.000193852960365;0.000127727384097
1;0;11;0;0.00125531759113;0.00120878987946
1;0;12;0;0.0013293287484;0.00132617156487
1;0;13;0;0.00104098871816;0.000787562108599
1;0;14;0;0.000286580354441;0.000151343367179
1;0;15;0;0.000360038073268;0.000266191229457
1;0;16;0;0.000784275238402;0.000744389602914
1;0;17;0;0.000459565344499;0.000339420919772
1;1;0;0;0.0139346979558;0.00449678720906
1;1;1;0;0.0158843304962;0.00438120868057
1;1;2;0;0.00417073955759;0.0008774260059
1;1;3;0;0.00393332913518;0.00112054194324
1;1;4;0;0.00185103807598;0.00130727014039
1;1;5;0;0.00198714598082;0.000896180630662
1;1;6;0;0.00253338040784;0.0018744104309
1;1;7;0;0.00288714747876;0.0012333272025
1;1;8;0;0.00121908530127;0.00103593978565
1;1;9;0;0.00136816711165;0.00104670750443
1;1;10;0;0.00194894045126;0.000683911319356
1;1;11;0;0.00182560493704;0.000953263777774
1;1;12;0;0.00255976920016;0.00112283334602
1;1;13;0;0.00182374799624;0.000844482565299
1;1;14;0;0.000823459413368;0.000300115381833
1;1;15;0;0.00159502169117;0.000917359953746
1;1;16;0;0.00158725690562;0.000852730532642
1;1;17;0;0.00103028432932;0.00026092355256
1;2;0;0;0.00202341098338;0.00184535270091
1;2;1;0;0.001958910143;0.001958910143
1;2;2;0;0.00204699626192;0.00182716699783
1;2;3;0;0.00185477314517;0.00146620569285
1;2;4;0;0.00826391763985;0.00116564822383
1;2;5;0;0.00729664228857;0.00132062775083
1;2;6;0;0.00729075493291;0.00259441812523
1;2;7;0;0.00251351622865;0.00198036967777
1;2;8;1;0.3;0.3
1;2;9;1;0.3;0.3
1;2;10;0;0.00808015931398;0.00135325209703
1;2;11;0;0.00996120180935;0.00439578900114
1;2;12;0;0.00419028289616;0.00146834843326
1;2;13;0;0.00527587672696;0.000918129866477
1;2;14;0;0.00568640511483;0.000246183277341
1;2;15;0;0.00642578117549;0.000822653644718
1;2;16;0;0.00522830244154;0.00162466906477
1;2;17;0;0.00452919118106;0.000930492009502
1;3;0;0;0.00229280162603;0.00228077080101
1;3;1;0;0.00230435305275;0.00229102326557
1;3;2;0;0.00265677669086;0.00110007380135
1;3;3;0;0.00214958237484;0.00204060110264
1;3;4;0;0.00173267838545;0.00173267838545
1;3;5;0;0.00126802141313;0.00123020331375
1;3;6;0;0.00209398148581;0.00204424513504
1;3;7;0;0.00244961492717;0.00239552999847
1;3;8;0;0.00108595844358;0.00108595844358
1;3;9;0;0.00200874498114;0.00200874498114
1;3;10;0;0.00284427194856;0.00281566474587
1;3;11;0;0.00288870744407;0.00283192074858
1;3;12;0;0.0024338264484;0.00227730255574
1;3;13;0;0.00186882249545;0.00171450141352
1;3;14;0;0.000808917568065;0.000808917568065
1;3;15;0;0.00197873543948;0.00197873543948
1;3;16;0;0.00294232042506;0.00294232042506
1;3;17;0;0.00172118085902;0.00157061882783
1;4;0;0;0.0612723082304;0.0212135333568
1;4;1;0;0.0544238127768;0.00950691662729
1;4;2;0;0.0443223528564;0.0145471887663
1;4;3;0;0.00970312952995;0.00113106914796
1;4;4;1;0.3;0.3
1;4;5;1;0.3;0.3
1;4;6;0;0.135837122798;0.00356383877806
1;4;7;0;0.0124387266114;0.00570750189945
1;4;8;0;0.0659640431404;0.00460036098957
1;4;9;0;0.115881428123;0.00642941892147
1;4;10;0;0.134835794568;0.00191295077093
1;4;11;0;0.126141741872;0.00958180427551
1;4;12;0;0.00966883357614;0.00745500158519
1;4;13;0;0.00450370274484;0.00235051754862
1;4;14;0;0.00332238152623;0.00232428638265
1;4;15;0;0.00963374227285;0.00328888627701
1;4;16;0;0.00897609163076;0.00442202668637
1;4;17;0;0.00401951698586;0.00396593473852
1;5;0;0;0.00311082997359;0.00132959522307
1;5;1;0;0.00173386430833;0.000931591610424
1;5;2;0;0.00165392609779;0.000549657270312
1;5;3;0;0.00241098715924;0.00102425727528
1;5;4;0;0.00414216611534;0.00114092358854
1;5;5;0;0.00325882271864;0.000887055881321
1;5;6;0;0.00288688088767;0.00120882655028
1;5;7;0;0.00387910264544;0.00110768957529
1;5;8;0;0.00458264537156;0.000883575237822
1;5;9;0;0.00609542941675;0.00575700541958
1;5;10;0;0.00329859158956;0.00104448199272
1;5;11;0;0.00337834702805;0.000639273319393
1;5;12;0;0.00466474052519;0.00093478494091
1;5;13;0;0.00638760672882;0.000450218009064
1;5;14;0;0.0113173862919;0.0110828327015
1;5;15;0;0.00794996414334;0.00475667370483
1;5;16;0;0.00653088511899;0.00231690541841
1;5;17;0;0.00773880071938;0.000821331748739
1;6;0;0;0.000192513005459;8.15514140413e-05
1;6;1;0;0.000115721639304;9.0542343969e-05
1;6;2;0;0.00011164577154;0.000106181498268
1;6;3;0;0.000182608564501;0.000175214285264
1;6;4;0;0.000494769366924;0.000113629612315
1;6;5;0;0.000388302229112;0.000125591846881
1;6;6;0;0.000449879444204;0.000157855582074
1;6;7;0;0.00051318842452;4.89701487822e-05
1;6;8;0;0.000649862573482;0.000452750216937
1;6;9;0;0.000868277507834;0.000223398194066
1;6;10;0;0.000682062644046;0.000333019037498
1;6;11;0;0.000801362155471;0.000177244306542
1;6;12;0;0.000737194204703;0.000377242191462
1;6;13;0;0.00113215541933;0.000939586607274
1;6;14;0;0.00172673654743;0.00119237066247
1;6;15;0;0.00100820022635;0.000721567659639
1;6;16;0;0.00126323802397;0.00126323779114
1;6;17;0;0.00177044130396;0.000478832516819
1;7;0;0;3.8387170207e-05;3.05919929815e-05
1;7;1;0;4.5968714403e-05;3.80829587812e-05
1;7;2;0;4.60037153971e-05;3.54796648026e-05
1;7;3;0;5.55289152544e-05;4.6693126933e-05
1;7;4;0;5.10996687808e-05;3.73899565602e-05
1;7;5;0;5.44205868209e-05;4.97868859384e-05
1;7;6;0;4.05529863201e-05;2.74131325568e-05
1;7;7;0;5.24759561813e-05;3.90649765905e-05
1;7;8;0;0.000106020481326;9.39610399655e-05
1;7;9;0;5.52406054339e-05;4.43835342594e-05
1;7;10;0;6.14072487224e-05;4.6042358008e-05
1;7;11;0;6.51367154205e-05;5.12147307745e-05
1;7;12;0;4.68655125587e-05;2.08654000744e-05
1;7;13;0;9.53849739744e-05;8.56026745168e-05
1;7;14;0;7.38715898478e-05;7.06716600689e-05
1;7;15;0;9.15111813811e-05;8.44928799779e-05
1;7;16;0;5.74056975893e-05;4.25970283686e-05
1;7;17;0;0.000156424037414;0.00015307526337
1;8;0;0;2.19245412154e-05;1.81086597877e-05
1;8;1;0;1.2953656551e-05;1.10339688035e-05
1;8;2;0;3.0846476875e-05;2.07366501854e-05
1;8;3;0;3.65747073374e-05;2.98874492728e-05
1;8;4;0;2.88811861537e-05;2.52352201642e-05
1;8;5;0;3.45166699844e-05;2.93913908536e-05
1;8;6;0;2.95277332043e-05;1.72719428519e-05
1;8;7;0;2.77585204458e-05;1.6739435523e-05
1;8;8;0;4.38269962615e-05;3.64439074474e-05
1;8;9;0;2.36118175962e-05;1.17886374937e-05
1;8;10;0;3.85122148145e-05;2.55143550021e-05
1;8;11;0;3.91079956898e-05;2.59953467321e-05
1;8;12;0;3.43629071722e-05;2.3271622922e-05
1;8;13;0;5.23599337612e-05;3.92652473238e-05
1;8;14;0;3.75931922463e-05;2.96740963677e-05
1;8;15;0;3.72077374777e-05;2.93077009701e-05
1;8;16;0;3.8646368921e-05;2.53786656685e-05
1;8;17;0;5.26997573616e-05;4.18644231104e-05
1;9;0;0;1.33423236548e-05;8.47514093039e-06
1;9;1;0;1.16213068395e-05;1.0596671018e-05
1;9;2;0;2.0900995878e-05;1.40539341373e-05
1;9;3;0;2.04258267331e-05;8.34931688587e-06
1;9;4;0;1.50568093886e-05;1.12511061161e-05
1;9;5;0;1.8684697352e-05;1.74606630026e-05
1;9;6;0;1.82527383004e-05;1.01884015749e-05
1;9;7;0;2.12657141674e-05;8.73624048836e-06
1;9;8;0;2.32240017795e-05;1.92154875549e-05
1;9;9;0;1.47698519868e-05;6.09503558735e-06
1;9;10;0;2.43586928264e-05;1.35310929181e-05
1;9;11;0;2.50942794082e-05;1.36254348035e-05
1;9;12;0;2.23041279241e-05;2.23041279241e-05
1;9;13;0;4.38984679931e-05;4.11358050769e-05
1;9;14;0;2.15578402276e-05;1.78296122613e-05
1;9;15;0;2.48520336754e-05;1.59069350048e-05
1;9;16;0;2.44128023041e-05;1.41889941006e-05
1;9;17;0;3.42485291185e-05;2.68423027592e-05
2;0;0;0;0.00210374244489;0.00201739207841
2;0;1;0;0.00209289370105;0.00207028537989
2;0;2;0;0.00124837190378;0.000770859885961
2;0;3;0;0.00079945626203;6.51297477816e-06
2;0;4;0;0.00327556277625;0.00327556277625
2;0;5;0;0.00253657461144;0.00240421993658
2;0;6;0;0.00128018215764;0.000998038682155
2;0;7;0;0.000429269333836;6.02294494456e-06
2;0;8;0;0.00122670142446;0.00119119801093
2;0;9;0;0.00145471584983;0.000770227168687
2;0;10;0;0.000164576602401;3.23332424159e-05
2;0;11;0;0.000222436574404;0.000222421367653
2;0;12;0;0.000291413307423;4.84915017296e-06
2;0;13;0;6.93775218679e-05;2.23527104026e-06
2;0;14;0;0.00040061029722;0.00040061029722
2;0;15;0;0.000604041386396;0.000604041386396
2;0;16;0;0.000220931775402;0.000217688910197
2;0;17;0;1.35932150442e-05;3.5642617604e-06
2;1;0;0;0.00542564596981;0.0015549894888
2;1;1;0;0.0127931768075;0.00364657095633
2;1;2;0;0.00576448952779;0.000932944007218
2;1;3;0;0.00206635287032;6.47277101962e-06
2;1;4;0;0.00256938417442;0.000716215232387
2;1;5;0;0.00274642813019;0.000670361449011
2;1;6;0;0.00279055675492;0.000444297125796
2;1;7;0;0.00189836788923;9.23692095967e-06
2;1;8;0;0.00213595596142;0.000110870576464
2;1;9;0;0.00129716342781;0.000623483094387
2;1;10;0;0.00159141630866;7.14952548151e-05
2;1;11;0;0.00143018877134;8.24460585136e-05
2;1;12;0;0.00175871280953;9.13629537536e-06
2;1;13;0;0.00146365491673;7.35791900297e-06
2;1;14;0;0.00110296346247;3.11081894324e-05
2;1;15;0;0.00181471183896;0.00101194763556
2;1;16;0;0.0017396264011;0.000836892228108
2;1;17;0;0.00107120105531;7.16350632501e-06
2;2;0;0;0.00196634558961;0.00196634558961
2;2;1;0;0.00151705380995;0.00123873178381
2;2;2;0;0.000552372308448;0.000536347914021
2;2;3;0;0.000738118891604;1.16449991765e-05
2;2;4;0;0.00297582591884;0.00216896901838
2;2;5;0;0.0026690189261;0.0016260567354
2;2;6;0;0.0027692723088;0.000603896391112
2;2;7;0;0.00126084452495;3.09816437039e-06
2;2;8;1;0.3;0.3
2;2;9;1;0.3;0.3
2;2;10;0;0.00564560340717;0.00135981489439
2;2;11;0;0.0173265393823;0.0017033732729
2;2;12;0;0.0013823909685;6.4604137151e-05
2;2;13;0;0.00196263310499;2.36205523834e-05
2;2;14;0;0.0080482987687;0.000645884778351
2;2;15;0;0.00833879970014;0.000399363780161
2;2;16;0;0.00651615625247;0.00146632560063
2;2;17;0;0.00205580587499;1.33356606966e-05
2;3;0;0;0.00277538807131;0.00273146480322
2;3;1;0;0.00495978817344;0.00495325447991
2;3;2;0;0.0012137175072;0.00107925187331
2;3;3;0;0.000891019764822;1.35600639624e-05
2;3;4;0;0.0022233906202;0.00216197734699
2;3;5;0;0.00132273614872;0.00124929484446
2;3;6;0;0.000608474714682;0.000608474714682
2;3;7;0;0.000482892995933;1.3788515389e-05
2;3;8;0;0.00144460680895;0.00138838600833
2;3;9;0;0.00204463163391;0.00201982795261
2;3;10;0;0.000391686509829;0.000386922678445
2;3;11;0;0.000127220831928;0.000106798805064
2;3;12;0;0.000277858809568;1.33598723551e-05
2;3;13;0;0.000233113212744;1.24878961287e-05
2;3;14;0;0.00132094649598;0.00095917127328
2;3;15;0;0.000815391598735;0.000815391598735
2;3;16;0;0.000731383624952;0.000727948267013
2;3;17;0;0.000455194356618;1.27363900901e-05
2;4;0;0;0.0197736062109;0.00890566781163
2;4;1;0;0.159765660763;0.015772299841
2;4;2;0;0.0168476849794;0.00479763699695
2;4;3;0;0.00326814316213;1.34707524921e-05
2;4;4;0;0.0207746122032;0.00679545290768
2;4;5;0;0.021578989923;0.0107993166894
2;4;6;0;0.0226006675512;0.00576825300232
2;4;7;0;0.00283709121868;1.42295812111e-05
2;4;8;0;0.177370354533;0.00714537547901
2;4;9;1;0.3;0.3
2;4;10;0;0.013655282557;0.00233545922674
2;4;11;0;0.0925292745233;0.00387186813168
2;4;12;0;0.00258984602988;1.42170965773e-05
2;4;13;0;0.00180436926894;1.39076455525e-05
2;4;14;0;0.00284780119546;0.00268557248637
2;4;15;0;0.00469895591959;0.00264731864445
2;4;16;0;0.00639578513801;0.00204675132409
2;4;17;0;0.00133586861193;1.37726065077e-05
2;5;0;0;0.00252150720917;0.000771418912336
2;5;1;0;0.0016736962134;0.000206355762202
2;5;2;0;0.00168233178556;0.000187241850654
2;5;3;0;0.00204341416247;1.51058657138e-05
2;5;4;0;0.00365854543634;0.000539119180758
2;5;5;0;0.00283235125244;0.000507432676386
2;5;6;0;0.00264493236318;0.000436901609646
2;5;7;0;0.0025861475151;1.29997779368e-05
2;5;8;0;0.00443010218441;0.000682780169882
2;5;9;0;0.00509686255828;0.00314667169005
2;5;10;0;0.00320393056609;0.00195510569029
2;5;11;0;0.00354819791391;0.00354819791391
2;5;12;0;0.00278679165058;1.05264753074e-05
2;5;13;0;0.00319532770663;1.28037600007e-05
2;5;14;0;0.00827499572188;0.0034928387031
2;5;15;0;0.00628146948293;0.00609795656055
2;5;16;0;0.00614858418703;0.00437137531117
2;5;17;0;0.00331661221571;1.30257949422e-05
2;6;0;0;0.000388200016459;0.000118450814625
2;6;1;0;0.000205411910429;0.000184306540177
2;6;2;0;0.000161195363034;0.000129488878883
2;6;3;0;0.000312548392685;4.5557932026e-05
2;6;4;0;0.000712437962648;6.34624811937e-05
2;6;5;0;0.000556417682674;0.000167526333826
2;6;6;0;0.000549588003196;0.000152427819557
2;6;7;0;0.000631663715467;4.11446308135e-05
2;6;8;0;0.000934274517931;0.000515402876772
2;6;9;0;0.000970595458057;7.43149503251e-05
2;6;10;0;0.000861323263962;4.3356209062e-05
2;6;11;0;0.000942731800023;6.05666064075e-05
2;6;12;0;0.000825037190225;2.72580400633e-05
2;6;13;0;0.00120466202497;2.11754377233e-05
2;6;14;0;0.00165946886409;0.000532719772309
2;6;15;0;0.00108722865116;0.000346808839822
2;6;16;0;0.00117518380284;0.00036903860746
2;6;17;0;0.00169273745269;2.03079580388e-05
2;7;0;0;6.33376839687e-05;5.14026323799e-05
2;7;1;0;6.86673738528e-05;5.10903118993e-05
2;7;2;0;0.000119285738037;5.53503232368e-05
2;7;3;0;0.000112397465273;4.52769818367e-05
2;7;4;0;7.03676487319e-05;4.63793767267e-05
2;7;5;0;7.77722743805e-05;5.14634666615e-05
2;7;6;0;8.06523748906e-05;3.87589207094e-05
2;7;7;0;0.000113044945465;4.540309601e-05
2;7;8;0;0.000185775323189;0.000163073680596
2;7;9;0;6.87890642439e-05;4.46566809842e-05
2;7;10;0;0.000116708339192;4.64361182821e-05
2;7;11;0;0.000116140436148;5.82005450269e-05
2;7;12;0;0.000115113711217;4.54346627521e-05
2;7;13;0;0.000110349676106;4.57629030279e-05
2;7;14;0;0.000138153031003;0.000135535170557
2;7;15;0;0.000166084864759;0.00012856448302
2;7;16;0;8.92971074791e-05;4.99459529237e-05
2;7;17;0;0.000184935430298;4.56475790998e-05
2;8;0;0;3.69779008906e-05;3.13530654239e-05
2;8;1;0;5.19870663993e-05;4.14713213104e-05
2;8;2;0;0.000121962249978;6.17311889073e-05
2;8;3;0;0.000107152154669;4.47546808573e-05
2;8;4;0;4.2303418013e-05;3.6151814129e-05
2;8;5;0;5.21591064171e-05;3.65051782865e-05
2;8;6;0;4.93090046803e-05;2.46122453973e-05
2;8;7;0;0.000103110956843;4.39441901108e-05
2;8;8;0;6.87800638843e-05;6.29652640782e-05
2;8;9;0;4.31693515566e-05;2.45927512879e-05
2;8;10;0;0.000104160186311;4.40155054093e-05
2;8;11;0;0.000110121873149;5.57033163204e-05
2;8;12;0;0.000104504702904;4.41006413894e-05
2;8;13;0;0.00010957930499;4.51183805126e-05
2;8;14;0;6.39079007669e-05;5.48184289073e-05
2;8;15;0;6.82406462147e-05;5.53747886443e-05
2;8;16;0;9.84288490145e-05;3.29393042193e-05
2;8;17;0;0.000110453329398;4.52447748103e-05
2;9;0;0;2.2914573492e-05;9.73006899585e-06
2;9;1;0;9.43959166761e-05;9.10175440367e-05
2;9;2;0;8.2842867414e-05;6.53335373499e-05
2;9;3;0;9.13455151021e-05;3.98645752284e-05
2;9;4;0;5.56963314011e-05;5.56886880076e-05
2;9;5;0;6.09155285929e-05;5.73520046601e-05
2;9;6;0;0.000101821824501;9.27063374547e-05
2;9;7;0;0.000118523566925;5.3332245443e-05
2;9;8;0;5.53227728233e-05;5.31528530701e-05
2;9;9;0;3.32791787514e-05;3.32791787514e-05
2;9;10;0;9.56278672675e-05;6.66513151373e-05
2;9;11;0;0.00011506069859;9.32268812903e-05
2;9;12;0;0.000119040545542;5.51661578356e-05
2;9;13;0;0.000116061666631;5.05048810737e-05
2;9;14;0;3.65241539839e-05;3.09682436637e-05
2;9;15;0;2.6690759114e-05;1.51191652549e-05
2;9;16;0;8.56355982251e-05;4.26627921115e-05
2;9;17;0;0.000111206856673;4.71390303574e-05
