0;0;0;0;0.000475685228594;0.000288201321382
0;0;1;0;0.000553668767679;0.000263041903963
0;0;2;0;0.000641339167487;0.000307096692268
0;0;3;0;0.000485212047352;0.000327761197696
0;0;4;0;0.000181093317224;3.79544799216e-05
0;0;5;0;0.000185585580766;8.13827427919e-05
0;0;6;0;0.000199681337108;0.000192495877855
0;0;7;0;0.000209665289731;7.79026813689e-05
0;0;8;0;0.00010275128443;9.1673755378e-06
0;0;9;0;5.08701559738e-05;2.15226464206e-05
0;0;10;0;0.00010135294724;5.76407683184e-06
0;0;11;0;0.000101203208033;5.07070908498e-05
0;0;12;0;0.000155174187967;0.000155174187967
0;0;13;0;3.81777754228e-05;2.48375927185e-05
0;0;14;0;4.07268271374e-06;6.25935498988e-08
0;0;15;0;3.46683737007e-05;5.35029175808e-06
0;0;16;0;3.9489568735e-05;3.9489568735e-05
0;0;17;0;2.80479907815e-05;2.80479907815e-05
0;1;0;0;0.0014214545954;0.000133073684992
0;1;1;0;0.00170135626104;0.00132367364131
0;1;2;0;0.0023966608569;0.00223598349839
0;1;3;0;0.00225256825797;0.000276718754321
0;1;4;0;0.00109849311411;0.000148690669448
0;1;5;0;0.00125764298718;0.000502373557538
0;1;6;0;0.00145732180681;0.000514717656188
0;1;7;0;0.0017480829265;0.000613695883658
0;1;8;0;0.000962173391599;0.000146546852193
0;1;9;0;0.000921144208405;0.000583613640629
0;1;10;0;0.00136564753484;0.000371293834178
0;1;11;0;0.00135591521394;0.000432035158155
0;1;12;0;0.00143802003004;0.000332963652909
0;1;13;0;0.00104589830153;0.000507254735567
0;1;14;0;0.000618575257249;0.000179038368515
0;1;15;0;0.000872178236023;0.000123508041725
0;1;16;0;0.000910490984097;0.000426613492891
0;1;17;0;0.000722852244508;0.000121495024359
0;2;0;0;0.00116670643911;0.00018548357184
0;2;1;0;0.00388288823888;0.00388288823888
0;2;2;0;0.00262126117013;0.00262126117013
0;2;3;0;0.00174869038165;0.00174869038165
0;2;4;0;0.00229449453764;0.000264622707618
0;2;5;0;0.00490658031777;0.00345505890436
0;2;6;0;0.00571315642446;0.00546452077106
0;2;7;0;0.00195371010341;0.00192341639195
0;2;8;0;0.00247368356213;0.000199803645955
0;2;9;1;0.3;0.3
0;2;10;0;0.00516575854272;0.00134914112277
0;2;11;0;0.0173416305333;0.00123573699966
0;2;12;0;0.00214814837091;0.00108673481736
0;2;13;0;0.00267741270363;0.00130461272784
0;2;14;0;0.00359078100882;0.00125756126363
0;2;15;0;0.00256028166041;0.000921538972761
0;2;16;0;0.0027046368923;0.00241422047839
0;2;17;0;0.00248633720912;0.000709938642103
0;3;0;0;0.000859420397319;0.000184476346476
0;3;1;0;0.00389255629852;0.00389255629852
0;3;2;0;0.00982425641268;0.00502673070878
0;3;3;0;0.00445671053603;0.00193296361249
0;3;4;0;0.000447668717243;0.000184160366189
0;3;5;0;0.00275884289294;0.00275884289294
0;3;6;0;0.00146739941556;0.00146739941556
0;3;7;0;0.00515913544223;0.00515913544223
0;3;8;0;0.000511343125254;0.000183571100933
0;3;9;0;0.00334396958351;0.00334396958351
0;3;10;0;0.00269818725064;0.00269818725064
0;3;11;0;0.00127625640016;0.00102678488474
0;3;12;0;0.00282603898086;0.00282603898086
0;3;13;0;0.00187308806926;0.00187308806926
0;3;14;0;0.00074331369251;0.000183227515663
0;3;15;0;0.00205512112007;0.00205512112007
0;3;16;0;0.00333058112301;0.00333058112301
0;3;17;0;0.00185618398245;0.00185618398245
0;4;0;0;0.00462264427915;0.000169350387296
0;4;1;0;0.0967112705112;0.00995890982449
0;4;2;0;0.0266445279121;0.00813489966094
0;4;3;0;0.0225670225918;0.00627502240241
0;4;4;0;0.00389073649421;0.000184333170182
0;4;5;0;0.1965906322;0.00700752530247
0;4;6;0;0.0256874989718;0.00291003799066
0;4;7;0;0.0236833859235;0.00509282713756
0;4;8;0;0.00343922944739;0.000184481948963
0;4;9;0;0.0259700063616;0.00858390517533
0;4;10;0;0.0209315698594;0.00956009328365
0;4;11;0;0.0195912402123;0.00184952816926
0;4;12;1;0.3;0.3
0;4;13;0;0.0962813571095;0.00922298524529
0;4;14;0;0.00203856546432;0.000184409858775
0;4;15;0;0.010524620302;0.00552311865613
0;4;16;0;0.0125632416457;0.00813246984035
0;4;17;0;0.00720746349543;0.00558175612241
0;5;0;0;0.00231474591419;0.000123098463519
0;5;1;0;0.00176451995503;0.00176451983862
0;5;2;0;0.0012174716685;0.0012174716685
0;5;3;0;0.00340606109239;0.00220562587492
0;5;4;0;0.00292702694423;0.000123026766232
0;5;5;0;0.00290699559264;0.00205538002774
0;5;6;0;0.00265954667702;0.00256920070387
0;5;7;0;0.00623243395239;0.00429559545591
0;5;8;0;0.00323303509504;0.000139802185004
0;5;9;0;0.00688665034249;0.00635137781501
0;5;10;0;0.00600068597123;0.00456148618832
0;5;11;0;0.00703310081735;0.00274062552489
0;5;12;0;0.00822719186544;0.00554041843861
0;5;13;0;0.0113211236894;0.00273210788146
0;5;14;0;0.00404176907614;0.00015498205903
0;5;15;0;0.01633939147;0.00505930976942
0;5;16;0;0.0155559582636;0.0070087458007
0;5;17;0;0.016430972144;0.00515357963741
0;6;0;0;0.00026093487395;7.79620313551e-06
0;6;1;0;6.88628060743e-05;3.97294206778e-05
0;6;2;0;3.88841617678e-05;3.54338772013e-05
0;6;3;0;6.49331050226e-05;5.93707809458e-05
0;6;4;0;0.000569124473259;4.56826528534e-05
0;6;5;0;0.000161897696671;8.45024478622e-05
0;6;6;0;0.000103161175502;0.000103161037259
0;6;7;0;6.52845774312e-05;3.61997299478e-05
0;6;8;0;0.000774250598624;4.56754896732e-05
0;6;9;0;0.00031902702176;0.00025279718102
0;6;10;0;0.000147870654473;0.000147816972458
0;6;11;0;0.000193168423721;0.000169223349076
0;6;12;0;0.000190803271835;0.000177984664333
0;6;13;0;0.000355751661118;0.000318790262099
0;6;14;0;0.00152319436893;0.000121090655739
0;6;15;0;0.00089411996305;0.00089411996305
0;6;16;0;0.00199253461324;0.00199253461324
0;6;17;0;0.00221101567149;0.00221101543866
0;7;0;0;3.01611107716e-05;9.56748590397e-06
0;7;1;0;2.86966260319e-05;1.08561998786e-05
0;7;2;0;2.31466401601e-05;2.03324252652e-05
0;7;3;0;2.50680986937e-05;1.88841277122e-05
0;7;4;0;3.56355667464e-05;9.00873601495e-06
0;7;5;0;2.7832636988e-05;2.65370235866e-05
0;7;6;0;1.4053740415e-05;1.20005352073e-05
0;7;7;0;2.29489342018e-05;1.70518887899e-05
0;7;8;0;4.04455968237e-05;8.65174479259e-06
0;7;9;0;2.55918330367e-05;1.93288360606e-05
0;7;10;0;2.61218519881e-05;1.76665962499e-05
0;7;11;0;2.75829170278e-05;1.93576670426e-05
0;7;12;0;2.03542822419e-05;4.05033370043e-06
0;7;13;0;5.24824718013e-05;4.59493021481e-05
0;7;14;0;5.86761852901e-05;6.18700232735e-06
0;7;15;0;2.86923568638e-05;2.08887086046e-05
0;7;16;0;2.4674785891e-05;1.07202749859e-05
0;7;17;0;5.90607342019e-05;5.15742976859e-05
0;8;0;0;2.05981250474e-05;8.37209699966e-06
0;8;1;0;1.13456153485e-05;8.54158679431e-06
0;8;2;0;1.46687589222e-05;1.23046138469e-05
0;8;3;0;1.31546375997e-05;1.29875143102e-05
0;8;4;0;2.3929778763e-05;8.81876258063e-06
0;8;5;0;2.18825716729e-05;1.83235079021e-05
0;8;6;0;8.1352691268e-06;8.1352691268e-06
0;8;7;0;1.20170871014e-05;1.13831547424e-05
0;8;8;0;2.84171892417e-05;9.28844474402e-06
0;8;9;0;2.22302296606e-05;1.56113692356e-05
0;8;10;0;1.55839898071e-05;1.21161901916e-05
0;8;11;0;1.55630441441e-05;1.14834138003e-05
0;8;12;0;1.15115499284e-05;1.0995869161e-05
0;8;13;0;2.74140002148e-05;2.47397256317e-05
0;8;14;0;3.01046839013e-05;9.42738461163e-06
0;8;15;0;1.69788454514e-05;1.34219499159e-05
0;8;16;0;1.59018472914e-05;9.28794179345e-06
0;8;17;0;2.41694724537e-05;1.9412877009e-05
0;9;0;0;1.58972688951e-05;6.34593652649e-06
0;9;1;0;1.1372823792e-05;8.42093777464e-06
0;9;2;0;9.90755324892e-06;9.46846648731e-06
0;9;3;0;6.79274580762e-06;6.52314201943e-06
0;9;4;0;1.94039239432e-05;7.28935265215e-06
0;9;5;0;1.37082597575e-05;1.36732960527e-05
0;9;6;0;5.62655486647e-06;4.76398145111e-06
0;9;7;0;6.90905562806e-06;6.75107639836e-06
0;9;8;0;2.04411717277e-05;8.07965170679e-06
0;9;9;0;1.39748062793e-05;1.08950798676e-05
0;9;10;0;9.28550707613e-06;7.90115154814e-06
0;9;11;0;9.38113316806e-06;7.95706273493e-06
0;9;12;0;5.57542261959e-06;5.29880071554e-06
0;9;13;0;1.22624478536e-05;1.21088478409e-05
0;9;14;0;2.05319138331e-05;8.26506402518e-06
0;9;15;0;1.19723235912e-05;8.09592074802e-06
0;9;16;0;9.4269253168e-06;8.00852103566e-06
0;9;17;0;1.22311521409e-05;1.19820315376e-05
1;0;0;0;0.000291522650514;0.000132501241751
1;0;1;0;0.000681867240928;0.000518401328009
1;0;2;0;0.000851401418913;0.000781891052611
1;0;3;0;0.000713944958989;0.000713944958989
1;0;4;0;0.00045294946176;0.00045294946176
1;0;5;0;0.000328192923917;0.000328192923917
1;0;6;0;0.000265559967374;0.000103213853436
1;0;7;0;0.00054140080465;0.00054140080465
1;0;8;0;0.000274562946288;0.000274562946288
1;0;9;0;0.000285266432911;0.000285266432911
1;0;10;0;0.000185112003237;0.000185112003237
1;0;11;0;0.000325645727571;0.000234666717006
1;0;12;0;0.000217396125663;0.000188213729416
1;0;13;0;0.000342584215105;0.000264573289314
1;0;14;0;4.51305459137e-05;4.2917963583e-05
1;0;15;0;7.03732439433e-05;7.03732439433e-05
1;0;16;0;0.000125094855321;6.73625690979e-05
1;0;17;0;0.000153981964104;0.000153981964104
1;1;0;0;0.00269552436657;0.00219757924788
1;1;1;0;0.00318568735383;0.00210775085725
1;1;2;0;0.0040243905969;0.00357726588845
1;1;3;0;0.00353383109905;0.000989696243778
1;1;4;0;0.00275005539879;0.00275005539879
1;1;5;0;0.00201186700724;0.00178720697295
1;1;6;0;0.00299039226957;0.00298240710981
1;1;7;0;0.00249045388773;0.00110584206413
1;1;8;0;0.016593772918;0.00588675495237
1;1;9;0;0.00167211517692;0.00151965965051
1;1;10;0;0.00182379886974;0.000495966640301
1;1;11;0;0.00168277788907;0.00096472830046
1;1;12;0;0.002042301232;0.00048236513976
1;1;13;0;0.00141189433634;0.000776069588028
1;1;14;0;0.000718271592632;0.000146902108099
1;1;15;0;0.00125558476429;0.00103951944038
1;1;16;0;0.00124381913338;0.00106495956425
1;1;17;0;0.000767346937209;0.000242208581767
1;2;0;0;0.00336320442148;0.00336320442148
1;2;1;0;0.00303299352527;0.00303299352527
1;2;2;0;0.00226247753017;0.00224582594819
1;2;3;0;0.00271229189821;0.00271229189821
1;2;4;0;0.00289125810377;0.00242546596564
1;2;5;0;0.00324868503958;0.0024301612284
1;2;6;0;0.00458423420787;0.00391891878098
1;2;7;0;0.00285250716843;0.00238795136102
1;2;8;1;0.3;0.3
1;2;9;1;0.3;0.3
1;2;10;0;0.00447697332129;0.00353551795706
1;2;11;0;0.00573118356988;0.00459133507684
1;2;12;0;0.00399925513193;0.00257270177826
1;2;13;0;0.00486273877323;0.00231619761325
1;2;14;0;0.0037692238111;0.00120940781198
1;2;15;0;0.0047719986178;0.00341886747628
1;2;16;0;0.0050053615123;0.00344676151872
1;2;17;0;0.00411078659818;0.00105868140236
1;3;0;0;0.00424626236781;0.00424626236781
1;3;1;0;0.00528720859438;0.00528720859438
1;3;2;0;0.00320526422001;0.00296232267283
1;3;3;0;0.00239493325353;0.0022333683446
1;3;4;0;0.00305070495233;0.00305070495233
1;3;5;0;0.00387926353142;0.00387926353142
1;3;6;0;0.00556685775518;0.00556685775518
1;3;7;0;0.00510472618043;0.00510472618043
1;3;8;0;0.0012005707249;0.0012005707249
1;3;9;0;0.00403133872896;0.00403133872896
1;3;10;0;0.00444326363504;0.00444326363504
1;3;11;0;0.00421495083719;0.00421495083719
1;3;12;0;0.00380355934612;0.00380355934612
1;3;13;0;0.00281630689278;0.00281630689278
1;3;14;0;0.00321973185055;0.00321973185055
1;3;15;0;0.0034083542414;0.0034083542414
1;3;16;0;0.00473143672571;0.00473143672571
1;3;17;0;0.00266378792003;0.00266378792003
1;4;0;0;0.0273164082319;0.0143818734214
1;4;1;0;0.0226339716464;0.0108443843201
1;4;2;0;0.0189852789044;0.00984613411129
1;4;3;0;0.0130321467295;0.00282625760883
1;4;4;1;0.3;0.3
1;4;5;1;0.3;0.3
1;4;6;1;0.3;0.3
1;4;7;0;0.0153890596703;0.0071627269499
1;4;8;0;0.261291921139;0.00937481969595
1;4;9;1;0.3;0.3
1;4;10;1;0.3;0.3
1;4;11;0;0.249017909169;0.00930032040924
1;4;12;0;0.0123978890479;0.0108314072713
1;4;13;0;0.00690123997629;0.00637497240677
1;4;14;0;0.00470806425437;0.00470806425437
1;4;15;0;0.00860621128231;0.00405681086704
1;4;16;0;0.00771896960214;0.00553864333779
1;4;17;0;0.00576703716069;0.00576703716069
1;5;0;0;0.00375724490732;0.00354757276364
1;5;1;0;0.00287161604501;0.00287161557935
1;5;2;0;0.00138888787478;0.00138888787478
1;5;3;0;0.00271885283291;0.00139757432044
1;5;4;0;0.00561767676845;0.00418398249894
1;5;5;0;0.00472300080582;0.00403809081763
1;5;6;0;0.00390117079951;0.00305574946105
1;5;7;0;0.00440516043454;0.00278418837115
1;5;8;0;0.00634578242898;0.0046469499357
1;5;9;0;0.0046545593068;0.0046545593068
1;5;10;0;0.00521519873291;0.00351606728509
1;5;11;0;0.0071098995395;0.00486027123407
1;5;12;0;0.00537373591214;0.00158312055282
1;5;13;0;0.00733031099662;0.00166437076405
1;5;14;0;0.0174014884979;0.00908427033573
1;5;15;0;0.00922748167068;0.0070261368528
1;5;16;0;0.00930784177035;0.00556783145294
1;5;17;0;0.0093820784241;0.00227624061517
1;6;0;0;8.20962450234e-05;7.00774617144e-05
1;6;1;0;4.6531073167e-05;2.59633434325e-05
1;6;2;0;4.28865205322e-05;3.94561247958e-05
1;6;3;0;9.15224300115e-05;8.76862468431e-05
1;6;4;0;9.82752171694e-05;9.57696247497e-05
1;6;5;0;7.40169489291e-05;6.98710427969e-05
1;6;6;0;8.58514031279e-05;8.58510320541e-05
1;6;7;0;0.000171048508491;3.50805748894e-05
1;6;8;0;0.000314750272082;0.000305956287775
1;6;9;0;0.000123543533846;0.00012354349019
1;6;10;0;0.000163665114087;0.000160335228429
1;6;11;0;0.000117306444736;7.06296777935e-05
1;6;12;0;0.000383865175536;0.000383865175536
1;6;13;0;0.00140764878597;0.00140764866956
1;6;14;0;0.00130861776415;0.00103125942405
1;6;15;0;0.00068610208109;0.000640874670353
1;6;16;0;0.00112462148536;0.00112462113611
1;6;17;0;0.0019634636119;0.00121655908879
1;7;0;0;2.74146896118e-05;2.51640394708e-05
1;7;1;0;3.12532829412e-05;2.57963456534e-05
1;7;2;0;1.72865729837e-05;1.6180520106e-05
1;7;3;0;3.07478148898e-05;2.49448912655e-05
1;7;4;0;3.76632669941e-05;3.4650991438e-05
1;7;5;0;3.16143705277e-05;2.50050816248e-05
1;7;6;0;2.79002306343e-05;2.79001906165e-05
1;7;7;0;2.66942843155e-05;1.94596850633e-05
1;7;8;0;8.11199352029e-05;8.09675766504e-05
1;7;9;0;3.00555420836e-05;2.99260245811e-05
1;7;10;0;2.76383671007e-05;2.66133047262e-05
1;7;11;0;2.60696324403e-05;1.98995785468e-05
1;7;12;0;1.90619903151e-05;3.58225543096e-06
1;7;13;0;7.13797562639e-05;6.18082558503e-05
1;7;14;0;6.53351817164e-05;6.3011306338e-05
1;7;15;0;3.4552111174e-05;3.24693755829e-05
1;7;16;0;2.4419005058e-05;1.93593114091e-05
1;7;17;0;8.34366001072e-05;8.10010387795e-05
1;8;0;0;1.26801242004e-05;1.25242549984e-05
1;8;1;0;2.52582003668e-06;2.07781090467e-06
1;8;2;0;7.8103330452e-06;7.55074461267e-06
1;8;3;0;1.0597101209e-05;1.03924803625e-05
1;8;4;0;2.33149548876e-05;2.1921008738e-05
1;8;5;0;2.02107385121e-05;1.9114875613e-05
1;8;6;0;6.22051220489e-06;4.40611529484e-06
1;8;7;0;5.7063539316e-06;4.63515789306e-06
1;8;8;0;3.17834419548e-05;3.01544405374e-05
1;8;9;0;6.25368693363e-06;3.71747114514e-06
1;8;10;0;1.22869896586e-05;9.99840722216e-06
1;8;11;0;1.30484968395e-05;1.07490650407e-05
1;8;12;0;1.88032790902e-05;1.87104069482e-05
1;8;13;0;3.8167789171e-05;3.59526129614e-05
1;8;14;0;2.63565761998e-05;2.48216765613e-05
1;8;15;0;1.07667146949e-05;1.02785661511e-05
1;8;16;0;1.21872308227e-05;9.40058725973e-06
1;8;17;0;2.88560640911e-05;2.17355409404e-05
1;9;0;0;5.50908544028e-06;5.32110789209e-06
1;9;1;0;3.44719296663e-06;3.43559440807e-06
1;9;2;0;5.20618459632e-06;5.20479579791e-06
1;9;3;0;5.08669700139e-06;5.0764133448e-06
1;9;4;0;1.0018598914e-05;9.95630307443e-06
1;9;5;0;9.6671810752e-06;9.65788240137e-06
1;9;6;0;3.42482485394e-06;3.27329235006e-06
1;9;7;0;4.44000943389e-06;3.90746345147e-06
1;9;8;0;1.4403055502e-05;1.42912776937e-05
1;9;9;0;2.88046430796e-06;2.87924990516e-06
1;9;10;0;5.70465590499e-06;4.54901601188e-06
1;9;11;0;6.57022428641e-06;5.19771629115e-06
1;9;12;0;1.01203850136e-05;1.01203850136e-05
1;9;13;0;2.48995656875e-05;2.48763353738e-05
1;9;14;0;1.24809848785e-05;1.22895935419e-05
1;9;15;0;4.37879998572e-06;4.25772941526e-06
1;9;16;0;5.09718984176e-06;4.03850071962e-06
1;9;17;0;9.67756568571e-06;9.45296324062e-06
2;0;0;0;0.000510564714205;0.000490150181577
2;0;1;0;0.000772246858105;0.000666033476591
2;0;2;0;0.00092262373073;0.000685768318363
2;0;3;0;0.000598073878791;2.28743760999e-06
2;0;4;0;0.00069876096677;0.000676883559208
2;0;5;0;0.000459840608528;0.000443911616458
2;0;6;0;0.000625088345259;0.000625088345259
2;0;7;0;0.00029772167909;2.26105157708e-06
2;0;8;0;0.00068524456583;0.000675552233588
2;0;9;0;0.000582624808885;0.000582624808885
2;0;10;0;0.000123710196931;6.65291008772e-05
2;0;11;0;0.000413188128732;0.000342449289747
2;0;12;0;0.000195119311684;2.35865172726e-06
2;0;13;0;4.27716113336e-05;2.49723757406e-06
2;0;14;0;0.000131348366267;0.000131348366267
2;0;15;0;0.000359502359061;0.000359502359061
2;0;16;0;0.000173126463778;0.000122740690131
2;0;17;0;7.1740405474e-06;2.15155205296e-06
2;1;0;0;0.00299835181795;0.00175920233596
2;1;1;0;0.00403863424435;0.00322858383879
2;1;2;0;0.00346791557968;0.000929328671191
2;1;3;0;0.00226644403301;3.09437086798e-06
2;1;4;0;0.00196617213078;0.00194927374832
2;1;5;0;0.00203388580121;0.0013986750273
2;1;6;0;0.00208086892962;0.000413139932789
2;1;7;0;0.00181369949132;1.70380621967e-06
2;1;8;0;0.00128124619368;0.00106535619125
2;1;9;0;0.00156780972611;0.0015559279127
2;1;10;0;0.0013775533298;0.000773785344791
2;1;11;0;0.00107148219831;0.000702443474438
2;1;12;0;0.00163056037854;1.59262037869e-06
2;1;13;0;0.00126243964769;1.70918087861e-06
2;1;14;0;0.000830220174976;0.000142175660585
2;1;15;0;0.00121096207295;0.000656973570585
2;1;16;0;0.00121112633497;0.000803985865787
2;1;17;0;0.000850390468258;2.31914509641e-06
2;2;0;0;0.00229219836183;0.00229101930745
2;2;1;0;0.00320449844003;0.00320449844003
2;2;2;0;0.00263558304869;0.00188489735592
2;2;3;0;0.00091354700271;3.82481402994e-06
2;2;4;0;0.00663555925712;0.00387398875318
2;2;5;0;0.00658058887348;0.00273575284518
2;2;6;0;0.0074195144698;0.00332572101615
2;2;7;0;0.00146519276313;3.52124948222e-06
2;2;8;0;0.0890897139907;0.00418445188552
2;2;9;1;0.3;0.3
2;2;10;0;0.00897309090942;0.00084204331506
2;2;11;0;0.0408648066223;0.00157208868768
2;2;12;0;0.00181389029603;3.47175728166e-06
2;2;13;0;0.00239701010287;3.52229972123e-06
2;2;14;0;0.0107928263023;0.00190546677914
2;2;15;0;0.0184893552214;0.00151833356358
2;2;16;0;0.0110864490271;0.00112292414997
2;2;17;0;0.0023910519667;3.10763061862e-06
2;3;0;0;0.0038890640717;0.0038890640717
2;3;1;0;0.00486333435401;0.00486333435401
2;3;2;0;0.00141765060835;0.00141592300497
2;3;3;0;0.000819940294605;1.45275726027e-05
2;3;4;0;0.00319621036761;0.00319621036761
2;3;5;0;0.00181316258386;0.00181316258386
2;3;6;0;0.00102721399162;0.00102687219623
2;3;7;0;0.000459496746771;1.34609836095e-05
2;3;8;0;0.0022123104427;0.0022123104427
2;3;9;0;0.00243071257137;0.00243071257137
2;3;10;0;0.000950750953052;0.000950750953052
2;3;11;0;0.000966268475167;0.000966268475167
2;3;12;0;0.000211460224818;1.08500489659e-05
2;3;13;0;0.000304250599584;1.07920614028e-05
2;3;14;0;0.00159442401491;0.00159442401491
2;3;15;0;0.00151239091065;0.00151239091065
2;3;16;0;0.00110698386561;0.00110698386561
2;3;17;0;0.000589269096963;3.83524502467e-06
2;4;0;0;0.0237959995866;0.0113862864673
2;4;1;0;0.0982499942183;0.00481282128021
2;4;2;0;0.0151449637488;0.00553966173902
2;4;3;0;0.00282973679714;3.04487948597e-05
2;4;4;0;0.0183002091944;0.00568545144051
2;4;5;0;0.0208562538028;0.0140998726711
2;4;6;0;0.020702233538;0.00315525964834
2;4;7;0;0.00258468836546;2.17239849007e-05
2;4;8;0;0.192542001605;0.00565205002204
2;4;9;1;0.3;0.3
2;4;10;0;0.0117256911471;0.00230509205721
2;4;11;0;0.00903713610023;0.00249252584763
2;4;12;0;0.00236791791394;2.17019241973e-05
2;4;13;0;0.00156838435214;1.67594807863e-05
2;4;14;0;0.00361123867333;0.00361123867333
2;4;15;0;0.00392833212391;0.00229915115051
2;4;16;0;0.00591320171952;0.00196176790632
2;4;17;0;0.00118161854334;1.61939242389e-05
2;5;0;0;0.00158745038789;0.00114921876229
2;5;1;0;0.000645730295219;0.000645730062388
2;5;2;0;0.000614849093836;0.000519341614563
2;5;3;0;0.00131061172578;9.803273133e-05
2;5;4;0;0.00338624790311;0.00122362398542
2;5;5;0;0.00228159478866;0.00150973163545
2;5;6;0;0.00154587998986;0.000673495756928
2;5;7;0;0.00181913084816;7.08890365786e-05
2;5;8;0;0.00357013032772;0.00106494745705
2;5;9;0;0.00314606679603;0.00185661332216
2;5;10;0;0.00160692131612;0.00141018559225
2;5;11;0;0.00211303052492;0.00210841442458
2;5;12;0;0.00204156595282;4.1917195631e-05
2;5;13;0;0.00250292476267;3.70784910046e-05
2;5;14;0;0.00886735599488;0.00179368653335
2;5;15;0;0.00533341150731;0.00533341150731
2;5;16;0;0.00471915584058;0.00438340054825
2;5;17;0;0.00267855450511;3.66569038306e-05
2;6;0;0;0.00011599593563;9.55853174673e-05
2;6;1;0;0.000141497104778;0.000131496650283
2;6;2;0;0.000266525428742;0.000263489142526
2;6;3;0;0.000227059979807;0.000226264033699
2;6;4;0;0.000188942198292;5.11317084602e-05
2;6;5;0;0.000152720109327;0.000103208425571
2;6;6;0;0.000151081709191;0.000124034791952
2;6;7;0;0.00028201600071;0.000218802437303
2;6;8;0;0.000375816394808;0.000358861201676
2;6;9;0;0.000169737410033;0.000169737395481
2;6;10;0;0.000277088402072;0.000102448262624
2;6;11;0;0.00022600297234;0.000164844328538
2;6;12;0;0.000366278749425;0.000191807674128
2;6;13;0;0.000608338508755;0.000171219784534
2;6;14;0;0.000641854130663;0.000156400928972
2;6;15;0;0.000266091199592;0.000237433720031
2;6;16;0;0.000431291176938;0.000291816802928
2;6;17;0;0.00100651523098;0.000160379786394
2;7;0;0;5.24584247614e-05;5.11458310939e-05
2;7;1;0;9.63141937973e-05;9.55844661803e-05
2;7;2;0;0.000270407850621;0.000266639399342
2;7;3;0;0.000242238558712;0.000232080958085
2;7;4;0;6.27386616543e-05;5.91437128605e-05
2;7;5;0;8.41169676278e-05;8.093022916e-05
2;7;6;0;0.000130286964122;0.000129334861413
2;7;7;0;0.000242884474574;0.000232352278545
2;7;8;0;0.000116132228868;0.000107642532384
2;7;9;0;8.41066430439e-05;8.16485335235e-05
2;7;10;0;0.000223389841267;0.000212135157199
2;7;11;0;0.000235742540099;0.000234478589846
2;7;12;0;0.000243378177402;0.000226120537263
2;7;13;0;0.000236881780438;0.000226426622248
2;7;14;0;8.73770477483e-05;8.73765748111e-05
2;7;15;0;0.000183841199032;0.000177323585376
2;7;16;0;0.000167548045283;0.00016502077051
2;7;17;0;0.000230578196351;0.000226248128456
2;8;0;0;3.7244939449e-05;3.72411195713e-05
2;8;1;0;7.32788976165e-05;7.32749977033e-05
2;8;2;0;0.00025936687598;0.000259138410911
2;8;3;0;0.000238091728534;0.000234756371356
2;8;4;0;3.96411342081e-05;3.8722257159e-05
2;8;5;0;6.13719021203e-05;6.07474030403e-05
2;8;6;0;0.000100226585346;0.00010022411152
2;8;7;0;0.000237619489781;0.000235025785514
2;8;8;0;6.96281567798e-05;6.77967909724e-05
2;8;9;0;3.20927756547e-05;3.20830440614e-05
2;8;10;0;0.000221228139708;0.000218774090172
2;8;11;0;0.000256830884609;0.0002551015059
2;8;12;0;0.000238423846895;0.000231708399951
2;8;13;0;0.000241163128521;0.000232080012211
2;8;14;0;5.62048226129e-05;5.46758165001e-05
2;8;15;0;7.9869540059e-05;7.87070239312e-05
2;8;16;0;0.000183712050784;0.000182728239452
2;8;17;0;0.000241338377236;0.000232003483688
2;9;0;0;3.26448571286e-05;3.26184708683e-05
2;9;1;0;7.17284565326e-05;7.17238144716e-05
2;9;2;0;0.000210153535591;0.000210153535591
2;9;3;0;0.000236531443079;0.000236195322941
2;9;4;0;1.91963790712e-05;1.91961935343e-05
2;9;5;0;5.47619383724e-05;5.47619092686e-05
2;9;6;0;0.000140268588439;0.000140238087624
2;9;7;0;0.000236780120758;0.000236393185332
2;9;8;0;4.70352861157e-05;4.70026752737e-05
2;9;9;0;2.1187497623e-05;2.11874521483e-05
2;9;10;0;0.000216799235204;0.000216400905629
2;9;11;0;0.00024791364558;0.000247770512942
2;9;12;0;0.000236819803831;0.000234729013755
2;9;13;0;0.000237573491177;0.000234805018408
2;9;14;0;3.59277582902e-05;3.58188226528e-05
2;9;15;0;5.55868646188e-05;5.55551378056e-05
2;9;16;0;0.000184582211659;0.000184504591743
2;9;17;0;0.000237389351241;0.000234666207689
