0;0;0;0;0.00208409829065;0.000746911100578
0;0;1;0;0.0015939665027;0.000241933288635
0;0;2;0;0.00213789497502;0.000912939780392
0;0;3;0;0.00183789920993;0.00102293072268
0;0;4;0;0.000972764275502;1.30189046104e-05
0;0;5;0;0.000838521344122;0.000165858524269
0;0;6;0;0.00108445156366;0.000843677029479
0;0;7;0;0.000963733997196;0.000335407210514
0;0;8;0;0.000756307155825;1.2130064988e-06
0;0;9;0;0.00049255049089;0.000201647766517
0;0;10;0;0.000612714968156;0.000116450850328
0;0;11;0;0.000666365784127;0.000468122918392
0;0;12;0;0.000735428300686;0.000432546628872
0;0;13;0;0.000362025952199;0.000228784629144
0;0;14;0;0.000320743769407;7.18347437214e-05
0;0;15;0;0.000388538232073;1.78111768037e-05
0;0;16;0;0.000398261123337;0.000141566823004
0;0;17;0;0.000172061001649;0.000126817263663
0;1;0;0;0.00461968081072;0.0017303423956
0;1;1;1;0.3;0.3
0;1;2;0;0.0412454418838;0.00401384616271
0;1;3;0;0.00373296672478;0.000773021369241
0;1;4;0;0.00320675340481;0.000181907977094
0;1;5;0;0.0360234081745;0.00372755364515
0;1;6;0;0.0331195369363;0.00240203668363
0;1;7;0;0.00376962288283;0.0014877661597
0;1;8;0;0.00291331647895;8.72422970133e-05
0;1;9;0;0.0286976043135;0.0048465821892
0;1;10;0;0.0210744701326;0.00367584940977
0;1;11;0;0.0189081318676;0.0110475420952
0;1;12;0;0.00303205079399;0.00173585524317
0;1;13;0;0.00251534045674;0.000984255573712
0;1;14;0;0.0024502822198;0.000112359812192
0;1;15;0;0.0053559942171;0.00104163342621
0;1;16;0;0.00404699565843;0.00113759806845
0;1;17;0;0.00201719067991;0.000232825739658
0;2;0;0;0.000573452096432;0.000179586990271
0;2;1;0;0.00140548718628;0.00140548718628
0;2;2;0;0.00108990352601;0.00108990352601
0;2;3;0;0.00113426661119;0.00112375873141
0;2;4;0;0.000824487826321;0.00018205147353
0;2;5;0;0.00114956172183;0.000963464379311
0;2;6;0;0.00107185321394;0.00107185321394
0;2;7;0;0.00184271822218;0.00183129485231
0;2;8;0;0.00101398932748;0.000182669085916
0;2;9;0;0.00137151253875;0.000976570998318
0;2;10;0;0.00106964749284;0.00106964749284
0;2;11;0;0.000992152024992;0.000952144619077
0;2;12;0;0.00166400498711;0.0014483074192
0;2;13;0;0.00184564467054;0.00124498608056
0;2;14;0;0.00163350941148;0.000158127033501
0;2;15;0;0.00178784620948;0.00124620099086
0;2;16;0;0.00168968818616;0.00105973309837
0;2;17;0;0.00213869358413;0.0010420618346
0;3;0;0;0.00327711924911;0.000167568272445
0;3;1;0;0.0325442589819;0.00480356067419
0;3;2;0;0.0117875030264;0.00352138164453
0;3;3;0;0.0101015325636;0.00156465894543
0;3;4;0;0.00182559422683;0.000168071637745
0;3;5;0;0.00281957513653;0.00274227699265
0;3;6;0;0.00575903244317;0.000924400985241
0;3;7;0;0.00455580558628;0.00158210133668
0;3;8;0;0.0012304604752;0.000167768477695
0;3;9;0;0.00298840273172;0.00298840273172
0;3;10;0;0.00166955566965;0.00166955566965
0;3;11;0;0.000796975800768;0.000357526674634
0;3;12;0;0.00241735624149;0.00174555752892
0;3;13;0;0.00140131777152;0.00140131777152
0;3;14;0;0.000480301416246;0.000170414030435
0;3;15;0;0.00172744540032;0.00172744540032
0;3;16;0;0.00181777367834;0.00181777367834
0;3;17;0;0.00130557315424;0.00130557315424
0;4;0;0;0.00820197258145;0.000166354380781
0;4;1;0;0.0296561848372;0.0052460920997
0;4;2;0;0.0313682407141;0.00314343022183
0;4;3;0;0.0153331467882;0.00166799454018
0;4;4;0;0.00832831207663;0.000166693789652
0;4;5;0;0.0310569424182;0.00361704174429
0;4;6;0;0.0312214754522;0.00653803767636
0;4;7;0;0.0207498203963;0.00421549892053
0;4;8;0;0.00794991571456;0.000166666242876
0;4;9;1;0.3;0.3
0;4;10;0;0.0285882111639;0.00396727165207
0;4;11;0;0.10005607456;0.00225108722225
0;4;12;0;0.0227201413363;0.00495624681935
0;4;13;0;0.0212583653629;0.00177328544669
0;4;14;0;0.00629032729194;0.000167315331055
0;4;15;0;0.0268841367215;0.00289433263242
0;4;16;0;0.0241998136044;0.00510244444013
0;4;17;0;0.0181797016412;0.00262199854478
0;5;0;0;0.00447614211589;0.000164048877195
0;5;1;0;0.00222674640827;0.00222674617544
0;5;2;0;0.00202754093334;0.00150867458433
0;5;3;0;0.0036888869945;0.000886890105903
0;5;4;0;0.00551442289725;0.000164076496731
0;5;5;0;0.0046915775165;0.00283304485492
0;5;6;0;0.00338960625231;0.00111044547521
0;5;7;0;0.00627045286819;0.00315523985773
0;5;8;0;0.00599601585418;0.000164132332429
0;5;9;0;0.00393105857074;0.00364831322804
0;5;10;0;0.00635071098804;0.00237749493681
0;5;11;0;0.00758353248239;0.00118958461098
0;5;12;0;0.00753968022764;0.00254185195081
0;5;13;0;0.0108676189557;0.00247021391988
0;5;14;0;0.0073276180774;0.000164569733897
0;5;15;0;0.00635495781898;0.00230070832185
0;5;16;0;0.00912503898144;0.00337648391724
0;5;17;0;0.0128334257752;0.00138439505827
0;6;0;0;0.000683807826135;1.31331544253e-05
0;6;1;0;0.000275694183074;0.000275136728305
0;6;2;0;0.000129910535179;6.66690175422e-05
0;6;3;0;0.000188835329027;0.000126032711705
0;6;4;0;0.00130146008451;5.82915345149e-05
0;6;5;0;0.000531854340807;0.000290657830192
0;6;6;0;0.00042875300278;0.000226084332098
0;6;7;0;0.000386340630939;0.000157490721904
0;6;8;0;0.00169435376301;0.000135410693474
0;6;9;0;0.00126630871091;0.00126630836166
0;6;10;0;0.000609374721535;0.000397176627303
0;6;11;0;0.000828964402899;0.000263092457317
0;6;12;0;0.000623326399364;0.000225334893912
0;6;13;0;0.00119112594984;0.000255482911598
0;6;14;0;0.00306034740061;0.000162466138136
0;6;15;0;0.00115672708489;0.000693436770234
0;6;16;0;0.00170202204026;0.00158258737065
0;6;17;0;0.00216165278107;0.000512162107043
0;7;0;0;0.00010773705435;1.54831341206e-05
0;7;1;0;0.000102337064163;2.23722072406e-05
0;7;2;0;9.14037955226e-05;5.10149220645e-05
0;7;3;0;0.000104939077573;6.41399019514e-05
0;7;4;0;0.000110705550469;1.6104639144e-05
0;7;5;0;0.000129370513605;0.000102089266875
0;7;6;0;5.39949323866e-05;4.54364781035e-05
0;7;7;0;9.03844338609e-05;4.65543780592e-05
0;7;8;0;0.000110359629616;1.55018551595e-05
0;7;9;0;0.000121235105325;9.0443631052e-05
0;7;10;0;8.96924830158e-05;5.62086097489e-05
0;7;11;0;9.15136988624e-05;4.91558421345e-05
0;7;12;0;8.56884071254e-05;3.4524477087e-05
0;7;13;0;0.000141922500916;9.09553273232e-05
0;7;14;0;0.000195274595171;1.48013496073e-05
0;7;15;0;0.000111394634587;8.71546071721e-05
0;7;16;0;6.70649533276e-05;4.12017907365e-05
0;7;17;0;0.00016717123799;0.000115722556075
0;8;0;0;8.78899809322e-05;1.30625194288e-05
0;8;1;0;8.50379801705e-05;1.45980784509e-05
0;8;2;0;7.17114016879e-05;3.10171199089e-05
0;8;3;0;6.22896841378e-05;2.68400162895e-05
0;8;4;0;9.49929017224e-05;1.40973033922e-05
0;8;5;0;0.000125857375679;9.18356454349e-05
0;8;6;0;2.81721204374e-05;2.36485047935e-05
0;8;7;0;6.29512796877e-05;2.97430779028e-05
0;8;8;0;0.00010454479343;1.4859336261e-05
0;8;9;0;0.000114019967441;6.12681906205e-05
0;8;10;0;7.07819126546e-05;3.53218747478e-05
0;8;11;0;6.82180034346e-05;2.96160378639e-05
0;8;12;0;6.42938175588e-05;3.36413795594e-05
0;8;13;0;9.32722105063e-05;5.20991416124e-05
0;8;14;0;0.000107481668238;1.50932955876e-05
0;8;15;0;7.99937261036e-05;4.01504075853e-05
0;8;16;0;6.61469312035e-05;2.24590530706e-05
0;8;17;0;9.65617364272e-05;5.46883529751e-05
0;9;0;0;8.67417766131e-05;1.03334532469e-05
0;9;1;0;7.36216679798e-05;3.8734266127e-05
0;9;2;0;6.9021472882e-05;4.348598668e-05
0;9;3;0;4.77859575767e-05;1.98551006179e-05
0;9;4;0;0.000103486978333;1.20307295219e-05
0;9;5;0;7.99108238425e-05;7.46025252738e-05
0;9;6;0;4.56319503428e-05;1.69301329151e-05
0;9;7;0;4.89632657263e-05;1.45823805724e-05
0;9;8;0;0.000106530453195;1.28359070004e-05
0;9;9;0;6.32170413155e-05;3.20659019053e-05
0;9;10;0;5.58484971407e-05;1.70246494235e-05
0;9;11;0;6.09932540101e-05;1.94515723706e-05
0;9;12;0;4.57812384411e-05;1.15645398182e-05
0;9;13;0;6.77625939716e-05;3.77527248929e-05
0;9;14;0;9.28865629248e-05;1.29807676785e-05
0;9;15;0;6.14389355178e-05;2.3449985747e-05
0;9;16;0;5.51871344214e-05;1.41639111462e-05
0;9;17;0;6.22939624009e-05;2.87425173155e-05
1;0;0;0;0.00123725703452;0.000886092719156
1;0;1;0;0.00216767913662;0.000523846014403
1;0;2;0;0.00249152327888;0.0014350382844
1;0;3;0;0.00213503465056;0.00105984928086
1;0;4;0;0.000849960022606;0.000849960022606
1;0;5;0;0.000999448122457;0.000699943164364
1;0;6;0;0.00111484515946;0.00110868387856
1;0;7;0;0.00115074799396;0.000526096846443
1;0;8;0;0.000521390291397;0.000365363812307
1;0;9;0;0.00069697026629;0.000529306591488
1;0;10;0;0.000697024050169;0.000165467325132
1;0;11;0;0.000971319386736;0.000765855424106
1;0;12;0;0.000936422264203;0.000841416418552
1;0;13;0;0.000803004368208;0.000678505690303
1;0;14;0;0.000150174178998;0.000114480368211
1;0;15;0;0.000349850830389;0.000225438430789
1;0;16;0;0.000441616866738;0.000441616866738
1;0;17;0;0.000257416075328;0.000156075169798
1;1;0;1;0.3;0.3
1;1;1;1;0.3;0.3
1;1;2;1;0.3;0.3
1;1;3;0;0.00431145820767;0.00315846083686
1;1;4;0;0.233108267188;0.00584892416373
1;1;5;0;0.263093858957;0.0061364043504
1;1;6;0;0.269720435143;0.0253603737801
1;1;7;0;0.00476291915402;0.000682619865984
1;1;8;0;0.0177341476083;0.00390838040039
1;1;9;0;0.0467530749738;0.00243815477006
1;1;10;0;0.00880315061659;0.000519659020938
1;1;11;0;0.00778948701918;0.00214314530604
1;1;12;0;0.00389324105345;0.00179998739623
1;1;13;0;0.00322913285345;0.00286293844692
1;1;14;0;0.00236592302099;0.000995667884126
1;1;15;0;0.00439530238509;0.00127933931071
1;1;16;0;0.00409214477986;0.00185184180737
1;1;17;0;0.00260847923346;0.000813045131508
1;2;0;0;0.00146408344153;0.00146408344153
1;2;1;0;0.0019917555619;0.0019917555619
1;2;2;0;0.00182115263306;0.00182115263306
1;2;3;0;0.00160381488968;0.00160344725009
1;2;4;0;0.00133212166838;0.00125800410751
1;2;5;0;0.00158433138859;0.00158433138859
1;2;6;0;0.00237478595227;0.00237478595227
1;2;7;0;0.00219736341387;0.00219531450421
1;2;8;0;0.00107784115244;0.000707118015271
1;2;9;0;0.00194418791216;0.00191187032033
1;2;10;0;0.00252388208173;0.00252388208173
1;2;11;0;0.00286758108996;0.00286611751653
1;2;12;0;0.00258635682985;0.00258635682985
1;2;13;0;0.00218603946269;0.00177627801895
1;2;14;0;0.00211016926914;0.000964791921433
1;2;15;0;0.0026837864425;0.00264608743601
1;2;16;0;0.00327929086052;0.00327929086052
1;2;17;0;0.00243102945387;0.00177505542524
1;3;0;0;0.0156724601984;0.00261260289699
1;3;1;0;0.0301492065191;0.00839201081544
1;3;2;0;0.0121864648536;0.00341702462174
1;3;3;0;0.00941683258861;0.00231670960784
1;3;4;0;0.00410671066493;0.00282698124647
1;3;5;0;0.00443713087589;0.00126182357781
1;3;6;0;0.00698681129143;0.00453425385058
1;3;7;0;0.00562483211979;0.00261776172556
1;3;8;0;0.00103156408295;0.00100428808946
1;3;9;0;0.00222514220513;0.00222514220513
1;3;10;0;0.0030608063098;0.0030608063098
1;3;11;0;0.0027153189294;0.0027153189294
1;3;12;0;0.00297444500029;0.00201512104832
1;3;13;0;0.00174493226223;0.00173897098284
1;3;14;0;0.00142367184162;0.00142367184162
1;3;15;0;0.00208353996277;0.00208353996277
1;3;16;0;0.00361683522351;0.00361683522351
1;3;17;0;0.00175653351471;0.00175653351471
1;4;0;0;0.0216592010111;0.00667586456984
1;4;1;0;0.0199114661664;0.0112672904506
1;4;2;0;0.0178845021874;0.00528837973252
1;4;3;0;0.0136778578162;0.000794292369392
1;4;4;0;0.0252762865275;0.00405828142539
1;4;5;0;0.0266954451799;0.0075414404273
1;4;6;0;0.0266850218177;0.00687204347923
1;4;7;0;0.018196253106;0.000962462974712
1;4;8;1;0.3;0.3
1;4;9;1;0.3;0.3
1;4;10;0;0.022479923442;0.00433364836499
1;4;11;0;0.0292962491512;0.00472941622138
1;4;12;0;0.0210514608771;0.00585163477808
1;4;13;0;0.0188311114907;0.00231382041238
1;4;14;0;0.0350310094655;0.00106400006916
1;4;15;0;0.148038089275;0.00249878596514
1;4;16;0;0.0290983375162;0.0051017976366
1;4;17;0;0.0166409499943;0.00300764385611
1;5;0;0;0.00398523500189;0.00105028273538
1;5;1;0;0.00226892717183;0.00144205288962
1;5;2;0;0.00229668058455;0.00111201708205
1;5;3;0;0.00367855047807;0.000808940618299
1;5;4;0;0.00651823030785;0.00208761380054
1;5;5;0;0.00525062065572;0.00174768490251
1;5;6;0;0.00481361337006;0.00240079057403
1;5;7;0;0.00576878339052;0.00226155505516
1;5;8;0;0.00476318970323;0.000266028888291
1;5;9;0;0.00767019903287;0.00358407339081
1;5;10;0;0.0049666473642;0.00251845340244
1;5;11;0;0.0050392979756;0.00199368409812
1;5;12;0;0.00725292041898;0.00247360742651
1;5;13;0;0.00943248160183;0.00127010501456
1;5;14;0;0.0129725597799;0.000738952658139
1;5;15;0;0.00907004065812;0.00626279972494
1;5;16;0;0.00954151619226;0.00621915794909
1;5;17;0;0.0110957548022;0.00125642726198
1;6;0;0;0.000244487542659;0.000174941407749
1;6;1;0;0.000192146879272;0.000147170227137
1;6;2;0;0.000241308967816;0.000229497411055
1;6;3;0;0.000359800993465;0.000325467233779
1;6;4;0;0.000541315646842;0.000222434638999
1;6;5;0;0.000316697958624;0.000177646201337
1;6;6;0;0.000409037806094;4.19369789597e-05
1;6;7;0;0.000507352466229;0.000158793685841
1;6;8;0;0.000494668551255;0.000440176139819
1;6;9;0;0.000888046983164;0.000859357591253
1;6;10;0;0.000711857574061;0.000193079773453
1;6;11;0;0.000923745334148;6.28704583505e-05
1;6;12;0;0.000829583848827;0.000246517272899
1;6;13;0;0.00148022023495;7.46552832425e-05
1;6;14;0;0.00213328097016;0.000886751047801
1;6;15;0;0.00121294124983;0.000691197172273
1;6;16;0;0.00149544351734;0.00129427644424
1;6;17;0;0.00266993138939;0.000281851331238
1;7;0;0;0.000106679653982;6.63688624627e-05
1;7;1;0;0.00010619279783;6.84472615831e-05
1;7;2;0;0.000137839771924;0.000100599267171
1;7;3;0;0.000197018161998;0.000146126913023
1;7;4;0;0.000122546756756;7.64084325056e-05
1;7;5;0;0.000127582694404;8.43670495669e-05
1;7;6;0;0.000107087311335;6.1389633629e-05
1;7;7;0;0.000171903258888;0.000107899206341
1;7;8;0;0.000217041626456;0.000198447931325
1;7;9;0;0.000135922222398;9.08495858312e-05
1;7;10;0;0.000170832397998;0.00012339578825
1;7;11;0;0.000176741552423;0.000129111707793
1;7;12;0;0.000193017098354;9.82166966423e-05
1;7;13;0;0.000232187157962;0.000152627661009
1;7;14;0;0.000200281312573;0.000180235816515
1;7;15;0;0.000173299267772;0.000130801781779
1;7;16;0;0.00015248505224;0.000110220848001
1;7;17;0;0.000311557290843;0.000251867051702
1;8;0;0;6.60973528284e-05;3.63638973795e-05
1;8;1;0;7.36064612283e-05;4.75091692351e-05
1;8;2;0;8.69643336046e-05;4.98222289025e-05
1;8;3;0;0.000120584380056;8.09596676845e-05
1;8;4;0;8.09675984783e-05;5.12896185683e-05
1;8;5;0;8.70081639732e-05;5.10788740939e-05
1;8;6;0;6.548424426e-05;3.14240860462e-05
1;8;7;0;7.34970890335e-05;3.34115138685e-05
1;8;8;0;0.000117699186376;8.10385172372e-05
1;8;9;0;8.0648875155e-05;4.06898288929e-05
1;8;10;0;0.000107312771433;6.2044869992e-05
1;8;11;0;0.000105879975308;6.38850397081e-05
1;8;12;0;0.000110729852167;6.40187572571e-05
1;8;13;0;0.000163552060258;0.000107854990347
1;8;14;0;0.000107147214294;6.64507606416e-05
1;8;15;0;0.000100859215308;6.2371706008e-05
1;8;16;0;0.000108202373667;6.1924707552e-05
1;8;17;0;0.000177595793502;0.000118895528431
1;9;0;0;3.33667812811e-05;6.37204129816e-06
1;9;1;0;4.72783976875e-05;3.8195594243e-05
1;9;2;0;7.84403746366e-05;6.49697394692e-05
1;9;3;0;6.64794715703e-05;4.07214247389e-05
1;9;4;0;5.23753842572e-05;4.18892668677e-05
1;9;5;0;7.51520710764e-05;6.43970124656e-05
1;9;6;0;5.40327528142e-05;4.43750941486e-05
1;9;7;0;6.4851854404e-05;1.64531538758e-05
1;9;8;0;7.54435895942e-05;4.4662039727e-05
1;9;9;0;3.26258123096e-05;2.62956418737e-05
1;9;10;0;6.55086114421e-05;2.63911788352e-05
1;9;11;0;7.34494315111e-05;2.84851994365e-05
1;9;12;0;5.114821397e-05;3.72760950995e-05
1;9;13;0;0.000109512177005;6.42689265078e-05
1;9;14;0;6.1569699028e-05;3.072133768e-05
1;9;15;0;6.28280904493e-05;2.6896068448e-05
1;9;16;0;6.33546151221e-05;2.19635348913e-05
1;9;17;0;0.000112871763122;7.17225775588e-05
2;0;0;0;0.00141622463707;0.00125777884386
2;0;1;0;0.00191447604448;0.00120521034114
2;0;2;0;0.00180192512926;0.000973531336058
2;0;3;0;0.00145889155101;2.2267724944e-06
2;0;4;0;0.00163936789613;0.00163936789613
2;0;5;0;0.00127239478752;0.00127239478752
2;0;6;0;0.00105392106343;0.000221724520088
2;0;7;0;0.00089349586051;2.02835894925e-06
2;0;8;0;0.000873798737302;0.000776883098297
2;0;9;0;0.000604617234785;0.000604617234785
2;0;10;0;0.000457437010482;0.000380227080313
2;0;11;0;0.00058849103516;0.00058849103516
2;0;12;0;0.000656817283016;1.68381416188e-06
2;0;13;0;0.000218052620767;1.85748695003e-06
2;0;14;0;0.000450520979939;0.00027078363928
2;0;15;0;0.000449065497378;0.000449065497378
2;0;16;0;0.000369487679563;0.000369487679563
2;0;17;0;9.64798091445e-05;1.99034343495e-06
2;1;0;1;0.3;0.3
2;1;1;1;0.3;0.3
2;1;2;0;0.0703447386622;0.00156874407548
2;1;3;0;0.00209548790008;1.76703861143e-06
2;1;4;0;0.17256051302;0.00478090066463
2;1;5;0;0.182684242725;0.00360285793431
2;1;6;0;0.050330542028;0.0038005723618
2;1;7;0;0.00232546636835;2.41691259362e-06
2;1;8;0;0.00738072395325;0.00383381010033
2;1;9;0;0.0222713425756;0.00385347148404
2;1;10;0;0.0150329759344;0.000663550279569
2;1;11;0;0.0075935292989;0.00102209136821
2;1;12;0;0.00230378145352;2.45687965617e-06
2;1;13;0;0.00215675728396;2.29393435802e-06
2;1;14;0;0.00250200997107;0.000950807414483
2;1;15;0;0.0039336560294;0.00166944565717
2;1;16;0;0.00456648040563;0.00152621092275
2;1;17;0;0.00178875483107;2.34159142565e-06
2;2;0;0;0.00359055865556;0.00358272274025
2;2;1;0;0.0036522236187;0.0036522236187
2;2;2;0;0.00159594637807;0.00159594637807
2;2;3;0;0.000212308819755;1.78525096999e-05
2;2;4;0;0.00453583151102;0.00280853058212
2;2;5;0;0.00251876050606;0.00248352135532
2;2;6;0;0.00141273019835;0.00105282757431
2;2;7;0;0.000489428988658;1.69665891008e-05
2;2;8;0;0.00402153329924;0.00363228423521
2;2;9;0;0.00466475589201;0.00463680457324
2;2;10;0;0.00120158726349;0.00119108066428
2;2;11;0;0.00169105909299;0.00169105909299
2;2;12;0;0.00055421894649;1.69442082552e-05
2;2;13;0;0.00134210532997;1.1838287719e-05
2;2;14;0;0.00362702342682;0.00186561944429
2;2;15;0;0.00329540483654;0.00329540483654
2;2;16;0;0.00356413167901;0.00356413167901
2;2;17;0;0.00167769042309;9.27427117858e-06
2;3;0;0;0.00566556537524;0.00319992634468
2;3;1;0;0.0166527535766;0.00180248857941
2;3;2;0;0.0101364040747;0.00191292096861
2;3;3;0;0.00424546096474;1.87730784091e-05
2;3;4;0;0.00364953419194;0.00251022772864
2;3;5;0;0.00498627498746;0.000147079990711
2;3;6;0;0.00544585241005;0.00105486530811
2;3;7;0;0.00301946513355;1.79636463145e-05
2;3;8;0;0.00128517847043;0.00127647502813
2;3;9;0;0.00245066732168;0.00245066732168
2;3;10;0;0.00100025965367;0.000447944388725
2;3;11;0;0.0021230278071;0.0021230278071
2;3;12;0;0.002033701865;1.78789050551e-05
2;3;13;0;0.000797525921371;1.80286915565e-05
2;3;14;0;0.00357064139098;0.00357064139098
2;3;15;0;0.00261275656521;0.00261275656521
2;3;16;0;0.00202760123648;0.00202175555751
2;3;17;0;0.0004085546243;1.7731983462e-05
2;4;0;0;0.0135813998058;0.00412638997659
2;4;1;0;0.0104503212497;0.00511724827811
2;4;2;0;0.00826586596668;0.00225792871788
2;4;3;0;0.0075337481685;4.78576075693e-05
2;4;4;0;0.0203117672354;0.00403327960521
2;4;5;0;0.0195925217122;0.00253676390275
2;4;6;0;0.0196025446057;0.00353970332071
2;4;7;0;0.00786506477743;4.59308939753e-05
2;4;8;1;0.3;0.3
2;4;9;1;0.3;0.3
2;4;10;0;0.0190974231809;0.00125474610832
2;4;11;0;0.0403061062098;0.00142068939749
2;4;12;0;0.00760015286505;4.55307308584e-05
2;4;13;0;0.00653073238209;4.40777694166e-05
2;4;14;0;0.0270220134407;0.00534576363862
2;4;15;0;0.040207285434;0.00362682947889
2;4;16;0;0.0370146892965;0.0101566854864
2;4;17;0;0.00564304646105;3.04012901324e-05
2;5;0;0;0.00353570934385;0.000903434178326
2;5;1;0;0.00325969955884;0.00325969955884
2;5;2;0;0.00261046132073;0.00101970159449
2;5;3;0;0.00378946168348;4.9178750487e-05
2;5;4;0;0.00563309714198;0.00170724175405
2;5;5;0;0.00565754948184;0.00110689830035
2;5;6;0;0.00380904925987;0.000802108261269
2;5;7;0;0.00498639140278;4.90343372803e-05
2;5;8;0;0.00287578790449;0.00113182736095
2;5;9;0;0.00303600658663;0.00208065891638
2;5;10;0;0.00438012229279;0.00339430407621
2;5;11;0;0.00439894944429;0.00349651114084
2;5;12;0;0.00551161728799;4.84803713334e-05
2;5;13;0;0.00664259539917;4.85673990624e-05
2;5;14;0;0.00929394923151;0.00402857316658
2;5;15;0;0.00532802706584;0.00454274332151
2;5;16;0;0.00573109928519;0.00325143360533
2;5;17;0;0.0071324352175;4.80434682686e-05
2;6;0;0;0.00044577330118;0.000231085927226
2;6;1;0;0.000418776238803;0.000278375227936
2;6;2;0;0.000340551807312;0.00027394350036
2;6;3;0;0.000465061166324;5.62395362067e-05
2;6;4;0;0.000778787769377;0.000298029714031
2;6;5;0;0.000651362235658;0.000241532805376
2;6;6;0;0.000737126800232;0.000185259952559
2;6;7;0;0.0010007902747;5.43749592907e-05
2;6;8;0;0.00106428645086;0.00068851391552
2;6;9;0;0.0012301390525;0.000134481379064
2;6;10;0;0.00120908452664;0.000800017500296
2;6;11;0;0.00124196114484;0.000799827568699
2;6;12;0;0.00135277037043;5.09635574417e-05
2;6;13;0;0.00207393500023;5.06743090227e-05
2;6;14;0;0.00219821278006;0.000335095217451
2;6;15;0;0.00153885153122;0.00082361564273
2;6;16;0;0.00159884570166;0.000966490770224
2;6;17;0;0.00305649428628;4.92563303851e-05
2;7;0;0;0.000216870292206;0.00015808606986
2;7;1;0;0.000299536332022;0.000226152973482
2;7;2;0;0.000294346071314;0.000167288104421
2;7;3;0;0.000252030702541;5.59023828828e-05
2;7;4;0;0.000230846402701;0.000154130466399
2;7;5;0;0.000252158642979;0.000162114170962
2;7;6;0;0.000256219354924;0.000111605739221
2;7;7;0;0.000252827070653;5.62358145544e-05
2;7;8;0;0.000393109105062;0.000360923673725
2;7;9;0;0.000243483053055;0.000159015093232
2;7;10;0;0.000243174144998;6.63470564177e-05
2;7;11;0;0.000248319061939;9.07060311874e-05
2;7;12;0;0.000250810495345;5.64027905057e-05
2;7;13;0;0.000229688332183;5.6541084632e-05
2;7;14;0;0.000385824212572;0.000299003091641
2;7;15;0;0.000334438111167;0.000217072985834
2;7;16;0;0.000163911434356;0.000108955864562
2;7;17;0;0.000284053472569;5.62506647839e-05
2;8;0;0;0.00012703880202;8.37186089484e-05
2;8;1;0;0.000192093386431;0.000141129567055
2;8;2;0;0.000329479196807;0.00023997585231
2;8;3;0;0.000277896178886;8.16567771835e-05
2;8;4;0;0.000151627216837;0.00010222254059
2;8;5;0;0.000142696837429;0.000103419784864
2;8;6;0;0.000202300172532;9.01206876733e-05
2;8;7;0;0.00025951009593;6.67651911499e-05
2;8;8;0;0.000230806836043;0.000180318296771
2;8;9;0;0.000147100334289;6.83958132868e-05
2;8;10;0;0.000207589633646;4.70588493044e-05
2;8;11;0;0.000243306232733;8.3303944848e-05
2;8;12;0;0.000246149167651;6.0914298956e-05
2;8;13;0;0.000247473304626;5.68811155972e-05
2;8;14;0;0.000230277219089;0.000184844378964
2;8;15;0;0.000228404896916;0.000123109290143
2;8;16;0;0.000168631522683;3.03577853629e-05
2;8;17;0;0.000249033910222;5.60463304282e-05
2;9;0;0;3.51320195477e-05;7.76900651545e-06
2;9;1;0;0.000237792934058;0.000215600142838
2;9;2;0;0.000208863377338;0.000186580611626
2;9;3;0;0.000218622080865;5.02201000927e-05
2;9;4;0;0.000186842531548;0.000178254587809
2;9;5;0;0.000183523181477;0.000160543349921
2;9;6;0;0.000269678770564;0.000231096084462
2;9;7;0;0.000323660293361;7.97238608357e-05
2;9;8;0;0.000187282654224;0.000146453006892
2;9;9;0;0.000103050362668;0.000103039514215
2;9;10;0;0.000186349643627;0.000124346668599
2;9;11;0;0.000251200632192;0.000187710727914
2;9;12;0;0.000339944526786;8.53238307172e-05
2;9;13;0;0.000323116546497;8.96221972653e-05
2;9;14;0;0.000129311127239;9.50765024754e-05
2;9;15;0;0.000154979599756;0.000123264471767
2;9;16;0;0.000120925113151;6.36070981272e-05
2;9;17;0;0.00029998642276;8.72523669386e-05
