0;0;0;0;8.52729062899e-05;8.52729062899e-05
0;0;1;0;6.17678742856e-05;6.17678742856e-05
0;0;2;0;1.55537272803e-05;1.55537272803e-05
0;0;3;0;1.73648240889e-05;1.73648240889e-05
0;0;4;0;1.71574754404e-06;1.05683864149e-06
0;0;5;0;3.10753639496e-05;3.10753639496e-05
0;0;6;0;4.45797668363e-05;4.45797668363e-05
0;0;7;0;1.6200425307e-05;1.6200425307e-05
0;0;8;0;2.83506733467e-06;2.83506733467e-06
0;0;9;0;4.55132794741e-06;4.55132794741e-06
0;0;10;0;8.35546234157e-06;8.35546234157e-06
0;0;11;0;6.98195208315e-06;6.98195208315e-06
0;0;12;0;1.40261554407e-05;1.40261554407e-05
0;0;13;0;1.17974414025e-05;1.17974414025e-05
0;0;14;0;1.18552719641e-07;1.05366552816e-07
0;0;15;0;3.96495033783e-06;3.96495033783e-06
0;0;16;0;3.64520565199e-06;3.64520565199e-06
0;0;17;0;1.22751188769e-07;1.0526644445e-07
0;1;0;0;6.85847335262e-05;6.85847335262e-05
0;1;1;0;7.29841849534e-05;7.29841849534e-05
0;1;2;0;3.87674990634e-05;3.87674990634e-05
0;1;3;0;3.83622646041e-05;3.83622646041e-05
0;1;4;0;6.53678071103e-05;6.53678071103e-05
0;1;5;0;6.17416080786e-05;6.17416080786e-05
0;1;6;0;7.40239192965e-05;7.40239192965e-05
0;1;7;0;3.87340405723e-05;3.87340405723e-05
0;1;8;0;6.13734737271e-05;6.13734737271e-05
0;1;9;0;6.33411982562e-05;6.33411982562e-05
0;1;10;0;3.02472471958e-05;3.02472471958e-05
0;1;11;0;2.94166256936e-05;2.94166256936e-05
0;1;12;0;3.24735265167e-05;3.24735265167e-05
0;1;13;0;1.12913294288e-05;1.08766071207e-05
0;1;14;0;6.42701124889e-05;6.42701124889e-05
0;1;15;0;3.44825457432e-05;3.44825457432e-05
0;1;16;0;2.90793177555e-05;2.90793177555e-05
0;1;17;0;1.74672422872e-05;1.74672422872e-05
0;2;0;0;0.000121566285088;0.000121566285088
0;2;1;0;0.000187823083252;0.000124076323118
0;2;2;0;0.000228733828408;4.11877445003e-05
0;2;3;0;0.000205894190003;6.77827410982e-05
0;2;4;0;0.000122861310956;0.000122861310956
0;2;5;0;0.000115290749818;0.000115290749818
0;2;6;0;8.32594087115e-05;5.71575001231e-05
0;2;7;0;6.68945358484e-05;6.68945358484e-05
0;2;8;0;0.000125372680486;0.000125372680486
0;2;9;0;0.000121078061056;0.000121078061056
0;2;10;0;5.16790969414e-05;5.16790969414e-05
0;2;11;0;4.40431904281e-05;4.40431904281e-05
0;2;12;0;6.17078185314e-05;6.17078185314e-05
0;2;13;0;3.83955266443e-05;3.83955266443e-05
0;2;14;0;6.13182055531e-05;6.13182055531e-05
0;2;15;0;7.18731971574e-05;7.18731971574e-05
0;2;16;0;6.26998516964e-05;6.26998516964e-05
0;2;17;0;3.62547107216e-05;3.62547107216e-05
0;3;0;0;0.000522785761859;0.000123723060824
0;3;1;0;0.0885633900762;0.00696968985721
0;3;2;0;0.00385551387444;0.0012184556108
0;3;3;0;0.00172977137845;0.000683654041495
0;3;4;0;0.000421772594564;0.000122660843772
0;3;5;0;0.00120850419626;0.000167901453096
0;3;6;0;0.00126336154062;0.000251157645835
0;3;7;0;0.00115087151062;0.0005494953366
0;3;8;0;0.000362115999451;0.000121972654597
0;3;9;0;0.00039743896923;0.000204406664125
0;3;10;0;0.000672272813972;0.000112780900963
0;3;11;0;0.000631271570455;9.2783368018e-05
0;3;12;0;0.00100329332054;0.000270547287073
0;3;13;0;0.000615366443526;0.000195348533452
0;3;14;0;0.000194651191123;0.000121494289488
0;3;15;0;0.000334733078489;0.000152610460646
0;3;16;0;0.000372750888346;0.000157568749273
0;3;17;0;0.00037311471533;8.03499424364e-05
0;4;0;0;0.000124380996567;0.000124380996567
0;4;1;0;0.000361507380148;0.000296187179629
0;4;2;0;0.00039399007801;0.000281504529994
0;4;3;0;0.000452008476714;0.000452008476714
0;4;4;0;0.000142554083141;0.000124409896671
0;4;5;0;0.000274776073638;0.000274776073638
0;4;6;0;0.000455466040876;0.000455466040876
0;4;7;0;0.000969077518675;0.000969077518675
0;4;8;0;0.000169940802152;0.000123908321257
0;4;9;0;0.000321879429976;0.000321879429976
0;4;10;0;0.000503936840687;0.000503936840687
0;4;11;0;0.000509319768753;0.000509319768753
0;4;12;0;0.000535066763405;0.000535066763405
0;4;13;0;0.000445978483185;0.000445978483185
0;4;14;0;0.000434879155364;0.000123788864585
0;4;15;0;0.0243356022984;0.00107005075552
0;4;16;0;0.00225952663459;0.00104235461913
0;4;17;0;0.00151393527631;3.83227816201e-05
0;5;0;0;0.000738179485779;0.000114729737106
0;5;1;0;0.036857701838;0.00456413207576
0;5;2;0;0.0157627742738;0.00349779985845
0;5;3;0;0.0026450662408;0.000321927276673
0;5;4;0;0.000610583170783;0.000124526457512
0;5;5;0;0.0210771076381;0.00324772950262
0;5;6;0;0.0217378661036;0.00312071642838
0;5;7;0;0.0030916123651;0.00102527893614
0;5;8;0;0.000458881462691;0.000124518395751
0;5;9;0;0.0733815059066;0.0145682767034
0;5;10;0;0.024552423507;0.00347057613544
0;5;11;0;0.0509533472359;0.00931283831596
0;5;12;0;0.00319838756695;0.00302664982155
0;5;13;0;0.00114295212552;0.00114295212552
0;5;14;0;0.000173039516085;0.000124489451991
0;5;15;0;0.00047140676179;0.00039648116217
0;5;16;0;0.00126329180785;0.00126329180785
0;5;17;0;0.000441376672825;0.000441376672825
0;6;0;0;0.000122937286505;1.88679805433e-05
0;6;1;0;4.31227454101e-05;2.08164674405e-05
0;6;2;0;5.55912265554e-05;5.43830246897e-05
0;6;3;0;0.000132921239128;0.000132678687805
0;6;4;0;0.000219815919991;5.07595068484e-05
0;6;5;0;8.15073799458e-05;8.15073799458e-05
0;6;6;0;0.000239843051531;0.000239839282585
0;6;7;0;0.00059720693389;0.000190032806131
0;6;8;0;0.000279430125374;0.000108944295789
0;6;9;0;0.000528108444996;0.000528108444996
0;6;10;0;0.000566356873605;0.000390222412534
0;6;11;0;0.000620312872343;0.000441314419731
0;6;12;0;0.000731145555619;0.000179435039172
0;6;13;0;0.0010440441547;0.000243986345595
0;6;14;0;0.000459787959699;0.000114268223115
0;6;15;0;0.00109554757364;0.000983764301054
0;6;16;0;0.00127201457508;0.000352472794475
0;6;17;0;0.00158200331498;0.000455718836747
0;7;0;0;3.54967573912e-06;2.0149213924e-06
0;7;1;0;2.71499357041e-06;2.45421188083e-06
0;7;2;0;4.57227633888e-06;4.55775216324e-06
0;7;3;0;5.85329189562e-06;5.27057636646e-06
0;7;4;0;4.46253625341e-06;2.31452668231e-06
0;7;5;0;7.24483425074e-06;7.19977015251e-06
0;7;6;0;8.80421225702e-07;8.41810503971e-07
0;7;7;0;4.35748916061e-06;3.13356008519e-06
0;7;8;0;4.73925138067e-06;1.56648184202e-06
0;7;9;0;2.63891502073e-06;8.99451379155e-07
0;7;10;0;6.2900676312e-06;1.05536821593e-06
0;7;11;0;8.56797669258e-06;7.57920406613e-06
0;7;12;0;2.01009388547e-05;2.01009388547e-05
0;7;13;0;5.31172954652e-05;4.88080440846e-05
0;7;14;0;3.82528596674e-05;3.77001538254e-06
0;7;15;0;1.74791148311e-05;1.74788347067e-05
0;7;16;0;2.28142089327e-05;2.16810749407e-05
0;7;17;0;0.00011092339264;0.000110800654511
0;8;0;0;1.65238168393e-06;1.33109620037e-06
0;8;1;0;1.65271998753e-07;1.65029391042e-07
0;8;2;0;6.60381033413e-07;6.4112958853e-07
0;8;3;0;9.13375856726e-07;8.69921393587e-07
0;8;4;0;2.19091680265e-06;1.59938110755e-06
0;8;5;0;1.63856452673e-06;1.45013598285e-06
0;8;6;0;7.06405614892e-07;7.06337516476e-07
0;8;7;0;7.81655216997e-07;7.67790879763e-07
0;8;8;0;3.03915794575e-06;1.82194742138e-06
0;8;9;0;1.40478209687e-06;9.96286530608e-07
0;8;10;0;2.10452094507e-06;1.61877414939e-06
0;8;11;0;2.02561409424e-06;1.47407934037e-06
0;8;12;0;1.95736447495e-06;1.95736447495e-06
0;8;13;0;5.36766947334e-06;5.01613885717e-06
0;8;14;0;3.49729475602e-06;1.9350529783e-06
0;8;15;0;2.42862574851e-06;1.78045024768e-06
0;8;16;0;2.327604534e-06;1.88011051705e-06
0;8;17;0;4.36251457359e-06;3.39459052157e-06
0;9;0;0;6.8659636554e-07;6.47596550607e-07
0;9;1;0;9.24775235944e-07;8.77862248672e-07
0;9;2;0;1.22058750662e-07;1.18922812931e-07
0;9;3;0;6.30383993894e-08;6.13342479028e-08
0;9;4;0;9.8386863101e-07;9.67822643361e-07
0;9;5;0;6.09463484125e-07;6.08364132404e-07
0;9;6;0;5.32840772394e-07;5.28429950464e-07
0;9;7;0;2.9423793535e-07;2.92593000495e-07
0;9;8;0;1.31991032504e-06;1.19795436149e-06
0;9;9;0;5.98079452629e-07;5.78924357342e-07
0;9;10;0;2.57338513165e-07;2.57338513165e-07
0;9;11;0;2.24449451025e-07;2.23933142252e-07
0;9;12;0;1.35579767857e-07;1.21008554288e-07
0;9;13;0;3.99116913741e-07;3.85467529895e-07
0;9;14;0;1.56472424351e-06;1.2706416328e-06
0;9;15;0;8.58535145198e-07;8.0527757973e-07
0;9;16;0;2.72141079449e-07;2.66500137514e-07
0;9;17;0;5.10395125275e-07;4.85264934014e-07
1;0;0;0;1.67145117302e-05;1.61128282343e-05
1;0;1;0;2.13957664528e-05;2.13957664528e-05
1;0;2;0;1.2492823771e-05;1.2492823771e-05
1;0;3;0;1.25898386614e-05;1.25898386614e-05
1;0;4;0;1.60398922162e-05;1.60398922162e-05
1;0;5;0;1.25736269183e-05;1.25736269183e-05
1;0;6;0;1.52610791702e-05;1.52610791702e-05
1;0;7;0;1.17953341032e-05;1.17953341032e-05
1;0;8;0;5.2488444453e-06;2.01006628231e-06
1;0;9;0;1.33649400595e-05;1.33649400595e-05
1;0;10;0;3.97088342652e-06;3.97088342652e-06
1;0;11;0;3.68543146578e-06;3.68543146578e-06
1;0;12;0;1.02976819107e-05;1.02976819107e-05
1;0;13;0;1.09722968773e-05;1.09722968773e-05
1;0;14;0;1.0480191122e-05;1.0480191122e-05
1;0;15;0;6.49356798021e-06;6.49356798021e-06
1;0;16;0;3.2980603919e-06;3.2980603919e-06
1;0;17;0;1.27992620946e-07;1.27992620946e-07
1;1;0;0;2.58424770436e-05;2.58424770436e-05
1;1;1;0;4.11737892136e-05;4.11737892136e-05
1;1;2;0;2.42957394221e-05;2.42957394221e-05
1;1;3;0;2.44906786975e-05;2.44906786975e-05
1;1;4;0;2.9900465961e-05;2.9900465961e-05
1;1;5;0;2.96256166621e-05;2.96256166621e-05
1;1;6;0;2.86954800686e-05;2.86954800686e-05
1;1;7;0;2.3901786335e-05;2.3901786335e-05
1;1;8;0;1.60204799613e-05;1.54554363689e-05
1;1;9;0;3.01772088278e-05;3.01772088278e-05
1;1;10;0;1.80588995136e-05;1.80588995136e-05
1;1;11;0;1.65623478097e-05;1.65623478097e-05
1;1;12;0;2.23457482207e-05;2.23457482207e-05
1;1;13;0;1.0451351045e-05;1.0451351045e-05
1;1;14;0;1.6812060494e-05;1.62497944984e-05
1;1;15;0;1.92004663404e-05;1.92004663404e-05
1;1;16;0;2.01999591809e-05;2.01999591809e-05
1;1;17;0;1.33282583192e-05;1.33282583192e-05
1;2;0;0;8.37963380036e-05;7.08128791302e-05
1;2;1;0;0.000279868749203;6.53061797493e-05
1;2;2;0;0.000255850114627;3.68295077351e-05
1;2;3;0;0.000184984979569;4.6125092922e-05
1;2;4;0;5.01466383867e-05;5.01466383867e-05
1;2;5;0;7.17999137123e-05;7.17999137123e-05
1;2;6;0;4.84493866679e-05;4.84493866679e-05
1;2;7;0;5.40730907233e-05;5.40730907233e-05
1;2;8;0;2.92550594168e-05;2.56802741205e-05
1;2;9;0;7.07050785422e-05;7.07050785422e-05
1;2;10;0;3.1977884646e-05;3.14932149195e-05
1;2;11;0;3.06006404571e-05;3.06006404571e-05
1;2;12;0;5.17116313858e-05;5.17116313858e-05
1;2;13;0;2.68585536105e-05;2.68585536105e-05
1;2;14;0;2.47735297307e-05;2.45699902734e-05
1;2;15;0;4.43028766313e-05;4.43028766313e-05
1;2;16;0;3.41261111316e-05;3.41261111316e-05
1;2;17;0;2.41049474425e-05;2.41049474425e-05
1;3;0;0;0.0100445505232;0.00150415266398
1;3;1;0;0.0804005935788;0.00974639318883
1;3;2;0;0.00212716218084;0.00106317945756
1;3;3;0;0.00170241505839;0.000684838276356
1;3;4;0;0.000805814343039;0.000478667381685
1;3;5;0;0.000961367273703;0.000208983867196
1;3;6;0;0.000906643865164;0.000396796560381
1;3;7;0;0.00109164591413;0.00088415411301
1;3;8;0;0.000486237637233;0.000166639336385
1;3;9;0;0.000530467019416;0.000363885163097
1;3;10;0;0.000607335823588;0.000219138761167
1;3;11;0;0.00056385260541;1.31480665004e-05
1;3;12;0;0.000672674155794;0.0002297142928
1;3;13;0;0.000419984018663;5.37017949682e-05
1;3;14;0;0.000261315406533;6.48178320262e-05
1;3;15;0;0.000474736531032;0.0001458163606
1;3;16;0;0.000414465233916;0.000139564726851
1;3;17;0;0.000292643904686;4.65550401714e-05
1;4;0;0;0.000884030072484;0.000884030072484
1;4;1;0;0.00116985558998;0.00116985558998
1;4;2;0;0.000625461572781;0.000625461572781
1;4;3;0;0.000557482941076;0.000466303899884
1;4;4;0;0.000517477630638;0.000517477630638
1;4;5;0;0.000764146097936;0.000764146097936
1;4;6;0;0.00066919362871;0.00066919362871
1;4;7;0;0.000939833407756;0.000939833407756
1;4;8;0;0.000268904143013;0.000234654566157
1;4;9;0;0.000910763279535;0.000910763279535
1;4;10;0;0.000613301876001;0.000613301876001
1;4;11;0;0.00063168554334;0.00063168554334
1;4;12;0;0.000518055283464;0.000518055283464
1;4;13;0;0.000530904566403;0.000530904566403
1;4;14;0;0.00306684244424;0.000548792770132
1;4;15;0;0.00242890464142;0.0010696167592
1;4;16;0;0.00108352687676;0.0010587607976
1;4;17;0;0.0015688467538;0.000524397939444
1;5;0;0;0.0138810537755;0.00258334097452
1;5;1;0;0.0129841323942;0.00713942479342
1;5;2;0;0.0110313901678;0.0041719651781
1;5;3;0;0.00311738159508;0.000584598397836
1;5;4;0;0.0218497514725;0.0038142639678
1;5;5;0;0.0226248241961;0.00546352099627
1;5;6;0;0.0243717841804;0.00704374583438
1;5;7;0;0.00426294468343;0.0010639684042
1;5;8;0;0.0587452836335;0.0064673605375
1;5;9;1;0.3;0.3
1;5;10;0;0.0247773658484;0.0147674148902
1;5;11;0;0.0219636727124;0.00926657393575
1;5;12;0;0.00412000250071;0.00405360525474
1;5;13;0;0.00195235048886;0.00195235048886
1;5;14;0;0.000430698739365;0.000305792869767
1;5;15;0;0.00108806241769;0.000899499864317
1;5;16;0;0.00127131387126;0.00127131387126
1;5;17;0;0.000752111605834;0.000752111605834
1;6;0;0;0.000149286628584;5.66161361348e-05
1;6;1;0;7.62680501794e-05;4.37449270976e-05
1;6;2;0;6.33696909063e-05;3.37375167874e-05
1;6;3;0;0.000261375214905;0.000261370703811
1;6;4;0;0.000371880421881;2.98722807202e-05
1;6;5;0;0.000159415154485;0.000132783025037
1;6;6;0;0.000254170590779;0.000197464614757
1;6;7;0;0.000650647387374;0.000188652076758
1;6;8;0;0.000324667897075;0.000270750955679
1;6;9;0;0.000569885945879;0.000568116840441
1;6;10;0;0.000565335329156;0.000554360856768
1;6;11;0;0.000658357457723;0.000658357457723
1;6;12;0;0.00101502670441;0.000226747230045
1;6;13;0;0.00143738358747;0.000458694470581
1;6;14;0;0.00350349862128;0.00149833504111
1;6;15;0;0.0016779336147;0.00136028870475
1;6;16;0;0.00194769445807;0.00113867083564
1;6;17;0;0.00212739175186;0.000877806334756
1;7;0;0;6.23224877927e-06;5.92611922912e-06
1;7;1;0;3.43949704984e-06;1.34075889946e-06
1;7;2;0;4.97043356518e-06;4.94355163028e-06
1;7;3;0;4.46252215625e-06;3.73589637093e-06
1;7;4;0;2.75986076304e-05;2.6800447813e-05
1;7;5;0;1.66786994669e-05;1.59985484061e-05
1;7;6;0;2.06879258258e-06;2.06875824915e-06
1;7;7;0;3.05423986902e-06;1.17137312827e-06
1;7;8;0;7.08594889147e-05;7.02700417605e-05
1;7;9;0;8.25722781883e-06;7.67226174503e-06
1;7;10;0;5.01082558912e-06;5.00944361193e-06
1;7;11;0;5.74831983613e-06;2.52816084867e-06
1;7;12;0;2.14545543713e-05;2.14545543713e-05
1;7;13;0;6.04420565651e-05;4.99643392686e-05
1;7;14;0;5.19366803928e-05;5.11884936714e-05
1;7;15;0;2.17540909944e-05;1.87539881153e-05
1;7;16;0;1.92362222151e-05;1.92361876543e-05
1;7;17;0;0.000194425854716;0.000194419699255
1;8;0;0;6.72434111948e-07;6.67557628731e-07
1;8;1;0;2.33133590655e-07;2.32618305063e-07
1;8;2;0;2.946348161e-07;2.91697034527e-07
1;8;3;0;9.72208056282e-08;9.09486530531e-08
1;8;4;0;5.3857875173e-06;5.37792220712e-06
1;8;5;0;2.52050426752e-06;2.50334528573e-06
1;8;6;0;1.61639633234e-07;1.6163242833e-07
1;8;7;0;6.28282990078e-08;5.46066303286e-08
1;8;8;0;7.07628214514e-06;6.71779480399e-06
1;8;9;0;1.57846000093e-06;1.57826821123e-06
1;8;10;0;5.87847750921e-07;5.87597298818e-07
1;8;11;0;6.33139222828e-07;6.22018660579e-07
1;8;12;0;1.12834936772e-06;1.12834936772e-06
1;8;13;0;2.70384362011e-06;2.30766295317e-06
1;8;14;0;5.30716761205e-06;4.75271190226e-06
1;8;15;0;1.05081346646e-06;1.04126127098e-06
1;8;16;0;7.83070220223e-07;6.61246190248e-07
1;8;17;0;3.81674044547e-06;3.00337751469e-06
1;9;0;0;9.21250631336e-08;7.76514141876e-08
1;9;1;0;9.30476687699e-07;9.28550662138e-07
1;9;2;0;8.22305779025e-08;8.08194613455e-08
1;9;3;0;6.31679384355e-08;5.92012163736e-08
1;9;4;0;1.87034572718e-07;1.8623336473e-07
1;9;5;0;2.96483534612e-07;2.96154041735e-07
1;9;6;0;1.26371322295e-08;1.23835501853e-08
1;9;7;0;2.91491460302e-07;2.89116314889e-07
1;9;8;0;4.77007063182e-07;4.76739103306e-07
1;9;9;0;3.18791819609e-07;3.18791819609e-07
1;9;10;0;1.30709395307e-07;1.28078028183e-07
1;9;11;0;1.46666096157e-07;1.46500241271e-07
1;9;12;0;6.94900279541e-08;6.91647272788e-08
1;9;13;0;1.10924140984e-07;1.09331907083e-07
1;9;14;0;5.48850493942e-07;5.21660865616e-07
1;9;15;0;2.42142220941e-07;2.32730414496e-07
1;9;16;0;1.50343112182e-07;1.50265407228e-07
1;9;17;0;1.64322315754e-07;1.62930248848e-07
2;0;0;0;1.36824519359e-05;1.36824519359e-05
2;0;1;0;1.24044709082e-05;1.24044709082e-05
2;0;2;0;9.45058764046e-06;9.45058764046e-06
2;0;3;0;7.83407540439e-06;7.62278432376e-06
2;0;4;0;1.18918669614e-05;1.18918669614e-05
2;0;5;0;8.36775325297e-06;8.36775325297e-06
2;0;6;0;1.03512566056e-05;1.03512566056e-05
2;0;7;0;6.7119904088e-06;6.7119904088e-06
2;0;8;0;4.24876407124e-06;3.9226165427e-06
2;0;9;0;9.00987015484e-06;9.00987015484e-06
2;0;10;0;2.58539466813e-06;2.58539466813e-06
2;0;11;0;2.51491337622e-06;2.51491337622e-06
2;0;12;0;5.95205665377e-06;5.86941041547e-06
2;0;13;0;3.3801563859e-06;3.30262082571e-06
2;0;14;0;1.15422970737e-07;8.73387691058e-08
2;0;15;0;4.1318262447e-06;4.1318262447e-06
2;0;16;0;2.58407567344e-06;2.58407567344e-06
2;0;17;0;1.09607789511e-07;7.96394061808e-08
2;1;0;0;2.04732768907e-05;2.04732768907e-05
2;1;1;0;2.21131649596e-05;2.21131649596e-05
2;1;2;0;1.32354571178e-05;1.2492062524e-05
2;1;3;0;1.41609370985e-05;1.29076888697e-05
2;1;4;0;1.98982852453e-05;1.98982852453e-05
2;1;5;0;1.69381073647e-05;1.69381073647e-05
2;1;6;0;2.2345860998e-05;2.2345860998e-05
2;1;7;0;1.32711211336e-05;1.23618001453e-05
2;1;8;0;1.32805125759e-05;1.32805125759e-05
2;1;9;0;2.65247854259e-05;2.65247854259e-05
2;1;10;0;1.12127545435e-05;1.0855790606e-05
2;1;11;0;9.56364692684e-06;8.484819773e-06
2;1;12;0;1.24053894979e-05;1.1659156371e-05
2;1;13;0;9.62208105193e-06;9.16799945117e-06
2;1;14;0;1.37908646138e-05;1.37908646138e-05
2;1;15;0;1.21187567856e-05;1.21187567856e-05
2;1;16;0;1.31322731249e-05;1.31322731249e-05
2;1;17;0;9.11319239094e-06;8.84715882421e-06
2;2;0;0;8.61850785441e-05;4.86851204187e-05
2;2;1;0;0.000195217944565;5.59759246244e-05
2;2;2;0;0.000157300266437;1.3923356164e-05
2;2;3;0;0.00010885833035;1.67455309565e-05
2;2;4;0;3.96627365262e-05;3.96627365262e-05
2;2;5;0;5.62318127777e-05;5.62318127777e-05
2;2;6;0;3.16726618621e-05;2.03147046705e-05
2;2;7;0;4.5138393034e-05;1.60402560141e-05
2;2;8;0;2.43443610088e-05;2.43443610088e-05
2;2;9;0;4.22843986598e-05;4.22843986598e-05
2;2;10;0;2.47349544225e-05;1.52379070641e-05
2;2;11;0;1.5401519704e-05;9.74672002485e-06
2;2;12;0;4.01555189455e-05;1.56707028509e-05
2;2;13;0;1.58550392371e-05;1.40944712257e-05
2;2;14;0;1.95547418116e-05;1.95547418116e-05
2;2;15;0;2.35984807659e-05;2.35984807659e-05
2;2;16;0;2.14246520045e-05;2.14246520045e-05
2;2;17;0;1.52893790073e-05;1.39176345328e-05
2;3;0;0;0.00278504518792;0.000628742214758
2;3;1;0;0.00208863266744;0.000959475873969
2;3;2;0;0.0030409405008;0.000563625828363
2;3;3;0;0.000431512162322;1.71884385054e-05
2;3;4;0;0.000747100566514;0.000110286717245
2;3;5;0;0.00106641568709;0.000198991052457
2;3;6;0;0.00103936658707;0.000446144287707
2;3;7;0;0.000386410392821;1.80950555659e-05
2;3;8;0;0.000527479161974;3.37455458066e-05
2;3;9;0;0.000443472352345;0.000223854323849
2;3;10;0;0.000432377943071;2.00545291591e-05
2;3;11;0;0.000338570214808;1.87139212358e-05
2;3;12;0;0.000335869059199;1.76131507033e-05
2;3;13;0;0.000227441923926;1.74580636667e-05
2;3;14;0;0.000232036938542;3.80620949727e-05
2;3;15;0;0.000392605696106;9.05652996153e-05
2;3;16;0;0.000254528305959;7.90221965872e-05
2;3;17;0;0.000166501384228;1.75604509423e-05
2;4;0;0;0.000630242167972;0.000630242167972
2;4;1;0;0.00074289314216;0.00074289314216
2;4;2;0;0.000130993677885;0.000130993677885
2;4;3;0;2.60866163444e-05;1.89120783034e-05
2;4;4;0;0.000421303004259;0.000421041651862
2;4;5;0;0.000407003826695;0.000407003826695
2;4;6;0;5.58380961593e-05;3.96576942876e-05
2;4;7;0;3.20241888403e-05;1.8704096874e-05
2;4;8;0;0.000501645728946;0.000501645728946
2;4;9;0;0.000441843556473;0.000441843556473
2;4;10;0;5.59257823625e-05;5.59257823625e-05
2;4;11;0;7.67466262914e-05;7.67466262914e-05
2;4;12;0;9.18614678085e-05;1.8444550733e-05
2;4;13;0;0.000215945590753;1.52531474669e-05
2;4;14;0;0.0287654716522;0.0057235294953
2;4;15;0;0.0318057015538;0.00860522780567
2;4;16;0;0.032336410135;0.00623968383297
2;4;17;0;0.000372653652448;1.58438469953e-05
2;5;0;0;0.0136466911063;0.00352185033262
2;5;1;0;0.0166404489428;0.00412499764934
2;5;2;0;0.0118198674172;0.00299338949844
2;5;3;0;0.000630661554169;7.77464356361e-06
2;5;4;0;0.0344201177359;0.00429402617738
2;5;5;0;0.0469245687127;0.00401901407167
2;5;6;0;0.0511133745313;0.00125593878329
2;5;7;0;0.000720938609447;7.84004532761e-06
2;5;8;0;0.0478249043226;0.00798481982201
2;5;9;0;0.138317003846;0.00656965002418
2;5;10;0;0.0610953755677;0.00367302726954
2;5;11;0;0.0425414703786;0.00205460214056
2;5;12;0;0.000692428497132;8.31384113553e-06
2;5;13;0;0.000197956236661;1.07159958134e-05
2;5;14;0;0.000602295098361;0.000602295098361
2;5;15;0;0.00104967446532;0.00104967446532
2;5;16;0;0.000348928762833;0.000334133364959
2;5;17;0;7.8570752521e-05;1.8956952772e-05
2;6;0;0;0.000135307564051;6.23656233074e-05
2;6;1;0;5.13997547387e-05;3.35295771947e-05
2;6;2;0;5.13972190674e-05;4.58268696093e-05
2;6;3;0;8.11932331999e-05;1.27670602978e-06
2;6;4;0;0.000655898882542;3.1285064324e-05
2;6;5;0;0.000193177518668;9.6480929642e-05
2;6;6;0;0.000158457973157;0.000156002570293
2;6;7;0;0.000169930470292;1.31868875997e-06
2;6;8;0;0.000495506916195;0.000446033460321
2;6;9;0;0.00127621181309;0.00125751690939
2;6;10;0;0.000334203534294;0.000334203534294
2;6;11;0;0.00035461425432;0.0002171357919
2;6;12;0;0.000231803394854;2.13025964513e-06
2;6;13;0;0.000351862719981;3.98418706027e-06
2;6;14;0;0.00536634307355;0.0014667136129
2;6;15;0;0.00368283968419;0.00368283968419
2;6;16;0;0.00397719163448;0.00291623058729
2;6;17;0;0.000503910297994;7.2925195127e-06
2;7;0;0;3.90215109292e-06;2.86355543722e-06
2;7;1;0;4.01338229494e-06;2.34351477957e-06
2;7;2;0;9.06435070647e-06;7.36982610761e-06
2;7;3;0;7.42478050597e-06;2.58251679952e-06
2;7;4;0;2.88349201583e-05;2.7410011171e-05
2;7;5;0;1.70496750798e-05;1.67194393725e-05
2;7;6;0;4.073969194e-06;2.10899679587e-06
2;7;7;0;7.94406969362e-06;2.45519026976e-06
2;7;8;0;7.05279308022e-05;6.90347951604e-05
2;7;9;0;4.31579883298e-06;4.31398530054e-06
2;7;10;0;9.47705757426e-06;1.04453488348e-06
2;7;11;0;1.40363517858e-05;1.08692020149e-05
2;7;12;0;7.76744036557e-06;1.92420861822e-06
2;7;13;0;1.78645568667e-05;1.18412469874e-06
2;7;14;0;6.80226876284e-05;6.56433112454e-05
2;7;15;0;4.32191591244e-05;4.21092081524e-05
2;7;16;0;1.67640737345e-05;1.67635298567e-05
2;7;17;0;4.33721470472e-05;5.31613409294e-07
2;8;0;0;2.37911535805e-07;2.3679166361e-07
2;8;1;0;3.19242445812e-07;3.19222266398e-07
2;8;2;0;4.44972511104e-06;3.24839038512e-06
2;8;3;0;4.35773699792e-06;2.31555486607e-06
2;8;4;0;3.06276569972e-06;3.01233467326e-06
2;8;5;0;1.25568851672e-06;1.25568851672e-06
2;8;6;0;9.00041811747e-07;8.3495325498e-07
2;8;7;0;4.16757711719e-06;2.28026647164e-06
2;8;8;0;3.95080769522e-06;3.38012250722e-06
2;8;9;0;9.39331073369e-07;9.39304072745e-07
2;8;10;0;4.8397187129e-06;2.77143703897e-06
2;8;11;0;5.74853766011e-06;3.7829017856e-06
2;8;12;0;5.11647976964e-06;2.38909569816e-06
2;8;13;0;6.69199198455e-06;2.54388169196e-06
2;8;14;0;3.19046034747e-06;2.34787012232e-06
2;8;15;0;3.6782873849e-06;3.47473178408e-06
2;8;16;0;4.2838223635e-06;1.95592838281e-06
2;8;17;0;6.93748006597e-06;2.5590804853e-06
2;9;0;0;2.1329402955e-07;2.04080478738e-07
2;9;1;0;1.78089840119e-06;1.61367279361e-06
2;9;2;0;2.0126342406e-06;1.82573239726e-06
2;9;3;0;2.80215272142e-06;1.87538876162e-06
2;9;4;0;1.13534653678e-07;1.13534653678e-07
2;9;5;0;2.99800234416e-07;2.99773432744e-07
2;9;6;0;7.23300445316e-07;7.23290952465e-07
2;9;7;0;3.09587858283e-06;2.26182419283e-06
2;9;8;0;1.5026027711e-07;1.45655633332e-07
2;9;9;0;2.99381269997e-07;2.96868989835e-07
2;9;10;0;3.08036578645e-06;2.62918888438e-06
2;9;11;0;3.514806167e-06;3.09724873659e-06
2;9;12;0;3.21507855006e-06;2.16917374019e-06
2;9;13;0;3.87580212191e-06;2.32869433603e-06
2;9;14;0;1.76593573542e-07;1.68582133142e-07
2;9;15;0;5.66050857742e-07;5.09443793817e-07
2;9;16;0;2.8872045732e-06;2.53000303019e-06
2;9;17;0;3.95396773456e-06;2.32346201301e-06
